epoch,test_acc,test_acc_channel_music,test_acc_channel_noise,test_acc_channel_telephone,test_acc_gender_female,test_acc_gender_male,test_acc_language_maninka,test_acc_language_pular,test_acc_language_susu,test_acc_speaker_count_multiple,test_acc_speaker_count_single,test_acc_utterance_multilingual,test_acc_utterance_verbal_nod,test_loss,test_n,test_n_channel_music,test_n_channel_noise,test_n_channel_telephone,test_n_gender_female,test_n_gender_male,test_n_language_maninka,test_n_language_pular,test_n_language_susu,test_n_speaker_count_multiple,test_n_speaker_count_single,test_n_utterance_multilingual,test_n_utterance_verbal_nod,train_acc,train_acc_channel_music,train_acc_channel_noise,train_acc_channel_telephone,train_acc_gender_female,train_acc_gender_male,train_acc_language_maninka,train_acc_language_pular,train_acc_language_susu,train_acc_speaker_count_multiple,train_acc_speaker_count_single,train_acc_utterance_multilingual,train_acc_utterance_verbal_nod,train_loss,train_n,train_n_channel_music,train_n_channel_noise,train_n_channel_telephone,train_n_gender_female,train_n_gender_male,train_n_language_maninka,train_n_language_pular,train_n_language_susu,train_n_speaker_count_multiple,train_n_speaker_count_single,train_n_utterance_multilingual,train_n_utterance_verbal_nod
1,0.3333333333333333,0.4166666666666667,0.25,0.18181818181818182,0.5,0.3125,0.0,0.0,1.0,0.391304347826087,0.2,0.16666666666666666,0.2857142857142857,1.097022294998169,33,12,8,11,6,32,10,12,11,23,10,6,14,0.3333333333333333,0.4166666666666667,0.5384615384615384,0.4375,0.3333333333333333,0.3469387755102041,0.0,0.0,1.0,0.3142857142857143,0.4,0.26666666666666666,0.2647058823529412,1.1098690032958984,51,12,13,16,9,49,18,16,17,35,15,15,34
2,0.3333333333333333,0.4166666666666667,0.25,0.18181818181818182,0.5,0.3125,0.0,0.0,1.0,0.391304347826087,0.2,0.16666666666666666,0.2857142857142857,1.0970168113708496,33,12,8,11,6,32,10,12,11,23,10,6,14,0.3333333333333333,0.4166666666666667,0.5384615384615384,0.4375,0.3333333333333333,0.3469387755102041,0.0,0.0,1.0,0.3142857142857143,0.4,0.26666666666666666,0.2647058823529412,1.106926679611206,51,12,13,16,9,49,18,16,17,35,15,15,34
3,0.3333333333333333,0.4166666666666667,0.25,0.18181818181818182,0.5,0.3125,0.0,0.0,1.0,0.391304347826087,0.2,0.16666666666666666,0.2857142857142857,1.0970042943954468,33,12,8,11,6,32,10,12,11,23,10,6,14,0.3333333333333333,0.4166666666666667,0.5384615384615384,0.4375,0.3333333333333333,0.3469387755102041,0.0,0.0,1.0,0.3142857142857143,0.4,0.26666666666666666,0.2647058823529412,1.1032639741897583,51,12,13,16,9,49,18,16,17,35,15,15,34
4,0.3333333333333333,0.4166666666666667,0.25,0.18181818181818182,0.5,0.3125,0.0,0.0,1.0,0.391304347826087,0.2,0.16666666666666666,0.2857142857142857,1.0969983339309692,33,12,8,11,6,32,10,12,11,23,10,6,14,0.3333333333333333,0.4166666666666667,0.5384615384615384,0.4375,0.3333333333333333,0.3469387755102041,0.0,0.0,1.0,0.3142857142857143,0.4,0.26666666666666666,0.2647058823529412,1.1058069467544556,51,12,13,16,9,49,18,16,17,35,15,15,34
5,0.3333333333333333,0.4166666666666667,0.25,0.18181818181818182,0.5,0.3125,0.0,0.0,1.0,0.391304347826087,0.2,0.16666666666666666,0.2857142857142857,1.096997857093811,33,12,8,11,6,32,10,12,11,23,10,6,14,0.3333333333333333,0.4166666666666667,0.5384615384615384,0.4375,0.3333333333333333,0.3469387755102041,0.0,0.0,1.0,0.3142857142857143,0.4,0.26666666666666666,0.2647058823529412,1.1044062376022339,51,12,13,16,9,49,18,16,17,35,15,15,34
6,0.3333333333333333,0.4166666666666667,0.25,0.18181818181818182,0.5,0.3125,0.0,0.0,1.0,0.391304347826087,0.2,0.16666666666666666,0.2857142857142857,1.0969964265823364,33,12,8,11,6,32,10,12,11,23,10,6,14,0.35294117647058826,0.4166666666666667,0.5384615384615384,0.4375,0.3333333333333333,0.3673469387755102,0.0,0.0625,1.0,0.3142857142857143,0.4666666666666667,0.26666666666666666,0.2647058823529412,1.104526400566101,51,12,13,16,9,49,18,16,17,35,15,15,34
7,0.3333333333333333,0.4166666666666667,0.25,0.18181818181818182,0.5,0.3125,0.0,0.0,1.0,0.391304347826087,0.2,0.16666666666666666,0.2857142857142857,1.096994161605835,33,12,8,11,6,32,10,12,11,23,10,6,14,0.3333333333333333,0.4166666666666667,0.5384615384615384,0.4375,0.3333333333333333,0.3469387755102041,0.0,0.0,1.0,0.3142857142857143,0.4,0.26666666666666666,0.2647058823529412,1.1046420335769653,51,12,13,16,9,49,18,16,17,35,15,15,34
8,0.3333333333333333,0.4166666666666667,0.25,0.18181818181818182,0.5,0.3125,0.0,0.0,1.0,0.391304347826087,0.2,0.16666666666666666,0.2857142857142857,1.0969890356063843,33,12,8,11,6,32,10,12,11,23,10,6,14,0.37254901960784315,0.3333333333333333,0.46153846153846156,0.4375,0.3333333333333333,0.3673469387755102,0.0,0.1875,0.9411764705882353,0.3142857142857143,0.4666666666666667,0.4,0.3235294117647059,1.1023410558700562,51,12,13,16,9,49,18,16,17,35,15,15,34
9,0.3333333333333333,0.4166666666666667,0.25,0.18181818181818182,0.5,0.3125,0.0,0.0,1.0,0.391304347826087,0.2,0.16666666666666666,0.2857142857142857,1.0969804525375366,33,12,8,11,6,32,10,12,11,23,10,6,14,0.35294117647058826,0.3333333333333333,0.46153846153846156,0.3125,0.3333333333333333,0.3469387755102041,0.0,0.5625,0.5294117647058824,0.37142857142857144,0.3333333333333333,0.4,0.38235294117647056,1.1003379821777344,51,12,13,16,9,49,18,16,17,35,15,15,34
10,0.3333333333333333,0.4166666666666667,0.25,0.18181818181818182,0.5,0.3125,0.0,0.0,1.0,0.391304347826087,0.2,0.16666666666666666,0.2857142857142857,1.0969629287719727,33,12,8,11,6,32,10,12,11,23,10,6,14,0.3137254901960784,0.25,0.46153846153846156,0.25,0.3333333333333333,0.30612244897959184,0.0,0.75,0.23529411764705882,0.34285714285714286,0.26666666666666666,0.4666666666666667,0.35294117647058826,1.104923963546753,51,12,13,16,9,49,18,16,17,35,15,15,34
11,0.30303030303030304,0.4166666666666667,0.25,0.09090909090909091,0.5,0.28125,0.0,0.0,0.9090909090909091,0.34782608695652173,0.2,0.16666666666666666,0.21428571428571427,1.0969470739364624,33,12,8,11,6,32,10,12,11,23,10,6,14,0.4117647058823529,0.16666666666666666,0.5384615384615384,0.3125,0.1111111111111111,0.40816326530612246,0.0,0.9375,0.35294117647058826,0.4,0.4,0.4666666666666667,0.4411764705882353,1.0994960069656372,51,12,13,16,9,49,18,16,17,35,15,15,34
12,0.3333333333333333,0.4166666666666667,0.25,0.0,0.6666666666666666,0.3125,0.0,0.16666666666666666,0.8181818181818182,0.34782608695652173,0.3,0.3333333333333333,0.21428571428571427,1.0969270467758179,33,12,8,11,6,32,10,12,11,23,10,6,14,0.35294117647058826,0.0,0.38461538461538464,0.3125,0.0,0.3469387755102041,0.0,0.9375,0.17647058823529413,0.3142857142857143,0.4,0.4666666666666667,0.4411764705882353,1.0978710651397705,51,12,13,16,9,49,18,16,17,35,15,15,34
13,0.48484848484848486,0.5,0.375,0.18181818181818182,0.6666666666666666,0.46875,0.0,0.5833333333333334,0.8181818181818182,0.4782608695652174,0.5,0.5,0.42857142857142855,1.0969011783599854,33,12,8,11,6,32,10,12,11,23,10,6,14,0.29411764705882354,0.08333333333333333,0.23076923076923078,0.1875,0.1111111111111111,0.2653061224489796,0.0,0.9375,0.0,0.2857142857142857,0.26666666666666666,0.4,0.38235294117647056,1.1004493236541748,51,12,13,16,9,49,18,16,17,35,15,15,34
14,0.48484848484848486,0.5,0.375,0.2727272727272727,0.6666666666666666,0.46875,0.0,0.75,0.6363636363636364,0.4782608695652174,0.5,0.3333333333333333,0.35714285714285715,1.096879005432129,33,12,8,11,6,32,10,12,11,23,10,6,14,0.3137254901960784,0.08333333333333333,0.3076923076923077,0.1875,0.1111111111111111,0.2857142857142857,0.0,1.0,0.0,0.2857142857142857,0.3333333333333333,0.4,0.38235294117647056,1.1024250984191895,51,12,13,16,9,49,18,16,17,35,15,15,34
15,0.45454545454545453,0.5,0.375,0.2727272727272727,0.5,0.46875,0.0,0.75,0.5454545454545454,0.43478260869565216,0.5,0.3333333333333333,0.35714285714285715,1.096855640411377,33,12,8,11,6,32,10,12,11,23,10,6,14,0.3137254901960784,0.08333333333333333,0.3076923076923077,0.1875,0.1111111111111111,0.2857142857142857,0.0,1.0,0.0,0.2857142857142857,0.3333333333333333,0.4,0.38235294117647056,1.0973738431930542,51,12,13,16,9,49,18,16,17,35,15,15,34
16,0.48484848484848486,0.5,0.5,0.36363636363636365,0.5,0.5,0.0,0.8333333333333334,0.5454545454545454,0.4782608695652174,0.5,0.3333333333333333,0.42857142857142855,1.0968340635299683,33,12,8,11,6,32,10,12,11,23,10,6,14,0.3137254901960784,0.08333333333333333,0.3076923076923077,0.1875,0.1111111111111111,0.2857142857142857,0.0,1.0,0.0,0.2857142857142857,0.3333333333333333,0.4,0.38235294117647056,1.0980645418167114,51,12,13,16,9,49,18,16,17,35,15,15,34
17,0.5151515151515151,0.5,0.5,0.36363636363636365,0.5,0.53125,0.0,0.9166666666666666,0.5454545454545454,0.4782608695652174,0.6,0.5,0.42857142857142855,1.096812129020691,33,12,8,11,6,32,10,12,11,23,10,6,14,0.35294117647058826,0.25,0.38461538461538464,0.1875,0.2222222222222222,0.32653061224489793,0.05555555555555555,1.0,0.058823529411764705,0.3142857142857143,0.4,0.4,0.4117647058823529,1.0921648740768433,51,12,13,16,9,49,18,16,17,35,15,15,34
18,0.5151515151515151,0.5,0.5,0.36363636363636365,0.5,0.53125,0.0,0.9166666666666666,0.5454545454545454,0.4782608695652174,0.6,0.5,0.42857142857142855,1.0967901945114136,33,12,8,11,6,32,10,12,11,23,10,6,14,0.29411764705882354,0.0,0.3076923076923077,0.1875,0.0,0.2857142857142857,0.0,0.9375,0.0,0.2571428571428571,0.3333333333333333,0.4,0.35294117647058826,1.0959244966506958,51,12,13,16,9,49,18,16,17,35,15,15,34
19,0.5151515151515151,0.5,0.5,0.36363636363636365,0.5,0.53125,0.0,0.9166666666666666,0.5454545454545454,0.4782608695652174,0.6,0.5,0.42857142857142855,1.0967668294906616,33,12,8,11,6,32,10,12,11,23,10,6,14,0.3333333333333333,0.08333333333333333,0.3076923076923077,0.1875,0.1111111111111111,0.30612244897959184,0.05555555555555555,1.0,0.0,0.3142857142857143,0.3333333333333333,0.4,0.4117647058823529,1.0977424383163452,51,12,13,16,9,49,18,16,17,35,15,15,34
20,0.48484848484848486,0.4166666666666667,0.5,0.36363636363636365,0.5,0.5,0.0,0.9166666666666666,0.45454545454545453,0.43478260869565216,0.6,0.5,0.42857142857142855,1.0967410802841187,33,12,8,11,6,32,10,12,11,23,10,6,14,0.29411764705882354,0.16666666666666666,0.3076923076923077,0.125,0.1111111111111111,0.2857142857142857,0.0,0.875,0.058823529411764705,0.2857142857142857,0.3333333333333333,0.3333333333333333,0.35294117647058826,1.0964213609695435,51,12,13,16,9,49,18,16,17,35,15,15,34
21,0.48484848484848486,0.4166666666666667,0.5,0.36363636363636365,0.5,0.5,0.0,0.9166666666666666,0.45454545454545453,0.43478260869565216,0.6,0.5,0.42857142857142855,1.0967105627059937,33,12,8,11,6,32,10,12,11,23,10,6,14,0.37254901960784315,0.25,0.38461538461538464,0.3125,0.2222222222222222,0.3469387755102041,0.1111111111111111,1.0,0.058823529411764705,0.34285714285714286,0.4,0.4,0.47058823529411764,1.0929181575775146,51,12,13,16,9,49,18,16,17,35,15,15,34
22,0.45454545454545453,0.4166666666666667,0.5,0.36363636363636365,0.5,0.46875,0.0,0.9166666666666666,0.36363636363636365,0.43478260869565216,0.5,0.5,0.42857142857142855,1.0966757535934448,33,12,8,11,6,32,10,12,11,23,10,6,14,0.29411764705882354,0.16666666666666666,0.15384615384615385,0.25,0.2222222222222222,0.2653061224489796,0.16666666666666666,0.75,0.0,0.2857142857142857,0.26666666666666666,0.3333333333333333,0.38235294117647056,1.0939823389053345,51,12,13,16,9,49,18,16,17,35,15,15,34
23,0.45454545454545453,0.4166666666666667,0.5,0.36363636363636365,0.5,0.46875,0.0,0.9166666666666666,0.36363636363636365,0.43478260869565216,0.5,0.5,0.42857142857142855,1.0966404676437378,33,12,8,11,6,32,10,12,11,23,10,6,14,0.4117647058823529,0.3333333333333333,0.3076923076923077,0.1875,0.4444444444444444,0.40816326530612246,0.5,0.75,0.0,0.42857142857142855,0.4,0.4,0.47058823529411764,1.0924277305603027,51,12,13,16,9,49,18,16,17,35,15,15,34
24,0.45454545454545453,0.4166666666666667,0.5,0.36363636363636365,0.5,0.46875,0.0,0.9166666666666666,0.36363636363636365,0.43478260869565216,0.5,0.5,0.42857142857142855,1.0966055393218994,33,12,8,11,6,32,10,12,11,23,10,6,14,0.35294117647058826,0.3333333333333333,0.15384615384615385,0.25,0.6666666666666666,0.3469387755102041,0.5,0.5625,0.0,0.4,0.26666666666666666,0.4,0.4117647058823529,1.0925605297088623,51,12,13,16,9,49,18,16,17,35,15,15,34
25,0.45454545454545453,0.4166666666666667,0.5,0.36363636363636365,0.5,0.46875,0.0,0.9166666666666666,0.36363636363636365,0.43478260869565216,0.5,0.5,0.42857142857142855,1.0965697765350342,33,12,8,11,6,32,10,12,11,23,10,6,14,0.37254901960784315,0.4166666666666667,0.15384615384615385,0.1875,0.4444444444444444,0.3673469387755102,0.6666666666666666,0.4375,0.0,0.37142857142857144,0.4,0.3333333333333333,0.4117647058823529,1.092820167541504,51,12,13,16,9,49,18,16,17,35,15,15,34
26,0.42424242424242425,0.3333333333333333,0.375,0.36363636363636365,0.5,0.4375,0.0,0.9166666666666666,0.2727272727272727,0.391304347826087,0.5,0.5,0.42857142857142855,1.0965310335159302,33,12,8,11,6,32,10,12,11,23,10,6,14,0.27450980392156865,0.3333333333333333,0.23076923076923078,0.3125,0.4444444444444444,0.2857142857142857,0.6666666666666666,0.125,0.0,0.2571428571428571,0.3333333333333333,0.26666666666666666,0.23529411764705882,1.0955997705459595,51,12,13,16,9,49,18,16,17,35,15,15,34
27,0.42424242424242425,0.3333333333333333,0.375,0.36363636363636365,0.5,0.4375,0.0,0.9166666666666666,0.2727272727272727,0.391304347826087,0.5,0.5,0.42857142857142855,1.0964864492416382,33,12,8,11,6,32,10,12,11,23,10,6,14,0.47058823529411764,0.5,0.23076923076923078,0.4375,0.5555555555555556,0.4897959183673469,0.9444444444444444,0.4375,0.0,0.45714285714285713,0.5333333333333333,0.4666666666666667,0.47058823529411764,1.0900256633758545,51,12,13,16,9,49,18,16,17,35,15,15,34
28,0.42424242424242425,0.3333333333333333,0.375,0.36363636363636365,0.5,0.4375,0.0,0.9166666666666666,0.2727272727272727,0.391304347826087,0.5,0.5,0.42857142857142855,1.0964372158050537,33,12,8,11,6,32,10,12,11,23,10,6,14,0.3137254901960784,0.3333333333333333,0.07692307692307693,0.25,0.2222222222222222,0.32653061224489793,0.7777777777777778,0.125,0.0,0.3142857142857143,0.3333333333333333,0.4,0.3235294117647059,1.0948295593261719,51,12,13,16,9,49,18,16,17,35,15,15,34
29,0.42424242424242425,0.3333333333333333,0.375,0.36363636363636365,0.5,0.4375,0.0,0.9166666666666666,0.2727272727272727,0.391304347826087,0.5,0.5,0.42857142857142855,1.096381425857544,33,12,8,11,6,32,10,12,11,23,10,6,14,0.37254901960784315,0.5,0.23076923076923078,0.4375,0.5555555555555556,0.3877551020408163,0.9444444444444444,0.125,0.0,0.42857142857142855,0.26666666666666666,0.4666666666666667,0.38235294117647056,1.0865178108215332,51,12,13,16,9,49,18,16,17,35,15,15,34
30,0.42424242424242425,0.3333333333333333,0.375,0.36363636363636365,0.5,0.4375,0.0,0.9166666666666666,0.2727272727272727,0.391304347826087,0.5,0.5,0.42857142857142855,1.0963228940963745,33,12,8,11,6,32,10,12,11,23,10,6,14,0.45098039215686275,0.3333333333333333,0.23076923076923078,0.25,0.3333333333333333,0.46938775510204084,0.8333333333333334,0.5,0.0,0.45714285714285713,0.4666666666666667,0.5333333333333333,0.4411764705882353,1.0846388339996338,51,12,13,16,9,49,18,16,17,35,15,15,34
31,0.42424242424242425,0.3333333333333333,0.375,0.36363636363636365,0.5,0.4375,0.0,0.9166666666666666,0.2727272727272727,0.391304347826087,0.5,0.5,0.42857142857142855,1.0962600708007812,33,12,8,11,6,32,10,12,11,23,10,6,14,0.39215686274509803,0.5,0.23076923076923078,0.4375,0.5555555555555556,0.40816326530612246,0.9444444444444444,0.1875,0.0,0.42857142857142855,0.3333333333333333,0.4,0.38235294117647056,1.0923185348510742,51,12,13,16,9,49,18,16,17,35,15,15,34
32,0.42424242424242425,0.3333333333333333,0.375,0.36363636363636365,0.5,0.4375,0.0,0.9166666666666666,0.2727272727272727,0.391304347826087,0.5,0.5,0.42857142857142855,1.0961964130401611,33,12,8,11,6,32,10,12,11,23,10,6,14,0.37254901960784315,0.5,0.15384615384615385,0.375,0.5555555555555556,0.3877551020408163,0.8888888888888888,0.1875,0.0,0.37142857142857144,0.4,0.26666666666666666,0.3235294117647059,1.0904672145843506,51,12,13,16,9,49,18,16,17,35,15,15,34
33,0.42424242424242425,0.3333333333333333,0.375,0.36363636363636365,0.5,0.4375,0.0,0.9166666666666666,0.2727272727272727,0.391304347826087,0.5,0.5,0.42857142857142855,1.0961298942565918,33,12,8,11,6,32,10,12,11,23,10,6,14,0.37254901960784315,0.5,0.15384615384615385,0.375,0.5555555555555556,0.3877551020408163,0.9444444444444444,0.125,0.0,0.4,0.3333333333333333,0.3333333333333333,0.35294117647058826,1.0886849164962769,51,12,13,16,9,49,18,16,17,35,15,15,34
34,0.42424242424242425,0.3333333333333333,0.375,0.36363636363636365,0.5,0.4375,0.0,0.9166666666666666,0.2727272727272727,0.391304347826087,0.5,0.5,0.42857142857142855,1.096059799194336,33,12,8,11,6,32,10,12,11,23,10,6,14,0.37254901960784315,0.5,0.15384615384615385,0.375,0.5555555555555556,0.3877551020408163,1.0,0.0625,0.0,0.4,0.3333333333333333,0.3333333333333333,0.35294117647058826,1.088000774383545,51,12,13,16,9,49,18,16,17,35,15,15,34
35,0.42424242424242425,0.3333333333333333,0.375,0.36363636363636365,0.5,0.4375,0.0,0.9166666666666666,0.2727272727272727,0.391304347826087,0.5,0.5,0.42857142857142855,1.0959806442260742,33,12,8,11,6,32,10,12,11,23,10,6,14,0.39215686274509803,0.5,0.07692307692307693,0.3125,0.4444444444444444,0.40816326530612246,0.9444444444444444,0.1875,0.0,0.4,0.4,0.3333333333333333,0.38235294117647056,1.0862985849380493,51,12,13,16,9,49,18,16,17,35,15,15,34
36,0.42424242424242425,0.3333333333333333,0.375,0.36363636363636365,0.5,0.4375,0.0,0.9166666666666666,0.2727272727272727,0.391304347826087,0.5,0.5,0.42857142857142855,1.0958985090255737,33,12,8,11,6,32,10,12,11,23,10,6,14,0.39215686274509803,0.5,0.15384615384615385,0.375,0.5555555555555556,0.40816326530612246,0.9444444444444444,0.1875,0.0,0.4,0.4,0.4,0.38235294117647056,1.0856539011001587,51,12,13,16,9,49,18,16,17,35,15,15,34
37,0.42424242424242425,0.3333333333333333,0.375,0.36363636363636365,0.5,0.4375,0.0,0.9166666666666666,0.2727272727272727,0.391304347826087,0.5,0.5,0.42857142857142855,1.095815658569336,33,12,8,11,6,32,10,12,11,23,10,6,14,0.4117647058823529,0.5,0.15384615384615385,0.375,0.5555555555555556,0.42857142857142855,0.9444444444444444,0.25,0.0,0.4,0.4666666666666667,0.4,0.4117647058823529,1.085113525390625,51,12,13,16,9,49,18,16,17,35,15,15,34
38,0.42424242424242425,0.3333333333333333,0.375,0.36363636363636365,0.5,0.4375,0.0,0.9166666666666666,0.2727272727272727,0.391304347826087,0.5,0.5,0.42857142857142855,1.0957289934158325,33,12,8,11,6,32,10,12,11,23,10,6,14,0.43137254901960786,0.5,0.15384615384615385,0.375,0.5555555555555556,0.4489795918367347,1.0,0.25,0.0,0.4857142857142857,0.3333333333333333,0.4,0.4411764705882353,1.0865201950073242,51,12,13,16,9,49,18,16,17,35,15,15,34
39,0.42424242424242425,0.3333333333333333,0.375,0.36363636363636365,0.5,0.4375,0.0,0.9166666666666666,0.2727272727272727,0.391304347826087,0.5,0.5,0.42857142857142855,1.095633625984192,33,12,8,11,6,32,10,12,11,23,10,6,14,0.43137254901960786,0.5,0.23076923076923078,0.375,0.5555555555555556,0.42857142857142855,0.9444444444444444,0.3125,0.0,0.45714285714285713,0.3333333333333333,0.3333333333333333,0.4411764705882353,1.0831705331802368,51,12,13,16,9,49,18,16,17,35,15,15,34
40,0.3939393939393939,0.25,0.375,0.36363636363636365,0.3333333333333333,0.40625,0.0,0.9166666666666666,0.18181818181818182,0.34782608695652173,0.5,0.5,0.42857142857142855,1.0955346822738647,33,12,8,11,6,32,10,12,11,23,10,6,14,0.37254901960784315,0.4166666666666667,0.3076923076923077,0.4375,0.5555555555555556,0.3877551020408163,0.8333333333333334,0.1875,0.058823529411764705,0.37142857142857144,0.4,0.4666666666666667,0.38235294117647056,1.0843455791473389,51,12,13,16,9,49,18,16,17,35,15,15,34
41,0.3939393939393939,0.25,0.375,0.36363636363636365,0.3333333333333333,0.40625,0.0,0.9166666666666666,0.18181818181818182,0.34782608695652173,0.5,0.5,0.42857142857142855,1.0954339504241943,33,12,8,11,6,32,10,12,11,23,10,6,14,0.39215686274509803,0.4166666666666667,0.23076923076923078,0.4375,0.5555555555555556,0.40816326530612246,0.8888888888888888,0.1875,0.058823529411764705,0.45714285714285713,0.26666666666666666,0.4,0.4117647058823529,1.0855108499526978,51,12,13,16,9,49,18,16,17,35,15,15,34
42,0.3939393939393939,0.25,0.375,0.36363636363636365,0.3333333333333333,0.40625,0.0,0.9166666666666666,0.18181818181818182,0.34782608695652173,0.5,0.5,0.42857142857142855,1.0953340530395508,33,12,8,11,6,32,10,12,11,23,10,6,14,0.43137254901960786,0.5833333333333334,0.23076923076923078,0.375,0.6666666666666666,0.42857142857142855,0.8888888888888888,0.375,0.0,0.45714285714285713,0.4,0.4,0.4411764705882353,1.0821367502212524,51,12,13,16,9,49,18,16,17,35,15,15,34
43,0.3939393939393939,0.25,0.375,0.36363636363636365,0.3333333333333333,0.40625,0.0,0.9166666666666666,0.18181818181818182,0.34782608695652173,0.5,0.5,0.42857142857142855,1.0952339172363281,33,12,8,11,6,32,10,12,11,23,10,6,14,0.39215686274509803,0.5,0.15384615384615385,0.375,0.5555555555555556,0.40816326530612246,0.8888888888888888,0.25,0.0,0.42857142857142855,0.3333333333333333,0.3333333333333333,0.4117647058823529,1.0865588188171387,51,12,13,16,9,49,18,16,17,35,15,15,34
44,0.42424242424242425,0.3333333333333333,0.5,0.36363636363636365,0.3333333333333333,0.4375,0.0,0.9166666666666666,0.2727272727272727,0.391304347826087,0.5,0.5,0.42857142857142855,1.095131516456604,33,12,8,11,6,32,10,12,11,23,10,6,14,0.4117647058823529,0.4166666666666667,0.23076923076923078,0.375,0.5555555555555556,0.42857142857142855,0.8888888888888888,0.25,0.058823529411764705,0.42857142857142855,0.4,0.4,0.4117647058823529,1.0836704969406128,51,12,13,16,9,49,18,16,17,35,15,15,34
45,0.42424242424242425,0.3333333333333333,0.5,0.36363636363636365,0.3333333333333333,0.4375,0.0,0.9166666666666666,0.2727272727272727,0.391304347826087,0.5,0.5,0.42857142857142855,1.095024585723877,33,12,8,11,6,32,10,12,11,23,10,6,14,0.4117647058823529,0.5,0.3076923076923077,0.4375,0.5555555555555556,0.42857142857142855,0.9444444444444444,0.1875,0.058823529411764705,0.42857142857142855,0.4,0.3333333333333333,0.4117647058823529,1.0833234786987305,51,12,13,16,9,49,18,16,17,35,15,15,34
46,0.42424242424242425,0.3333333333333333,0.5,0.36363636363636365,0.3333333333333333,0.4375,0.0,0.9166666666666666,0.2727272727272727,0.391304347826087,0.5,0.5,0.42857142857142855,1.0949082374572754,33,12,8,11,6,32,10,12,11,23,10,6,14,0.47058823529411764,0.5,0.3076923076923077,0.4375,0.5555555555555556,0.4897959183673469,0.9444444444444444,0.375,0.058823529411764705,0.45714285714285713,0.5333333333333333,0.5333333333333333,0.5,1.0756951570510864,51,12,13,16,9,49,18,16,17,35,15,15,34
47,0.42424242424242425,0.3333333333333333,0.5,0.36363636363636365,0.3333333333333333,0.4375,0.0,0.9166666666666666,0.2727272727272727,0.391304347826087,0.5,0.5,0.42857142857142855,1.0947948694229126,33,12,8,11,6,32,10,12,11,23,10,6,14,0.47058823529411764,0.5,0.15384615384615385,0.375,0.5555555555555556,0.4897959183673469,1.0,0.375,0.0,0.4857142857142857,0.4666666666666667,0.4666666666666667,0.47058823529411764,1.0821839570999146,51,12,13,16,9,49,18,16,17,35,15,15,34
48,0.42424242424242425,0.3333333333333333,0.5,0.36363636363636365,0.3333333333333333,0.4375,0.0,0.9166666666666666,0.2727272727272727,0.391304347826087,0.5,0.5,0.42857142857142855,1.0946828126907349,33,12,8,11,6,32,10,12,11,23,10,6,14,0.49019607843137253,0.5833333333333334,0.3076923076923077,0.4375,0.5555555555555556,0.5102040816326531,0.9444444444444444,0.4375,0.058823529411764705,0.5428571428571428,0.4,0.5333333333333333,0.5588235294117647,1.0786433219909668,51,12,13,16,9,49,18,16,17,35,15,15,34
49,0.42424242424242425,0.3333333333333333,0.5,0.36363636363636365,0.3333333333333333,0.4375,0.0,0.9166666666666666,0.2727272727272727,0.391304347826087,0.5,0.5,0.42857142857142855,1.0945665836334229,33,12,8,11,6,32,10,12,11,23,10,6,14,0.45098039215686275,0.5,0.38461538461538464,0.4375,0.5555555555555556,0.46938775510204084,0.7777777777777778,0.4375,0.11764705882352941,0.4857142857142857,0.4,0.4666666666666667,0.4117647058823529,1.0758756399154663,51,12,13,16,9,49,18,16,17,35,15,15,34
50,0.42424242424242425,0.3333333333333333,0.5,0.36363636363636365,0.3333333333333333,0.4375,0.0,0.9166666666666666,0.2727272727272727,0.391304347826087,0.5,0.5,0.42857142857142855,1.0944474935531616,33,12,8,11,6,32,10,12,11,23,10,6,14,0.49019607843137253,0.5,0.3076923076923077,0.5,0.5555555555555556,0.5102040816326531,0.8888888888888888,0.4375,0.11764705882352941,0.5142857142857142,0.4666666666666667,0.4,0.5294117647058824,1.0774848461151123,51,12,13,16,9,49,18,16,17,35,15,15,34
51,0.42424242424242425,0.3333333333333333,0.5,0.36363636363636365,0.3333333333333333,0.4375,0.0,0.9166666666666666,0.2727272727272727,0.391304347826087,0.5,0.5,0.42857142857142855,1.0943293571472168,33,12,8,11,6,32,10,12,11,23,10,6,14,0.43137254901960786,0.4166666666666667,0.3076923076923077,0.5,0.4444444444444444,0.4489795918367347,0.7777777777777778,0.375,0.11764705882352941,0.45714285714285713,0.4,0.4666666666666667,0.4411764705882353,1.0849372148513794,51,12,13,16,9,49,18,16,17,35,15,15,34
52,0.42424242424242425,0.3333333333333333,0.5,0.36363636363636365,0.3333333333333333,0.4375,0.0,0.9166666666666666,0.2727272727272727,0.391304347826087,0.5,0.5,0.42857142857142855,1.094200611114502,33,12,8,11,6,32,10,12,11,23,10,6,14,0.47058823529411764,0.4166666666666667,0.3076923076923077,0.4375,0.4444444444444444,0.4897959183673469,0.7777777777777778,0.5625,0.058823529411764705,0.45714285714285713,0.5333333333333333,0.4,0.47058823529411764,1.07344651222229,51,12,13,16,9,49,18,16,17,35,15,15,34
53,0.42424242424242425,0.3333333333333333,0.5,0.36363636363636365,0.3333333333333333,0.4375,0.0,0.9166666666666666,0.2727272727272727,0.391304347826087,0.5,0.5,0.42857142857142855,1.0940630435943604,33,12,8,11,6,32,10,12,11,23,10,6,14,0.5490196078431373,0.5833333333333334,0.46153846153846156,0.5625,0.4444444444444444,0.5714285714285714,0.7777777777777778,0.6875,0.17647058823529413,0.5142857142857142,0.6666666666666666,0.4666666666666667,0.5882352941176471,1.0745465755462646,51,12,13,16,9,49,18,16,17,35,15,15,34
54,0.42424242424242425,0.3333333333333333,0.5,0.36363636363636365,0.3333333333333333,0.4375,0.0,0.9166666666666666,0.2727272727272727,0.391304347826087,0.5,0.5,0.42857142857142855,1.0939240455627441,33,12,8,11,6,32,10,12,11,23,10,6,14,0.49019607843137253,0.5833333333333334,0.6153846153846154,0.5625,0.5555555555555556,0.5102040816326531,0.6111111111111112,0.5625,0.29411764705882354,0.5142857142857142,0.4666666666666667,0.4666666666666667,0.5,1.0759284496307373,51,12,13,16,9,49,18,16,17,35,15,15,34
55,0.42424242424242425,0.3333333333333333,0.5,0.36363636363636365,0.3333333333333333,0.4375,0.0,0.9166666666666666,0.2727272727272727,0.391304347826087,0.5,0.5,0.42857142857142855,1.0937823057174683,33,12,8,11,6,32,10,12,11,23,10,6,14,0.5294117647058824,0.5833333333333334,0.6153846153846154,0.5,0.3333333333333333,0.5510204081632653,0.6111111111111112,0.75,0.23529411764705882,0.4857142857142857,0.6666666666666666,0.4,0.5294117647058824,1.07206392288208,51,12,13,16,9,49,18,16,17,35,15,15,34
56,0.42424242424242425,0.3333333333333333,0.5,0.36363636363636365,0.3333333333333333,0.4375,0.0,0.9166666666666666,0.2727272727272727,0.391304347826087,0.5,0.5,0.42857142857142855,1.0936368703842163,33,12,8,11,6,32,10,12,11,23,10,6,14,0.5490196078431373,0.4166666666666667,0.38461538461538464,0.4375,0.3333333333333333,0.5714285714285714,0.7777777777777778,0.6875,0.17647058823529413,0.5142857142857142,0.6666666666666666,0.4666666666666667,0.6176470588235294,1.0745110511779785,51,12,13,16,9,49,18,16,17,35,15,15,34
57,0.42424242424242425,0.3333333333333333,0.5,0.36363636363636365,0.3333333333333333,0.4375,0.0,0.9166666666666666,0.2727272727272727,0.391304347826087,0.5,0.5,0.42857142857142855,1.093489408493042,33,12,8,11,6,32,10,12,11,23,10,6,14,0.47058823529411764,0.5,0.38461538461538464,0.5,0.4444444444444444,0.4897959183673469,0.6111111111111112,0.5625,0.23529411764705882,0.5142857142857142,0.4,0.4666666666666667,0.5294117647058824,1.0741060972213745,51,12,13,16,9,49,18,16,17,35,15,15,34
58,0.42424242424242425,0.3333333333333333,0.5,0.36363636363636365,0.3333333333333333,0.4375,0.0,0.9166666666666666,0.2727272727272727,0.391304347826087,0.5,0.5,0.42857142857142855,1.0933393239974976,33,12,8,11,6,32,10,12,11,23,10,6,14,0.5490196078431373,0.5833333333333334,0.6923076923076923,0.6875,0.4444444444444444,0.5714285714285714,0.7222222222222222,0.6875,0.23529411764705882,0.6,0.4666666666666667,0.6,0.6176470588235294,1.069541573524475,51,12,13,16,9,49,18,16,17,35,15,15,34
59,0.42424242424242425,0.3333333333333333,0.5,0.36363636363636365,0.3333333333333333,0.4375,0.0,0.9166666666666666,0.2727272727272727,0.391304347826087,0.5,0.5,0.42857142857142855,1.0931808948516846,33,12,8,11,6,32,10,12,11,23,10,6,14,0.49019607843137253,0.5833333333333334,0.46153846153846156,0.375,0.4444444444444444,0.4897959183673469,0.5,0.75,0.23529411764705882,0.45714285714285713,0.6,0.3333333333333333,0.5294117647058824,1.071593999862671,51,12,13,16,9,49,18,16,17,35,15,15,34
60,0.42424242424242425,0.3333333333333333,0.5,0.36363636363636365,0.3333333333333333,0.4375,0.0,0.9166666666666666,0.2727272727272727,0.391304347826087,0.5,0.5,0.42857142857142855,1.0930205583572388,33,12,8,11,6,32,10,12,11,23,10,6,14,0.47058823529411764,0.5833333333333334,0.6153846153846154,0.5625,0.5555555555555556,0.4897959183673469,0.5,0.625,0.29411764705882354,0.4857142857142857,0.4666666666666667,0.3333333333333333,0.5,1.0678629875183105,51,12,13,16,9,49,18,16,17,35,15,15,34
61,0.42424242424242425,0.3333333333333333,0.5,0.36363636363636365,0.3333333333333333,0.4375,0.0,0.9166666666666666,0.2727272727272727,0.391304347826087,0.5,0.5,0.42857142857142855,1.09285306930542,33,12,8,11,6,32,10,12,11,23,10,6,14,0.45098039215686275,0.3333333333333333,0.5384615384615384,0.625,0.3333333333333333,0.4489795918367347,0.5,0.6875,0.17647058823529413,0.4857142857142857,0.3333333333333333,0.6,0.5,1.07114839553833,51,12,13,16,9,49,18,16,17,35,15,15,34
62,0.42424242424242425,0.3333333333333333,0.5,0.36363636363636365,0.3333333333333333,0.4375,0.0,0.9166666666666666,0.2727272727272727,0.391304347826087,0.5,0.5,0.42857142857142855,1.092671513557434,33,12,8,11,6,32,10,12,11,23,10,6,14,0.5686274509803921,0.4166666666666667,0.5384615384615384,0.5625,0.4444444444444444,0.5714285714285714,0.6111111111111112,0.875,0.23529411764705882,0.6285714285714286,0.4666666666666667,0.6,0.7058823529411765,1.0645233392715454,51,12,13,16,9,49,18,16,17,35,15,15,34
63,0.42424242424242425,0.3333333333333333,0.5,0.36363636363636365,0.3333333333333333,0.4375,0.0,0.9166666666666666,0.2727272727272727,0.391304347826087,0.5,0.5,0.42857142857142855,1.092490315437317,33,12,8,11,6,32,10,12,11,23,10,6,14,0.5098039215686274,0.4166666666666667,0.5384615384615384,0.4375,0.3333333333333333,0.5306122448979592,0.6111111111111112,0.75,0.17647058823529413,0.45714285714285713,0.6666666666666666,0.5333333333333333,0.47058823529411764,1.0682637691497803,51,12,13,16,9,49,18,16,17,35,15,15,34
64,0.42424242424242425,0.3333333333333333,0.5,0.36363636363636365,0.3333333333333333,0.4375,0.0,0.9166666666666666,0.2727272727272727,0.391304347826087,0.5,0.5,0.42857142857142855,1.0923160314559937,33,12,8,11,6,32,10,12,11,23,10,6,14,0.43137254901960786,0.4166666666666667,0.46153846153846156,0.4375,0.4444444444444444,0.4489795918367347,0.3333333333333333,0.75,0.23529411764705882,0.4,0.5333333333333333,0.3333333333333333,0.47058823529411764,1.0693771839141846,51,12,13,16,9,49,18,16,17,35,15,15,34
65,0.3939393939393939,0.25,0.5,0.36363636363636365,0.16666666666666666,0.40625,0.0,0.9166666666666666,0.18181818181818182,0.34782608695652173,0.5,0.5,0.42857142857142855,1.092145323753357,33,12,8,11,6,32,10,12,11,23,10,6,14,0.5294117647058824,0.5,0.5384615384615384,0.5625,0.4444444444444444,0.5510204081632653,0.5555555555555556,0.8125,0.23529411764705882,0.4857142857142857,0.6666666666666666,0.5333333333333333,0.5882352941176471,1.0600337982177734,51,12,13,16,9,49,18,16,17,35,15,15,34
66,0.3939393939393939,0.25,0.5,0.36363636363636365,0.16666666666666666,0.40625,0.0,0.9166666666666666,0.18181818181818182,0.34782608695652173,0.5,0.5,0.42857142857142855,1.0919699668884277,33,12,8,11,6,32,10,12,11,23,10,6,14,0.49019607843137253,0.4166666666666667,0.6153846153846154,0.4375,0.3333333333333333,0.4897959183673469,0.4444444444444444,0.8125,0.23529411764705882,0.45714285714285713,0.5333333333333333,0.4666666666666667,0.5294117647058824,1.0624819993972778,51,12,13,16,9,49,18,16,17,35,15,15,34
67,0.3939393939393939,0.25,0.5,0.36363636363636365,0.16666666666666666,0.40625,0.0,0.9166666666666666,0.18181818181818182,0.34782608695652173,0.5,0.5,0.42857142857142855,1.091800570487976,33,12,8,11,6,32,10,12,11,23,10,6,14,0.5490196078431373,0.4166666666666667,0.8461538461538461,0.8125,0.5555555555555556,0.5510204081632653,0.3888888888888889,0.875,0.4117647058823529,0.5714285714285714,0.4666666666666667,0.5333333333333333,0.6176470588235294,1.0612136125564575,51,12,13,16,9,49,18,16,17,35,15,15,34
68,0.3939393939393939,0.25,0.5,0.36363636363636365,0.16666666666666666,0.40625,0.0,0.9166666666666666,0.18181818181818182,0.34782608695652173,0.5,0.5,0.42857142857142855,1.0916317701339722,33,12,8,11,6,32,10,12,11,23,10,6,14,0.47058823529411764,0.25,0.5384615384615384,0.5625,0.2222222222222222,0.4897959183673469,0.4444444444444444,0.75,0.23529411764705882,0.45714285714285713,0.5333333333333333,0.5333333333333333,0.5294117647058824,1.0597127676010132,51,12,13,16,9,49,18,16,17,35,15,15,34
69,0.3939393939393939,0.25,0.5,0.36363636363636365,0.16666666666666666,0.40625,0.0,0.9166666666666666,0.18181818181818182,0.34782608695652173,0.5,0.5,0.42857142857142855,1.091460943222046,33,12,8,11,6,32,10,12,11,23,10,6,14,0.5098039215686274,0.4166666666666667,0.46153846153846156,0.5,0.3333333333333333,0.5102040816326531,0.4444444444444444,0.8125,0.29411764705882354,0.4857142857142857,0.5333333333333333,0.4666666666666667,0.6176470588235294,1.058672308921814,51,12,13,16,9,49,18,16,17,35,15,15,34
70,0.3939393939393939,0.25,0.5,0.36363636363636365,0.16666666666666666,0.40625,0.0,0.9166666666666666,0.18181818181818182,0.34782608695652173,0.5,0.5,0.42857142857142855,1.0912905931472778,33,12,8,11,6,32,10,12,11,23,10,6,14,0.5686274509803921,0.5,0.9230769230769231,0.625,0.4444444444444444,0.5714285714285714,0.3888888888888889,0.9375,0.4117647058823529,0.5428571428571428,0.6666666666666666,0.5333333333333333,0.5882352941176471,1.0544419288635254,51,12,13,16,9,49,18,16,17,35,15,15,34
71,0.3939393939393939,0.25,0.5,0.36363636363636365,0.16666666666666666,0.40625,0.0,0.9166666666666666,0.18181818181818182,0.34782608695652173,0.5,0.5,0.42857142857142855,1.0911327600479126,33,12,8,11,6,32,10,12,11,23,10,6,14,0.5686274509803921,0.5833333333333334,1.0,0.75,0.5555555555555556,0.5918367346938775,0.3888888888888889,0.875,0.47058823529411764,0.5714285714285714,0.6,0.4666666666666667,0.6176470588235294,1.0598301887512207,51,12,13,16,9,49,18,16,17,35,15,15,34
72,0.3939393939393939,0.25,0.5,0.36363636363636365,0.16666666666666666,0.40625,0.0,0.9166666666666666,0.18181818181818182,0.34782608695652173,0.5,0.5,0.42857142857142855,1.0909779071807861,33,12,8,11,6,32,10,12,11,23,10,6,14,0.5882352941176471,0.5833333333333334,0.8461538461538461,0.75,0.5555555555555556,0.5918367346938775,0.5,0.875,0.4117647058823529,0.6,0.6,0.6666666666666666,0.6176470588235294,1.0496824979782104,51,12,13,16,9,49,18,16,17,35,15,15,34
73,0.3939393939393939,0.25,0.5,0.36363636363636365,0.16666666666666666,0.40625,0.0,0.9166666666666666,0.18181818181818182,0.34782608695652173,0.5,0.5,0.42857142857142855,1.090839147567749,33,12,8,11,6,32,10,12,11,23,10,6,14,0.5490196078431373,0.3333333333333333,0.8461538461538461,0.6875,0.4444444444444444,0.5714285714285714,0.4444444444444444,0.8125,0.4117647058823529,0.5428571428571428,0.6,0.5333333333333333,0.5882352941176471,1.0579109191894531,51,12,13,16,9,49,18,16,17,35,15,15,34
74,0.3939393939393939,0.25,0.5,0.36363636363636365,0.16666666666666666,0.40625,0.0,0.9166666666666666,0.18181818181818182,0.34782608695652173,0.5,0.5,0.42857142857142855,1.0907150506973267,33,12,8,11,6,32,10,12,11,23,10,6,14,0.47058823529411764,0.3333333333333333,0.6153846153846154,0.5625,0.3333333333333333,0.4897959183673469,0.2777777777777778,0.75,0.4117647058823529,0.42857142857142855,0.6,0.3333333333333333,0.5294117647058824,1.057843804359436,51,12,13,16,9,49,18,16,17,35,15,15,34
75,0.3939393939393939,0.25,0.5,0.36363636363636365,0.16666666666666666,0.40625,0.0,0.9166666666666666,0.18181818181818182,0.34782608695652173,0.5,0.5,0.42857142857142855,1.0905930995941162,33,12,8,11,6,32,10,12,11,23,10,6,14,0.47058823529411764,0.3333333333333333,0.6153846153846154,0.5625,0.3333333333333333,0.4897959183673469,0.3333333333333333,0.8125,0.29411764705882354,0.45714285714285713,0.5333333333333333,0.5333333333333333,0.5,1.0523170232772827,51,12,13,16,9,49,18,16,17,35,15,15,34
76,0.36363636363636365,0.25,0.5,0.2727272727272727,0.16666666666666666,0.375,0.0,0.8333333333333334,0.18181818181818182,0.30434782608695654,0.5,0.5,0.35714285714285715,1.090470552444458,33,12,8,11,6,32,10,12,11,23,10,6,14,0.5490196078431373,0.5833333333333334,0.7692307692307693,0.6875,0.6666666666666666,0.5714285714285714,0.5,0.75,0.4117647058823529,0.5714285714285714,0.5333333333333333,0.5333333333333333,0.6176470588235294,1.052881121635437,51,12,13,16,9,49,18,16,17,35,15,15,34
77,0.36363636363636365,0.25,0.5,0.2727272727272727,0.16666666666666666,0.375,0.0,0.8333333333333334,0.18181818181818182,0.30434782608695654,0.5,0.5,0.35714285714285715,1.090345025062561,33,12,8,11,6,32,10,12,11,23,10,6,14,0.5686274509803921,0.5,0.9230769230769231,0.8125,0.4444444444444444,0.5918367346938775,0.4444444444444444,0.8125,0.47058823529411764,0.5714285714285714,0.6,0.5333333333333333,0.5882352941176471,1.042340874671936,51,12,13,16,9,49,18,16,17,35,15,15,34
78,0.36363636363636365,0.25,0.5,0.2727272727272727,0.16666666666666666,0.375,0.0,0.8333333333333334,0.18181818181818182,0.30434782608695654,0.5,0.5,0.35714285714285715,1.090222954750061,33,12,8,11,6,32,10,12,11,23,10,6,14,0.49019607843137253,0.4166666666666667,0.6923076923076923,0.4375,0.3333333333333333,0.4897959183673469,0.2222222222222222,0.875,0.4117647058823529,0.4857142857142857,0.5333333333333333,0.4666666666666667,0.5882352941176471,1.0486630201339722,51,12,13,16,9,49,18,16,17,35,15,15,34
79,0.36363636363636365,0.25,0.5,0.2727272727272727,0.16666666666666666,0.375,0.0,0.8333333333333334,0.18181818181818182,0.30434782608695654,0.5,0.5,0.35714285714285715,1.090091347694397,33,12,8,11,6,32,10,12,11,23,10,6,14,0.49019607843137253,0.25,0.8461538461538461,0.625,0.2222222222222222,0.5102040816326531,0.16666666666666666,0.875,0.47058823529411764,0.4857142857142857,0.5333333333333333,0.5333333333333333,0.5294117647058824,1.0451644659042358,51,12,13,16,9,49,18,16,17,35,15,15,34
80,0.36363636363636365,0.25,0.5,0.2727272727272727,0.16666666666666666,0.375,0.0,0.8333333333333334,0.18181818181818182,0.30434782608695654,0.5,0.5,0.35714285714285715,1.0899639129638672,33,12,8,11,6,32,10,12,11,23,10,6,14,0.49019607843137253,0.3333333333333333,0.6923076923076923,0.625,0.3333333333333333,0.5102040816326531,0.3333333333333333,0.75,0.4117647058823529,0.5428571428571428,0.4,0.5333333333333333,0.5882352941176471,1.0555907487869263,51,12,13,16,9,49,18,16,17,35,15,15,34
81,0.36363636363636365,0.25,0.5,0.2727272727272727,0.16666666666666666,0.375,0.0,0.8333333333333334,0.18181818181818182,0.30434782608695654,0.5,0.5,0.35714285714285715,1.0898380279541016,33,12,8,11,6,32,10,12,11,23,10,6,14,0.4117647058823529,0.3333333333333333,0.6153846153846154,0.4375,0.3333333333333333,0.42857142857142855,0.2222222222222222,0.6875,0.35294117647058826,0.37142857142857144,0.5333333333333333,0.3333333333333333,0.4411764705882353,1.0512059926986694,51,12,13,16,9,49,18,16,17,35,15,15,34
82,0.36363636363636365,0.25,0.5,0.2727272727272727,0.16666666666666666,0.375,0.0,0.8333333333333334,0.18181818181818182,0.30434782608695654,0.5,0.5,0.35714285714285715,1.0897014141082764,33,12,8,11,6,32,10,12,11,23,10,6,14,0.5490196078431373,0.5833333333333334,0.7692307692307693,0.75,0.4444444444444444,0.5510204081632653,0.3888888888888889,0.75,0.5294117647058824,0.4857142857142857,0.6666666666666666,0.4,0.5588235294117647,1.0456607341766357,51,12,13,16,9,49,18,16,17,35,15,15,34
83,0.36363636363636365,0.25,0.5,0.2727272727272727,0.16666666666666666,0.375,0.0,0.8333333333333334,0.18181818181818182,0.30434782608695654,0.5,0.5,0.35714285714285715,1.0895664691925049,33,12,8,11,6,32,10,12,11,23,10,6,14,0.5098039215686274,0.5,0.7692307692307693,0.625,0.6666666666666666,0.5306122448979592,0.4444444444444444,0.6875,0.4117647058823529,0.5428571428571428,0.4666666666666667,0.4,0.5294117647058824,1.0460565090179443,51,12,13,16,9,49,18,16,17,35,15,15,34
84,0.36363636363636365,0.25,0.5,0.2727272727272727,0.16666666666666666,0.375,0.0,0.8333333333333334,0.18181818181818182,0.30434782608695654,0.5,0.5,0.35714285714285715,1.0894209146499634,33,12,8,11,6,32,10,12,11,23,10,6,14,0.5686274509803921,0.5,0.7692307692307693,0.5625,0.5555555555555556,0.5714285714285714,0.3333333333333333,0.8125,0.5882352941176471,0.5428571428571428,0.6666666666666666,0.5333333333333333,0.6470588235294118,1.0425251722335815,51,12,13,16,9,49,18,16,17,35,15,15,34
85,0.3939393939393939,0.3333333333333333,0.5,0.2727272727272727,0.16666666666666666,0.40625,0.0,0.8333333333333334,0.2727272727272727,0.34782608695652173,0.5,0.5,0.35714285714285715,1.0892819166183472,33,12,8,11,6,32,10,12,11,23,10,6,14,0.45098039215686275,0.25,0.8461538461538461,0.5625,0.3333333333333333,0.46938775510204084,0.2222222222222222,0.75,0.4117647058823529,0.4857142857142857,0.4,0.4,0.5,1.0442626476287842,51,12,13,16,9,49,18,16,17,35,15,15,34
86,0.3939393939393939,0.3333333333333333,0.5,0.2727272727272727,0.16666666666666666,0.40625,0.0,0.8333333333333334,0.2727272727272727,0.34782608695652173,0.5,0.5,0.35714285714285715,1.0891454219818115,33,12,8,11,6,32,10,12,11,23,10,6,14,0.5882352941176471,0.5,0.8461538461538461,0.6875,0.4444444444444444,0.5918367346938775,0.3888888888888889,0.875,0.5294117647058824,0.6,0.6,0.6,0.6470588235294118,1.042489767074585,51,12,13,16,9,49,18,16,17,35,15,15,34
87,0.3939393939393939,0.3333333333333333,0.5,0.2727272727272727,0.16666666666666666,0.40625,0.0,0.8333333333333334,0.2727272727272727,0.34782608695652173,0.5,0.5,0.35714285714285715,1.0889838933944702,33,12,8,11,6,32,10,12,11,23,10,6,14,0.6078431372549019,0.4166666666666667,0.8461538461538461,0.75,0.3333333333333333,0.6326530612244898,0.3333333333333333,0.875,0.6470588235294118,0.6571428571428571,0.5333333333333333,0.6666666666666666,0.6764705882352942,1.0269310474395752,51,12,13,16,9,49,18,16,17,35,15,15,34
88,0.3939393939393939,0.3333333333333333,0.5,0.2727272727272727,0.16666666666666666,0.40625,0.0,0.8333333333333334,0.2727272727272727,0.34782608695652173,0.5,0.5,0.35714285714285715,1.0888254642486572,33,12,8,11,6,32,10,12,11,23,10,6,14,0.5294117647058824,0.25,0.8461538461538461,0.625,0.2222222222222222,0.5306122448979592,0.2222222222222222,0.9375,0.47058823529411764,0.5428571428571428,0.5333333333333333,0.5333333333333333,0.6176470588235294,1.0331898927688599,51,12,13,16,9,49,18,16,17,35,15,15,34
89,0.3939393939393939,0.3333333333333333,0.5,0.2727272727272727,0.16666666666666666,0.40625,0.0,0.8333333333333334,0.2727272727272727,0.34782608695652173,0.5,0.5,0.35714285714285715,1.0886632204055786,33,12,8,11,6,32,10,12,11,23,10,6,14,0.5686274509803921,0.4166666666666667,0.8461538461538461,0.6875,0.5555555555555556,0.5918367346938775,0.3888888888888889,0.8125,0.5294117647058824,0.6,0.5333333333333333,0.4666666666666667,0.6176470588235294,1.036228060722351,51,12,13,16,9,49,18,16,17,35,15,15,34
90,0.42424242424242425,0.4166666666666667,0.5,0.36363636363636365,0.16666666666666666,0.4375,0.0,0.8333333333333334,0.36363636363636365,0.391304347826087,0.5,0.5,0.42857142857142855,1.0885186195373535,33,12,8,11,6,32,10,12,11,23,10,6,14,0.45098039215686275,0.16666666666666666,0.6923076923076923,0.5625,0.1111111111111111,0.46938775510204084,0.2777777777777778,0.75,0.35294117647058826,0.42857142857142855,0.5333333333333333,0.5333333333333333,0.5,1.0397950410842896,51,12,13,16,9,49,18,16,17,35,15,15,34
91,0.42424242424242425,0.4166666666666667,0.5,0.36363636363636365,0.16666666666666666,0.4375,0.0,0.8333333333333334,0.36363636363636365,0.391304347826087,0.5,0.5,0.42857142857142855,1.0883805751800537,33,12,8,11,6,32,10,12,11,23,10,6,14,0.6078431372549019,0.3333333333333333,0.8461538461538461,0.75,0.4444444444444444,0.6122448979591837,0.3888888888888889,0.875,0.5882352941176471,0.6,0.6,0.6,0.6470588235294118,1.0199202299118042,51,12,13,16,9,49,18,16,17,35,15,15,34
92,0.42424242424242425,0.4166666666666667,0.5,0.36363636363636365,0.16666666666666666,0.4375,0.0,0.8333333333333334,0.36363636363636365,0.391304347826087,0.5,0.5,0.42857142857142855,1.0882564783096313,33,12,8,11,6,32,10,12,11,23,10,6,14,0.5882352941176471,0.3333333333333333,0.8461538461538461,0.625,0.3333333333333333,0.6122448979591837,0.3888888888888889,0.875,0.5294117647058824,0.5714285714285714,0.6666666666666666,0.6,0.6470588235294118,1.0251939296722412,51,12,13,16,9,49,18,16,17,35,15,15,34
93,0.3939393939393939,0.4166666666666667,0.375,0.2727272727272727,0.16666666666666666,0.40625,0.0,0.75,0.36363636363636365,0.34782608695652173,0.5,0.5,0.35714285714285715,1.0881446599960327,33,12,8,11,6,32,10,12,11,23,10,6,14,0.6274509803921569,0.5833333333333334,0.7692307692307693,0.6875,0.6666666666666666,0.6122448979591837,0.4444444444444444,0.9375,0.5294117647058824,0.6571428571428571,0.5333333333333333,0.4666666666666667,0.7352941176470589,1.014910101890564,51,12,13,16,9,49,18,16,17,35,15,15,34
94,0.42424242424242425,0.4166666666666667,0.375,0.36363636363636365,0.16666666666666666,0.4375,0.0,0.75,0.45454545454545453,0.391304347826087,0.5,0.5,0.42857142857142855,1.0880440473556519,33,12,8,11,6,32,10,12,11,23,10,6,14,0.5686274509803921,0.5833333333333334,0.7692307692307693,0.6875,0.5555555555555556,0.5714285714285714,0.4444444444444444,0.8125,0.47058823529411764,0.6,0.5333333333333333,0.5333333333333333,0.6470588235294118,1.0193417072296143,51,12,13,16,9,49,18,16,17,35,15,15,34
95,0.42424242424242425,0.4166666666666667,0.375,0.36363636363636365,0.16666666666666666,0.4375,0.0,0.75,0.45454545454545453,0.391304347826087,0.5,0.5,0.42857142857142855,1.0879393815994263,33,12,8,11,6,32,10,12,11,23,10,6,14,0.5294117647058824,0.3333333333333333,0.7692307692307693,0.5625,0.3333333333333333,0.5510204081632653,0.3333333333333333,0.75,0.5294117647058824,0.5428571428571428,0.5333333333333333,0.4666666666666667,0.5588235294117647,1.0350178480148315,51,12,13,16,9,49,18,16,17,35,15,15,34
96,0.42424242424242425,0.4166666666666667,0.375,0.36363636363636365,0.16666666666666666,0.4375,0.0,0.75,0.45454545454545453,0.391304347826087,0.5,0.5,0.42857142857142855,1.0878257751464844,33,12,8,11,6,32,10,12,11,23,10,6,14,0.5490196078431373,0.4166666666666667,0.7692307692307693,0.625,0.4444444444444444,0.5306122448979592,0.2222222222222222,0.9375,0.5294117647058824,0.5428571428571428,0.5333333333333333,0.4,0.6176470588235294,1.0226670503616333,51,12,13,16,9,49,18,16,17,35,15,15,34
97,0.42424242424242425,0.4166666666666667,0.375,0.36363636363636365,0.16666666666666666,0.4375,0.0,0.75,0.45454545454545453,0.391304347826087,0.5,0.5,0.42857142857142855,1.087714433670044,33,12,8,11,6,32,10,12,11,23,10,6,14,0.5490196078431373,0.4166666666666667,0.7692307692307693,0.625,0.4444444444444444,0.5510204081632653,0.2777777777777778,0.875,0.5294117647058824,0.5428571428571428,0.6,0.4666666666666667,0.5882352941176471,1.0170023441314697,51,12,13,16,9,49,18,16,17,35,15,15,34
98,0.42424242424242425,0.4166666666666667,0.375,0.36363636363636365,0.16666666666666666,0.4375,0.0,0.75,0.45454545454545453,0.391304347826087,0.5,0.5,0.42857142857142855,1.0876216888427734,33,12,8,11,6,32,10,12,11,23,10,6,14,0.5686274509803921,0.6666666666666666,0.7692307692307693,0.625,0.5555555555555556,0.5714285714285714,0.3333333333333333,0.875,0.5294117647058824,0.5714285714285714,0.6,0.4666666666666667,0.6470588235294118,1.014800786972046,51,12,13,16,9,49,18,16,17,35,15,15,34
99,0.42424242424242425,0.4166666666666667,0.375,0.36363636363636365,0.16666666666666666,0.4375,0.0,0.75,0.45454545454545453,0.391304347826087,0.5,0.5,0.42857142857142855,1.08751380443573,33,12,8,11,6,32,10,12,11,23,10,6,14,0.5294117647058824,0.5,0.6923076923076923,0.5625,0.5555555555555556,0.5306122448979592,0.2222222222222222,0.8125,0.5882352941176471,0.5142857142857142,0.6,0.4,0.5588235294117647,1.008142352104187,51,12,13,16,9,49,18,16,17,35,15,15,34
100,0.42424242424242425,0.4166666666666667,0.375,0.36363636363636365,0.16666666666666666,0.4375,0.0,0.75,0.45454545454545453,0.391304347826087,0.5,0.5,0.42857142857142855,1.087392807006836,33,12,8,11,6,32,10,12,11,23,10,6,14,0.49019607843137253,0.4166666666666667,0.6923076923076923,0.625,0.3333333333333333,0.5102040816326531,0.2777777777777778,0.6875,0.5294117647058824,0.4857142857142857,0.5333333333333333,0.4,0.5294117647058824,1.0222985744476318,51,12,13,16,9,49,18,16,17,35,15,15,34
101,0.42424242424242425,0.4166666666666667,0.375,0.36363636363636365,0.16666666666666666,0.4375,0.0,0.75,0.45454545454545453,0.391304347826087,0.5,0.5,0.42857142857142855,1.087270736694336,33,12,8,11,6,32,10,12,11,23,10,6,14,0.5098039215686274,0.5,0.6923076923076923,0.5625,0.5555555555555556,0.5102040816326531,0.3333333333333333,0.75,0.47058823529411764,0.5428571428571428,0.4666666666666667,0.4666666666666667,0.6176470588235294,1.023976445198059,51,12,13,16,9,49,18,16,17,35,15,15,34
102,0.42424242424242425,0.4166666666666667,0.375,0.36363636363636365,0.16666666666666666,0.4375,0.0,0.75,0.45454545454545453,0.391304347826087,0.5,0.5,0.42857142857142855,1.0871331691741943,33,12,8,11,6,32,10,12,11,23,10,6,14,0.5490196078431373,0.5,0.6923076923076923,0.5625,0.4444444444444444,0.5714285714285714,0.3888888888888889,0.6875,0.5882352941176471,0.5142857142857142,0.6666666666666666,0.4666666666666667,0.5882352941176471,1.0061644315719604,51,12,13,16,9,49,18,16,17,35,15,15,34
103,0.42424242424242425,0.4166666666666667,0.375,0.36363636363636365,0.16666666666666666,0.4375,0.0,0.75,0.45454545454545453,0.391304347826087,0.5,0.5,0.42857142857142855,1.0869731903076172,33,12,8,11,6,32,10,12,11,23,10,6,14,0.5490196078431373,0.4166666666666667,0.6923076923076923,0.5625,0.3333333333333333,0.5714285714285714,0.3333333333333333,0.75,0.5882352941176471,0.5428571428571428,0.6,0.4666666666666667,0.5882352941176471,1.0095791816711426,51,12,13,16,9,49,18,16,17,35,15,15,34
104,0.42424242424242425,0.4166666666666667,0.375,0.36363636363636365,0.16666666666666666,0.4375,0.0,0.75,0.45454545454545453,0.391304347826087,0.5,0.5,0.42857142857142855,1.0868207216262817,33,12,8,11,6,32,10,12,11,23,10,6,14,0.5294117647058824,0.3333333333333333,0.7692307692307693,0.5,0.2222222222222222,0.5510204081632653,0.2222222222222222,0.8125,0.5882352941176471,0.4857142857142857,0.6666666666666666,0.4666666666666667,0.5882352941176471,0.999325692653656,51,12,13,16,9,49,18,16,17,35,15,15,34
105,0.42424242424242425,0.4166666666666667,0.375,0.36363636363636365,0.16666666666666666,0.4375,0.0,0.75,0.45454545454545453,0.391304347826087,0.5,0.5,0.42857142857142855,1.0866540670394897,33,12,8,11,6,32,10,12,11,23,10,6,14,0.5490196078431373,0.4166666666666667,0.6923076923076923,0.5625,0.4444444444444444,0.5510204081632653,0.3888888888888889,0.75,0.5294117647058824,0.5142857142857142,0.6,0.4666666666666667,0.6470588235294118,1.011351227760315,51,12,13,16,9,49,18,16,17,35,15,15,34
106,0.42424242424242425,0.4166666666666667,0.375,0.36363636363636365,0.16666666666666666,0.4375,0.0,0.75,0.45454545454545453,0.391304347826087,0.5,0.5,0.42857142857142855,1.0864931344985962,33,12,8,11,6,32,10,12,11,23,10,6,14,0.5490196078431373,0.5,0.7692307692307693,0.625,0.5555555555555556,0.5714285714285714,0.3333333333333333,0.75,0.5882352941176471,0.5428571428571428,0.6,0.5333333333333333,0.5882352941176471,1.0096005201339722,51,12,13,16,9,49,18,16,17,35,15,15,34
107,0.42424242424242425,0.4166666666666667,0.375,0.36363636363636365,0.16666666666666666,0.4375,0.0,0.75,0.45454545454545453,0.391304347826087,0.5,0.5,0.42857142857142855,1.086364507675171,33,12,8,11,6,32,10,12,11,23,10,6,14,0.5098039215686274,0.4166666666666667,0.8461538461538461,0.625,0.5555555555555556,0.5102040816326531,0.1111111111111111,0.875,0.5882352941176471,0.4857142857142857,0.6,0.4666666666666667,0.5294117647058824,0.9970992803573608,51,12,13,16,9,49,18,16,17,35,15,15,34
108,0.42424242424242425,0.4166666666666667,0.375,0.36363636363636365,0.16666666666666666,0.4375,0.0,0.75,0.45454545454545453,0.391304347826087,0.5,0.5,0.42857142857142855,1.0862669944763184,33,12,8,11,6,32,10,12,11,23,10,6,14,0.5490196078431373,0.3333333333333333,0.8461538461538461,0.625,0.5555555555555556,0.5510204081632653,0.2222222222222222,0.8125,0.6470588235294118,0.5428571428571428,0.6,0.6666666666666666,0.5882352941176471,0.9901935458183289,51,12,13,16,9,49,18,16,17,35,15,15,34
109,0.42424242424242425,0.4166666666666667,0.375,0.36363636363636365,0.16666666666666666,0.4375,0.0,0.75,0.45454545454545453,0.391304347826087,0.5,0.5,0.42857142857142855,1.0861823558807373,33,12,8,11,6,32,10,12,11,23,10,6,14,0.5098039215686274,0.25,0.7692307692307693,0.5625,0.4444444444444444,0.5306122448979592,0.2222222222222222,0.75,0.5882352941176471,0.5142857142857142,0.5333333333333333,0.5333333333333333,0.5588235294117647,1.0002447366714478,51,12,13,16,9,49,18,16,17,35,15,15,34
110,0.42424242424242425,0.4166666666666667,0.375,0.36363636363636365,0.16666666666666666,0.4375,0.0,0.75,0.45454545454545453,0.391304347826087,0.5,0.5,0.42857142857142855,1.0860909223556519,33,12,8,11,6,32,10,12,11,23,10,6,14,0.5294117647058824,0.3333333333333333,0.6923076923076923,0.5625,0.4444444444444444,0.5510204081632653,0.2222222222222222,0.75,0.6470588235294118,0.5142857142857142,0.6,0.5333333333333333,0.5882352941176471,0.9976092576980591,51,12,13,16,9,49,18,16,17,35,15,15,34
111,0.42424242424242425,0.4166666666666667,0.375,0.36363636363636365,0.16666666666666666,0.4375,0.0,0.75,0.45454545454545453,0.391304347826087,0.5,0.5,0.42857142857142855,1.0860118865966797,33,12,8,11,6,32,10,12,11,23,10,6,14,0.5098039215686274,0.4166666666666667,0.6923076923076923,0.5,0.4444444444444444,0.5102040816326531,0.16666666666666666,0.8125,0.5882352941176471,0.5142857142857142,0.5333333333333333,0.4666666666666667,0.5588235294117647,0.9971040487289429,51,12,13,16,9,49,18,16,17,35,15,15,34
112,0.42424242424242425,0.4166666666666667,0.375,0.36363636363636365,0.16666666666666666,0.4375,0.0,0.75,0.45454545454545453,0.391304347826087,0.5,0.5,0.42857142857142855,1.0859453678131104,33,12,8,11,6,32,10,12,11,23,10,6,14,0.49019607843137253,0.4166666666666667,0.7692307692307693,0.5625,0.4444444444444444,0.4897959183673469,0.1111111111111111,0.875,0.5294117647058824,0.4857142857142857,0.5333333333333333,0.4,0.5588235294117647,0.9872639775276184,51,12,13,16,9,49,18,16,17,35,15,15,34
113,0.42424242424242425,0.4166666666666667,0.375,0.36363636363636365,0.16666666666666666,0.4375,0.0,0.75,0.45454545454545453,0.391304347826087,0.5,0.5,0.42857142857142855,1.0858750343322754,33,12,8,11,6,32,10,12,11,23,10,6,14,0.49019607843137253,0.3333333333333333,0.6923076923076923,0.5625,0.4444444444444444,0.4897959183673469,0.16666666666666666,0.75,0.5882352941176471,0.42857142857142855,0.6,0.4,0.5294117647058824,0.9914286732673645,51,12,13,16,9,49,18,16,17,35,15,15,34
114,0.42424242424242425,0.4166666666666667,0.375,0.36363636363636365,0.16666666666666666,0.4375,0.0,0.75,0.45454545454545453,0.391304347826087,0.5,0.5,0.42857142857142855,1.0857932567596436,33,12,8,11,6,32,10,12,11,23,10,6,14,0.5098039215686274,0.5,0.6923076923076923,0.5625,0.5555555555555556,0.5102040816326531,0.2222222222222222,0.75,0.5882352941176471,0.4857142857142857,0.6,0.4,0.5294117647058824,0.9898608326911926,51,12,13,16,9,49,18,16,17,35,15,15,34
115,0.3939393939393939,0.4166666666666667,0.25,0.2727272727272727,0.16666666666666666,0.40625,0.0,0.6666666666666666,0.45454545454545453,0.34782608695652173,0.5,0.5,0.42857142857142855,1.085711121559143,33,12,8,11,6,32,10,12,11,23,10,6,14,0.5294117647058824,0.5,0.6923076923076923,0.5,0.4444444444444444,0.5510204081632653,0.2777777777777778,0.75,0.5882352941176471,0.4857142857142857,0.6666666666666666,0.4666666666666667,0.5882352941176471,0.9944181442260742,51,12,13,16,9,49,18,16,17,35,15,15,34
116,0.3939393939393939,0.4166666666666667,0.25,0.2727272727272727,0.16666666666666666,0.40625,0.0,0.6666666666666666,0.45454545454545453,0.34782608695652173,0.5,0.5,0.42857142857142855,1.0856373310089111,33,12,8,11,6,32,10,12,11,23,10,6,14,0.5098039215686274,0.5,0.6923076923076923,0.4375,0.4444444444444444,0.5102040816326531,0.2222222222222222,0.75,0.5882352941176471,0.45714285714285713,0.6666666666666666,0.3333333333333333,0.5588235294117647,0.9714789390563965,51,12,13,16,9,49,18,16,17,35,15,15,34
117,0.3939393939393939,0.4166666666666667,0.25,0.2727272727272727,0.16666666666666666,0.40625,0.0,0.6666666666666666,0.45454545454545453,0.34782608695652173,0.5,0.5,0.42857142857142855,1.0855488777160645,33,12,8,11,6,32,10,12,11,23,10,6,14,0.5294117647058824,0.4166666666666667,0.6153846153846154,0.625,0.4444444444444444,0.5510204081632653,0.2777777777777778,0.6875,0.6470588235294118,0.5142857142857142,0.6,0.5333333333333333,0.5588235294117647,0.9774650931358337,51,12,13,16,9,49,18,16,17,35,15,15,34
118,0.3939393939393939,0.4166666666666667,0.25,0.2727272727272727,0.16666666666666666,0.40625,0.0,0.6666666666666666,0.45454545454545453,0.34782608695652173,0.5,0.5,0.42857142857142855,1.085482120513916,33,12,8,11,6,32,10,12,11,23,10,6,14,0.5490196078431373,0.4166666666666667,0.6923076923076923,0.4375,0.5555555555555556,0.5510204081632653,0.2222222222222222,0.8125,0.6470588235294118,0.5714285714285714,0.5333333333333333,0.4666666666666667,0.6176470588235294,0.9809442162513733,51,12,13,16,9,49,18,16,17,35,15,15,34
119,0.45454545454545453,0.5833333333333334,0.25,0.2727272727272727,0.5,0.46875,0.0,0.6666666666666666,0.6363636363636364,0.43478260869565216,0.5,0.5,0.42857142857142855,1.0854700803756714,33,12,8,11,6,32,10,12,11,23,10,6,14,0.5294117647058824,0.25,0.6923076923076923,0.5,0.3333333333333333,0.5510204081632653,0.2222222222222222,0.75,0.6470588235294118,0.5142857142857142,0.6,0.5333333333333333,0.5882352941176471,0.9848618507385254,51,12,13,16,9,49,18,16,17,35,15,15,34
120,0.45454545454545453,0.5833333333333334,0.25,0.2727272727272727,0.5,0.46875,0.0,0.6666666666666666,0.6363636363636364,0.43478260869565216,0.5,0.5,0.42857142857142855,1.0854612588882446,33,12,8,11,6,32,10,12,11,23,10,6,14,0.5686274509803921,0.5,0.7692307692307693,0.5625,0.5555555555555556,0.5714285714285714,0.3333333333333333,0.8125,0.5882352941176471,0.5714285714285714,0.6,0.5333333333333333,0.6176470588235294,0.9615458250045776,51,12,13,16,9,49,18,16,17,35,15,15,34
121,0.45454545454545453,0.5833333333333334,0.25,0.2727272727272727,0.5,0.46875,0.0,0.6666666666666666,0.6363636363636364,0.43478260869565216,0.5,0.5,0.42857142857142855,1.0854557752609253,33,12,8,11,6,32,10,12,11,23,10,6,14,0.45098039215686275,0.25,0.6923076923076923,0.5,0.3333333333333333,0.46938775510204084,0.16666666666666666,0.625,0.5882352941176471,0.42857142857142855,0.5333333333333333,0.4666666666666667,0.47058823529411764,1.0077991485595703,51,12,13,16,9,49,18,16,17,35,15,15,34
122,0.45454545454545453,0.5833333333333334,0.25,0.2727272727272727,0.5,0.46875,0.0,0.6666666666666666,0.6363636363636364,0.43478260869565216,0.5,0.5,0.42857142857142855,1.0853826999664307,33,12,8,11,6,32,10,12,11,23,10,6,14,0.5490196078431373,0.3333333333333333,0.6923076923076923,0.5,0.2222222222222222,0.5714285714285714,0.2222222222222222,0.6875,0.7647058823529411,0.4857142857142857,0.7333333333333333,0.6666666666666666,0.5588235294117647,0.9640494585037231,51,12,13,16,9,49,18,16,17,35,15,15,34
123,0.45454545454545453,0.5833333333333334,0.25,0.2727272727272727,0.5,0.46875,0.0,0.6666666666666666,0.6363636363636364,0.43478260869565216,0.5,0.5,0.42857142857142855,1.0852830410003662,33,12,8,11,6,32,10,12,11,23,10,6,14,0.5294117647058824,0.4166666666666667,0.6923076923076923,0.5,0.4444444444444444,0.5306122448979592,0.2777777777777778,0.6875,0.6470588235294118,0.5142857142857142,0.6,0.6,0.5882352941176471,0.9648978114128113,51,12,13,16,9,49,18,16,17,35,15,15,34
124,0.45454545454545453,0.5833333333333334,0.25,0.2727272727272727,0.5,0.46875,0.0,0.6666666666666666,0.6363636363636364,0.43478260869565216,0.5,0.5,0.42857142857142855,1.0851205587387085,33,12,8,11,6,32,10,12,11,23,10,6,14,0.6274509803921569,0.5,0.6923076923076923,0.5625,0.4444444444444444,0.6326530612244898,0.3888888888888889,0.8125,0.7058823529411765,0.6,0.7333333333333333,0.6666666666666666,0.6764705882352942,0.9461464881896973,51,12,13,16,9,49,18,16,17,35,15,15,34
125,0.45454545454545453,0.5833333333333334,0.25,0.2727272727272727,0.5,0.46875,0.0,0.6666666666666666,0.6363636363636364,0.43478260869565216,0.5,0.5,0.42857142857142855,1.0849924087524414,33,12,8,11,6,32,10,12,11,23,10,6,14,0.5294117647058824,0.5,0.6153846153846154,0.5,0.5555555555555556,0.5306122448979592,0.16666666666666666,0.75,0.7058823529411765,0.4857142857142857,0.6666666666666666,0.4666666666666667,0.5588235294117647,0.9603556990623474,51,12,13,16,9,49,18,16,17,35,15,15,34
126,0.45454545454545453,0.5833333333333334,0.25,0.2727272727272727,0.5,0.46875,0.0,0.6666666666666666,0.6363636363636364,0.43478260869565216,0.5,0.5,0.42857142857142855,1.0848745107650757,33,12,8,11,6,32,10,12,11,23,10,6,14,0.5490196078431373,0.4166666666666667,0.7692307692307693,0.5,0.4444444444444444,0.5714285714285714,0.3333333333333333,0.75,0.5882352941176471,0.5142857142857142,0.6666666666666666,0.5333333333333333,0.6176470588235294,0.9727882742881775,51,12,13,16,9,49,18,16,17,35,15,15,34
127,0.45454545454545453,0.5833333333333334,0.25,0.2727272727272727,0.5,0.46875,0.0,0.6666666666666666,0.6363636363636364,0.43478260869565216,0.5,0.5,0.42857142857142855,1.0847558975219727,33,12,8,11,6,32,10,12,11,23,10,6,14,0.5490196078431373,0.5,0.6923076923076923,0.4375,0.5555555555555556,0.5510204081632653,0.2777777777777778,0.75,0.6470588235294118,0.5142857142857142,0.6666666666666666,0.4666666666666667,0.6176470588235294,0.954450786113739,51,12,13,16,9,49,18,16,17,35,15,15,34
128,0.45454545454545453,0.5833333333333334,0.25,0.2727272727272727,0.5,0.46875,0.0,0.6666666666666666,0.6363636363636364,0.43478260869565216,0.5,0.5,0.42857142857142855,1.0845868587493896,33,12,8,11,6,32,10,12,11,23,10,6,14,0.5098039215686274,0.25,0.6923076923076923,0.5,0.3333333333333333,0.5306122448979592,0.16666666666666666,0.6875,0.7058823529411765,0.4857142857142857,0.6,0.6,0.5294117647058824,0.9565446376800537,51,12,13,16,9,49,18,16,17,35,15,15,34
129,0.45454545454545453,0.5833333333333334,0.25,0.2727272727272727,0.5,0.46875,0.0,0.6666666666666666,0.6363636363636364,0.43478260869565216,0.5,0.5,0.42857142857142855,1.084421157836914,33,12,8,11,6,32,10,12,11,23,10,6,14,0.5882352941176471,0.4166666666666667,0.6923076923076923,0.5625,0.4444444444444444,0.6122448979591837,0.3333333333333333,0.75,0.7058823529411765,0.5714285714285714,0.6666666666666666,0.5333333333333333,0.6470588235294118,0.9410153031349182,51,12,13,16,9,49,18,16,17,35,15,15,34
130,0.45454545454545453,0.5833333333333334,0.25,0.2727272727272727,0.5,0.46875,0.0,0.6666666666666666,0.6363636363636364,0.43478260869565216,0.5,0.5,0.42857142857142855,1.084364652633667,33,12,8,11,6,32,10,12,11,23,10,6,14,0.5686274509803921,0.3333333333333333,0.7692307692307693,0.625,0.4444444444444444,0.5714285714285714,0.3333333333333333,0.75,0.6470588235294118,0.5428571428571428,0.6,0.5333333333333333,0.6176470588235294,0.9593179821968079,51,12,13,16,9,49,18,16,17,35,15,15,34
131,0.45454545454545453,0.5833333333333334,0.25,0.2727272727272727,0.5,0.46875,0.0,0.6666666666666666,0.6363636363636364,0.43478260869565216,0.5,0.5,0.42857142857142855,1.0843888521194458,33,12,8,11,6,32,10,12,11,23,10,6,14,0.49019607843137253,0.4166666666666667,0.7692307692307693,0.625,0.4444444444444444,0.4897959183673469,0.2222222222222222,0.75,0.5294117647058824,0.4857142857142857,0.5333333333333333,0.4,0.5294117647058824,0.956574022769928,51,12,13,16,9,49,18,16,17,35,15,15,34
132,0.45454545454545453,0.5833333333333334,0.25,0.2727272727272727,0.5,0.46875,0.0,0.6666666666666666,0.6363636363636364,0.43478260869565216,0.5,0.5,0.42857142857142855,1.0844252109527588,33,12,8,11,6,32,10,12,11,23,10,6,14,0.5686274509803921,0.5,0.6923076923076923,0.5625,0.4444444444444444,0.5714285714285714,0.2777777777777778,0.8125,0.6470588235294118,0.5428571428571428,0.6666666666666666,0.5333333333333333,0.6470588235294118,0.9396165609359741,51,12,13,16,9,49,18,16,17,35,15,15,34
133,0.42424242424242425,0.5,0.25,0.2727272727272727,0.5,0.4375,0.0,0.5833333333333334,0.6363636363636364,0.43478260869565216,0.4,0.5,0.42857142857142855,1.084443211555481,33,12,8,11,6,32,10,12,11,23,10,6,14,0.5882352941176471,0.5833333333333334,0.7692307692307693,0.6875,0.6666666666666666,0.6122448979591837,0.4444444444444444,0.75,0.5882352941176471,0.6,0.6,0.6,0.6764705882352942,0.9192529320716858,51,12,13,16,9,49,18,16,17,35,15,15,34
134,0.3939393939393939,0.5,0.125,0.18181818181818182,0.5,0.40625,0.0,0.5,0.6363636363636364,0.391304347826087,0.4,0.5,0.35714285714285715,1.084525465965271,33,12,8,11,6,32,10,12,11,23,10,6,14,0.5098039215686274,0.3333333333333333,0.6923076923076923,0.5,0.4444444444444444,0.5102040816326531,0.2222222222222222,0.75,0.5882352941176471,0.4857142857142857,0.6,0.5333333333333333,0.5588235294117647,0.9520366787910461,51,12,13,16,9,49,18,16,17,35,15,15,34
135,0.3939393939393939,0.5,0.125,0.18181818181818182,0.5,0.40625,0.0,0.5,0.6363636363636364,0.391304347826087,0.4,0.5,0.35714285714285715,1.0845791101455688,33,12,8,11,6,32,10,12,11,23,10,6,14,0.5686274509803921,0.3333333333333333,0.7692307692307693,0.625,0.4444444444444444,0.5918367346938775,0.3333333333333333,0.75,0.6470588235294118,0.5714285714285714,0.6,0.6666666666666666,0.5882352941176471,0.944160521030426,51,12,13,16,9,49,18,16,17,35,15,15,34
136,0.3939393939393939,0.5,0.125,0.18181818181818182,0.5,0.40625,0.0,0.5,0.6363636363636364,0.391304347826087,0.4,0.5,0.35714285714285715,1.084604263305664,33,12,8,11,6,32,10,12,11,23,10,6,14,0.49019607843137253,0.25,0.6153846153846154,0.4375,0.3333333333333333,0.5102040816326531,0.16666666666666666,0.6875,0.6470588235294118,0.42857142857142855,0.6666666666666666,0.4,0.5,0.9422543048858643,51,12,13,16,9,49,18,16,17,35,15,15,34
137,0.3939393939393939,0.5,0.125,0.18181818181818182,0.5,0.40625,0.0,0.5,0.6363636363636364,0.391304347826087,0.4,0.5,0.35714285714285715,1.084545612335205,33,12,8,11,6,32,10,12,11,23,10,6,14,0.49019607843137253,0.3333333333333333,0.6923076923076923,0.5625,0.3333333333333333,0.5102040816326531,0.2222222222222222,0.6875,0.5882352941176471,0.45714285714285713,0.6,0.4666666666666667,0.5294117647058824,0.9474404454231262,51,12,13,16,9,49,18,16,17,35,15,15,34
138,0.3939393939393939,0.5,0.125,0.18181818181818182,0.5,0.40625,0.0,0.5,0.6363636363636364,0.391304347826087,0.4,0.5,0.35714285714285715,1.0844459533691406,33,12,8,11,6,32,10,12,11,23,10,6,14,0.5490196078431373,0.4166666666666667,0.7692307692307693,0.5625,0.4444444444444444,0.5714285714285714,0.3333333333333333,0.6875,0.6470588235294118,0.5428571428571428,0.6,0.5333333333333333,0.5882352941176471,0.9366797804832458,51,12,13,16,9,49,18,16,17,35,15,15,34
139,0.3939393939393939,0.5,0.125,0.18181818181818182,0.5,0.40625,0.0,0.5,0.6363636363636364,0.391304347826087,0.4,0.5,0.35714285714285715,1.084269404411316,33,12,8,11,6,32,10,12,11,23,10,6,14,0.5490196078431373,0.4166666666666667,0.6923076923076923,0.5625,0.4444444444444444,0.5714285714285714,0.3888888888888889,0.6875,0.5882352941176471,0.5142857142857142,0.6666666666666666,0.4666666666666667,0.6176470588235294,0.9394515752792358,51,12,13,16,9,49,18,16,17,35,15,15,34
140,0.3939393939393939,0.5,0.125,0.18181818181818182,0.5,0.40625,0.0,0.5,0.6363636363636364,0.391304347826087,0.4,0.5,0.35714285714285715,1.0841261148452759,33,12,8,11,6,32,10,12,11,23,10,6,14,0.5098039215686274,0.25,0.7692307692307693,0.5625,0.4444444444444444,0.5306122448979592,0.2222222222222222,0.75,0.5882352941176471,0.4857142857142857,0.6,0.4666666666666667,0.5294117647058824,0.9370678663253784,51,12,13,16,9,49,18,16,17,35,15,15,34
141,0.3939393939393939,0.5,0.125,0.18181818181818182,0.5,0.40625,0.0,0.5,0.6363636363636364,0.391304347826087,0.4,0.5,0.35714285714285715,1.084004521369934,33,12,8,11,6,32,10,12,11,23,10,6,14,0.5294117647058824,0.4166666666666667,0.6923076923076923,0.5625,0.4444444444444444,0.5306122448979592,0.2777777777777778,0.75,0.5882352941176471,0.5142857142857142,0.6,0.5333333333333333,0.5882352941176471,0.9235795736312866,51,12,13,16,9,49,18,16,17,35,15,15,34
142,0.3939393939393939,0.5,0.125,0.18181818181818182,0.5,0.40625,0.0,0.5,0.6363636363636364,0.391304347826087,0.4,0.5,0.35714285714285715,1.0839743614196777,33,12,8,11,6,32,10,12,11,23,10,6,14,0.5882352941176471,0.4166666666666667,0.6923076923076923,0.5625,0.4444444444444444,0.6122448979591837,0.3888888888888889,0.75,0.6470588235294118,0.6,0.6,0.5333333333333333,0.6470588235294118,0.9235264658927917,51,12,13,16,9,49,18,16,17,35,15,15,34
143,0.3939393939393939,0.5,0.125,0.18181818181818182,0.5,0.40625,0.0,0.5,0.6363636363636364,0.391304347826087,0.4,0.5,0.35714285714285715,1.0840132236480713,33,12,8,11,6,32,10,12,11,23,10,6,14,0.5098039215686274,0.3333333333333333,0.6923076923076923,0.5625,0.4444444444444444,0.5306122448979592,0.2777777777777778,0.6875,0.5882352941176471,0.4857142857142857,0.6,0.5333333333333333,0.5588235294117647,0.9346082806587219,51,12,13,16,9,49,18,16,17,35,15,15,34
144,0.42424242424242425,0.5,0.25,0.18181818181818182,0.5,0.4375,0.0,0.5,0.7272727272727273,0.391304347826087,0.5,0.5,0.35714285714285715,1.0841336250305176,33,12,8,11,6,32,10,12,11,23,10,6,14,0.5882352941176471,0.3333333333333333,0.7692307692307693,0.625,0.4444444444444444,0.6122448979591837,0.3888888888888889,0.75,0.6470588235294118,0.6,0.6,0.6666666666666666,0.6176470588235294,0.9227398633956909,51,12,13,16,9,49,18,16,17,35,15,15,34
145,0.42424242424242425,0.5,0.25,0.18181818181818182,0.5,0.4375,0.0,0.5,0.7272727272727273,0.391304347826087,0.5,0.5,0.35714285714285715,1.084393858909607,33,12,8,11,6,32,10,12,11,23,10,6,14,0.5882352941176471,0.4166666666666667,0.6923076923076923,0.625,0.5555555555555556,0.5714285714285714,0.3333333333333333,0.8125,0.6470588235294118,0.5428571428571428,0.6666666666666666,0.4666666666666667,0.6470588235294118,0.8950770497322083,51,12,13,16,9,49,18,16,17,35,15,15,34
146,0.42424242424242425,0.5,0.25,0.18181818181818182,0.5,0.4375,0.0,0.5,0.7272727272727273,0.391304347826087,0.5,0.5,0.35714285714285715,1.0847132205963135,33,12,8,11,6,32,10,12,11,23,10,6,14,0.5098039215686274,0.3333333333333333,0.6923076923076923,0.5625,0.3333333333333333,0.5102040816326531,0.2222222222222222,0.75,0.5882352941176471,0.4857142857142857,0.5333333333333333,0.4666666666666667,0.5588235294117647,0.9113219976425171,51,12,13,16,9,49,18,16,17,35,15,15,34
147,0.42424242424242425,0.5,0.25,0.18181818181818182,0.5,0.4375,0.0,0.5,0.7272727272727273,0.391304347826087,0.5,0.5,0.35714285714285715,1.0849180221557617,33,12,8,11,6,32,10,12,11,23,10,6,14,0.49019607843137253,0.25,0.6923076923076923,0.4375,0.2222222222222222,0.5102040816326531,0.1111111111111111,0.6875,0.7058823529411765,0.45714285714285713,0.6,0.6,0.5,0.8817362189292908,51,12,13,16,9,49,18,16,17,35,15,15,34
148,0.42424242424242425,0.5,0.25,0.18181818181818182,0.5,0.4375,0.0,0.5,0.7272727272727273,0.391304347826087,0.5,0.5,0.35714285714285715,1.0849542617797852,33,12,8,11,6,32,10,12,11,23,10,6,14,0.5098039215686274,0.3333333333333333,0.6153846153846154,0.5,0.4444444444444444,0.5102040816326531,0.16666666666666666,0.6875,0.7058823529411765,0.4857142857142857,0.6,0.6,0.5294117647058824,0.9198799729347229,51,12,13,16,9,49,18,16,17,35,15,15,34
149,0.42424242424242425,0.5,0.25,0.18181818181818182,0.5,0.4375,0.0,0.5,0.7272727272727273,0.391304347826087,0.5,0.5,0.35714285714285715,1.0847973823547363,33,12,8,11,6,32,10,12,11,23,10,6,14,0.6078431372549019,0.4166666666666667,0.6153846153846154,0.625,0.4444444444444444,0.6122448979591837,0.4444444444444444,0.6875,0.7058823529411765,0.5714285714285714,0.6666666666666666,0.6666666666666666,0.6764705882352942,0.9024510979652405,51,12,13,16,9,49,18,16,17,35,15,15,34
150,0.42424242424242425,0.5,0.25,0.18181818181818182,0.5,0.4375,0.0,0.5,0.7272727272727273,0.391304347826087,0.5,0.5,0.35714285714285715,1.0845190286636353,33,12,8,11,6,32,10,12,11,23,10,6,14,0.47058823529411764,0.4166666666666667,0.6923076923076923,0.5,0.5555555555555556,0.4897959183673469,0.2222222222222222,0.625,0.5882352941176471,0.45714285714285713,0.5333333333333333,0.4,0.5,0.8899374604225159,51,12,13,16,9,49,18,16,17,35,15,15,34
151,0.42424242424242425,0.5,0.25,0.18181818181818182,0.5,0.4375,0.0,0.5,0.7272727272727273,0.391304347826087,0.5,0.5,0.35714285714285715,1.0841909646987915,33,12,8,11,6,32,10,12,11,23,10,6,14,0.5294117647058824,0.3333333333333333,0.6923076923076923,0.5625,0.4444444444444444,0.5510204081632653,0.2222222222222222,0.6875,0.7058823529411765,0.5142857142857142,0.6,0.6,0.5588235294117647,0.9173135161399841,51,12,13,16,9,49,18,16,17,35,15,15,34
152,0.42424242424242425,0.5,0.25,0.18181818181818182,0.5,0.4375,0.0,0.5,0.7272727272727273,0.391304347826087,0.5,0.5,0.35714285714285715,1.0839881896972656,33,12,8,11,6,32,10,12,11,23,10,6,14,0.5294117647058824,0.4166666666666667,0.6923076923076923,0.625,0.5555555555555556,0.5306122448979592,0.3333333333333333,0.75,0.5294117647058824,0.5142857142857142,0.5333333333333333,0.4,0.6176470588235294,0.912339985370636,51,12,13,16,9,49,18,16,17,35,15,15,34
153,0.42424242424242425,0.5,0.25,0.18181818181818182,0.5,0.4375,0.0,0.5,0.7272727272727273,0.391304347826087,0.5,0.5,0.35714285714285715,1.0840084552764893,33,12,8,11,6,32,10,12,11,23,10,6,14,0.5098039215686274,0.3333333333333333,0.6153846153846154,0.5,0.4444444444444444,0.5102040816326531,0.2777777777777778,0.75,0.5294117647058824,0.4857142857142857,0.6,0.4,0.5882352941176471,0.9231756329536438,51,12,13,16,9,49,18,16,17,35,15,15,34
154,0.42424242424242425,0.5,0.25,0.18181818181818182,0.5,0.4375,0.0,0.5,0.7272727272727273,0.391304347826087,0.5,0.5,0.35714285714285715,1.0842111110687256,33,12,8,11,6,32,10,12,11,23,10,6,14,0.5882352941176471,0.5,0.7692307692307693,0.625,0.6666666666666666,0.5918367346938775,0.3888888888888889,0.75,0.6470588235294118,0.5428571428571428,0.6666666666666666,0.4666666666666667,0.6176470588235294,0.895643413066864,51,12,13,16,9,49,18,16,17,35,15,15,34
155,0.42424242424242425,0.5,0.25,0.18181818181818182,0.5,0.4375,0.0,0.5,0.7272727272727273,0.391304347826087,0.5,0.5,0.35714285714285715,1.0843745470046997,33,12,8,11,6,32,10,12,11,23,10,6,14,0.5882352941176471,0.3333333333333333,0.6923076923076923,0.5,0.4444444444444444,0.6122448979591837,0.4444444444444444,0.6875,0.6470588235294118,0.6,0.6,0.6,0.6176470588235294,0.8786409497261047,51,12,13,16,9,49,18,16,17,35,15,15,34
156,0.42424242424242425,0.5,0.25,0.18181818181818182,0.5,0.4375,0.0,0.5,0.7272727272727273,0.391304347826087,0.5,0.5,0.35714285714285715,1.0846623182296753,33,12,8,11,6,32,10,12,11,23,10,6,14,0.5490196078431373,0.3333333333333333,0.6923076923076923,0.5625,0.4444444444444444,0.5714285714285714,0.3333333333333333,0.6875,0.6470588235294118,0.5428571428571428,0.6,0.6,0.6176470588235294,0.8945320248603821,51,12,13,16,9,49,18,16,17,35,15,15,34
157,0.3939393939393939,0.4166666666666667,0.25,0.18181818181818182,0.3333333333333333,0.40625,0.0,0.4166666666666667,0.7272727272727273,0.391304347826087,0.4,0.5,0.2857142857142857,1.084755778312683,33,12,8,11,6,32,10,12,11,23,10,6,14,0.5098039215686274,0.3333333333333333,0.6923076923076923,0.5625,0.4444444444444444,0.5306122448979592,0.2222222222222222,0.6875,0.6470588235294118,0.4857142857142857,0.6,0.5333333333333333,0.5588235294117647,0.8775674700737,51,12,13,16,9,49,18,16,17,35,15,15,34
158,0.3939393939393939,0.4166666666666667,0.25,0.18181818181818182,0.3333333333333333,0.40625,0.0,0.4166666666666667,0.7272727272727273,0.391304347826087,0.4,0.5,0.2857142857142857,1.0845006704330444,33,12,8,11,6,32,10,12,11,23,10,6,14,0.5686274509803921,0.4166666666666667,0.6923076923076923,0.5625,0.5555555555555556,0.5918367346938775,0.3888888888888889,0.625,0.7058823529411765,0.6,0.5333333333333333,0.6666666666666666,0.6176470588235294,0.9012907147407532,51,12,13,16,9,49,18,16,17,35,15,15,34
159,0.42424242424242425,0.5,0.25,0.18181818181818182,0.5,0.4375,0.0,0.5,0.7272727272727273,0.391304347826087,0.5,0.5,0.35714285714285715,1.0841256380081177,33,12,8,11,6,32,10,12,11,23,10,6,14,0.5882352941176471,0.5,0.6923076923076923,0.625,0.6666666666666666,0.6122448979591837,0.5,0.6875,0.5882352941176471,0.6,0.6,0.5333333333333333,0.6764705882352942,0.8976008892059326,51,12,13,16,9,49,18,16,17,35,15,15,34
160,0.42424242424242425,0.5,0.25,0.18181818181818182,0.5,0.4375,0.0,0.5,0.7272727272727273,0.391304347826087,0.5,0.5,0.35714285714285715,1.083719253540039,33,12,8,11,6,32,10,12,11,23,10,6,14,0.5882352941176471,0.5,0.6923076923076923,0.625,0.4444444444444444,0.5918367346938775,0.2777777777777778,0.75,0.7647058823529411,0.5714285714285714,0.6,0.6,0.6470588235294118,0.872961163520813,51,12,13,16,9,49,18,16,17,35,15,15,34
161,0.42424242424242425,0.5,0.25,0.18181818181818182,0.5,0.4375,0.0,0.5,0.7272727272727273,0.391304347826087,0.5,0.5,0.35714285714285715,1.0832515954971313,33,12,8,11,6,32,10,12,11,23,10,6,14,0.5882352941176471,0.4166666666666667,0.6923076923076923,0.5625,0.5555555555555556,0.6122448979591837,0.3888888888888889,0.75,0.6470588235294118,0.6,0.6,0.6,0.6470588235294118,0.8912232518196106,51,12,13,16,9,49,18,16,17,35,15,15,34
162,0.42424242424242425,0.5,0.25,0.18181818181818182,0.5,0.4375,0.0,0.5,0.7272727272727273,0.391304347826087,0.5,0.5,0.35714285714285715,1.0828564167022705,33,12,8,11,6,32,10,12,11,23,10,6,14,0.6078431372549019,0.4166666666666667,0.6923076923076923,0.625,0.5555555555555556,0.5918367346938775,0.3333333333333333,0.875,0.6470588235294118,0.6,0.6,0.6,0.7058823529411765,0.8588875532150269,51,12,13,16,9,49,18,16,17,35,15,15,34
163,0.42424242424242425,0.5,0.25,0.18181818181818182,0.5,0.4375,0.0,0.5,0.7272727272727273,0.391304347826087,0.5,0.5,0.35714285714285715,1.0827083587646484,33,12,8,11,6,32,10,12,11,23,10,6,14,0.5098039215686274,0.3333333333333333,0.6923076923076923,0.5625,0.5555555555555556,0.5306122448979592,0.2777777777777778,0.625,0.6470588235294118,0.5142857142857142,0.5333333333333333,0.5333333333333333,0.5,0.8936560153961182,51,12,13,16,9,49,18,16,17,35,15,15,34
164,0.42424242424242425,0.5,0.25,0.18181818181818182,0.5,0.4375,0.0,0.5,0.7272727272727273,0.391304347826087,0.5,0.5,0.35714285714285715,1.082836389541626,33,12,8,11,6,32,10,12,11,23,10,6,14,0.5490196078431373,0.5,0.6923076923076923,0.5,0.6666666666666666,0.5510204081632653,0.2777777777777778,0.8125,0.5882352941176471,0.5142857142857142,0.6666666666666666,0.4,0.5882352941176471,0.8643762469291687,51,12,13,16,9,49,18,16,17,35,15,15,34
165,0.42424242424242425,0.5,0.25,0.18181818181818182,0.5,0.4375,0.0,0.5,0.7272727272727273,0.391304347826087,0.5,0.5,0.35714285714285715,1.0829375982284546,33,12,8,11,6,32,10,12,11,23,10,6,14,0.5686274509803921,0.4166666666666667,0.6923076923076923,0.5,0.5555555555555556,0.5918367346938775,0.2777777777777778,0.75,0.7058823529411765,0.5428571428571428,0.6666666666666666,0.4666666666666667,0.6176470588235294,0.8883375525474548,51,12,13,16,9,49,18,16,17,35,15,15,34
166,0.3939393939393939,0.4166666666666667,0.25,0.18181818181818182,0.3333333333333333,0.40625,0.0,0.4166666666666667,0.7272727272727273,0.391304347826087,0.4,0.5,0.2857142857142857,1.0832197666168213,33,12,8,11,6,32,10,12,11,23,10,6,14,0.6470588235294118,0.5,0.6923076923076923,0.6875,0.6666666666666666,0.6326530612244898,0.5,0.8125,0.6470588235294118,0.6285714285714286,0.6666666666666666,0.6,0.7352941176470589,0.8522560000419617,51,12,13,16,9,49,18,16,17,35,15,15,34
167,0.3939393939393939,0.4166666666666667,0.25,0.18181818181818182,0.3333333333333333,0.40625,0.0,0.4166666666666667,0.7272727272727273,0.391304347826087,0.4,0.5,0.2857142857142857,1.083265781402588,33,12,8,11,6,32,10,12,11,23,10,6,14,0.5686274509803921,0.3333333333333333,0.6923076923076923,0.5625,0.4444444444444444,0.5918367346938775,0.3888888888888889,0.75,0.5882352941176471,0.5714285714285714,0.6,0.5333333333333333,0.6470588235294118,0.8723570108413696,51,12,13,16,9,49,18,16,17,35,15,15,34
168,0.3939393939393939,0.4166666666666667,0.25,0.18181818181818182,0.3333333333333333,0.40625,0.0,0.4166666666666667,0.7272727272727273,0.391304347826087,0.4,0.5,0.2857142857142857,1.0832525491714478,33,12,8,11,6,32,10,12,11,23,10,6,14,0.5490196078431373,0.5,0.6153846153846154,0.6875,0.6666666666666666,0.5306122448979592,0.3333333333333333,0.75,0.5882352941176471,0.5142857142857142,0.6,0.4,0.6176470588235294,0.8578447103500366,51,12,13,16,9,49,18,16,17,35,15,15,34
169,0.3939393939393939,0.4166666666666667,0.25,0.18181818181818182,0.3333333333333333,0.40625,0.0,0.4166666666666667,0.7272727272727273,0.391304347826087,0.4,0.5,0.2857142857142857,1.0832628011703491,33,12,8,11,6,32,10,12,11,23,10,6,14,0.5686274509803921,0.4166666666666667,0.7692307692307693,0.625,0.6666666666666666,0.5918367346938775,0.3333333333333333,0.75,0.6470588235294118,0.5714285714285714,0.6,0.5333333333333333,0.5882352941176471,0.8583691716194153,51,12,13,16,9,49,18,16,17,35,15,15,34
170,0.3939393939393939,0.4166666666666667,0.25,0.18181818181818182,0.3333333333333333,0.40625,0.0,0.4166666666666667,0.7272727272727273,0.391304347826087,0.4,0.5,0.2857142857142857,1.0833156108856201,33,12,8,11,6,32,10,12,11,23,10,6,14,0.5882352941176471,0.4166666666666667,0.6923076923076923,0.6875,0.5555555555555556,0.5918367346938775,0.3888888888888889,0.75,0.6470588235294118,0.5714285714285714,0.6,0.6,0.6764705882352942,0.8388857841491699,51,12,13,16,9,49,18,16,17,35,15,15,34
171,0.36363636363636365,0.4166666666666667,0.25,0.18181818181818182,0.3333333333333333,0.375,0.0,0.3333333333333333,0.7272727272727273,0.391304347826087,0.3,0.3333333333333333,0.2857142857142857,1.083459496498108,33,12,8,11,6,32,10,12,11,23,10,6,14,0.6078431372549019,0.4166666666666667,0.6923076923076923,0.6875,0.5555555555555556,0.6122448979591837,0.3888888888888889,0.8125,0.6470588235294118,0.6,0.6,0.5333333333333333,0.6764705882352942,0.8598665595054626,51,12,13,16,9,49,18,16,17,35,15,15,34
172,0.3939393939393939,0.4166666666666667,0.25,0.18181818181818182,0.3333333333333333,0.40625,0.0,0.3333333333333333,0.8181818181818182,0.43478260869565216,0.3,0.5,0.35714285714285715,1.0837764739990234,33,12,8,11,6,32,10,12,11,23,10,6,14,0.5686274509803921,0.4166666666666667,0.6923076923076923,0.6875,0.5555555555555556,0.5714285714285714,0.4444444444444444,0.6875,0.5882352941176471,0.5714285714285714,0.5333333333333333,0.5333333333333333,0.6470588235294118,0.8556826114654541,51,12,13,16,9,49,18,16,17,35,15,15,34
173,0.3939393939393939,0.4166666666666667,0.25,0.18181818181818182,0.3333333333333333,0.40625,0.0,0.3333333333333333,0.8181818181818182,0.43478260869565216,0.3,0.5,0.35714285714285715,1.083938479423523,33,12,8,11,6,32,10,12,11,23,10,6,14,0.5490196078431373,0.5,0.6923076923076923,0.625,0.5555555555555556,0.5714285714285714,0.4444444444444444,0.5625,0.6470588235294118,0.5428571428571428,0.6,0.5333333333333333,0.5882352941176471,0.8487078547477722,51,12,13,16,9,49,18,16,17,35,15,15,34
174,0.3939393939393939,0.4166666666666667,0.25,0.18181818181818182,0.3333333333333333,0.40625,0.0,0.3333333333333333,0.8181818181818182,0.43478260869565216,0.3,0.5,0.35714285714285715,1.0839977264404297,33,12,8,11,6,32,10,12,11,23,10,6,14,0.5686274509803921,0.3333333333333333,0.6923076923076923,0.5625,0.4444444444444444,0.5918367346938775,0.3888888888888889,0.6875,0.6470588235294118,0.5714285714285714,0.6,0.6,0.6176470588235294,0.8507572412490845,51,12,13,16,9,49,18,16,17,35,15,15,34
175,0.3939393939393939,0.4166666666666667,0.25,0.18181818181818182,0.3333333333333333,0.40625,0.0,0.3333333333333333,0.8181818181818182,0.43478260869565216,0.3,0.5,0.35714285714285715,1.0838375091552734,33,12,8,11,6,32,10,12,11,23,10,6,14,0.5686274509803921,0.25,0.6923076923076923,0.5625,0.3333333333333333,0.5714285714285714,0.3888888888888889,0.75,0.5882352941176471,0.5142857142857142,0.6666666666666666,0.5333333333333333,0.6176470588235294,0.8773775100708008,51,12,13,16,9,49,18,16,17,35,15,15,34
176,0.3939393939393939,0.4166666666666667,0.25,0.18181818181818182,0.3333333333333333,0.40625,0.0,0.3333333333333333,0.8181818181818182,0.43478260869565216,0.3,0.5,0.35714285714285715,1.0833990573883057,33,12,8,11,6,32,10,12,11,23,10,6,14,0.6078431372549019,0.4166666666666667,0.6923076923076923,0.625,0.5555555555555556,0.5918367346938775,0.4444444444444444,0.8125,0.5882352941176471,0.5714285714285714,0.6666666666666666,0.5333333333333333,0.6764705882352942,0.8661836385726929,51,12,13,16,9,49,18,16,17,35,15,15,34
177,0.36363636363636365,0.4166666666666667,0.25,0.18181818181818182,0.3333333333333333,0.375,0.0,0.3333333333333333,0.7272727272727273,0.391304347826087,0.3,0.3333333333333333,0.2857142857142857,1.082985758781433,33,12,8,11,6,32,10,12,11,23,10,6,14,0.6078431372549019,0.5,0.6923076923076923,0.625,0.6666666666666666,0.5918367346938775,0.5,0.75,0.5882352941176471,0.6,0.6,0.5333333333333333,0.6764705882352942,0.8474384546279907,51,12,13,16,9,49,18,16,17,35,15,15,34
178,0.36363636363636365,0.4166666666666667,0.25,0.18181818181818182,0.3333333333333333,0.375,0.0,0.3333333333333333,0.7272727272727273,0.391304347826087,0.3,0.3333333333333333,0.2857142857142857,1.082789659500122,33,12,8,11,6,32,10,12,11,23,10,6,14,0.5882352941176471,0.4166666666666667,0.6923076923076923,0.6875,0.5555555555555556,0.5918367346938775,0.4444444444444444,0.6875,0.6470588235294118,0.6,0.5333333333333333,0.6,0.6764705882352942,0.8549688458442688,51,12,13,16,9,49,18,16,17,35,15,15,34
179,0.3939393939393939,0.4166666666666667,0.25,0.18181818181818182,0.3333333333333333,0.40625,0.0,0.3333333333333333,0.8181818181818182,0.43478260869565216,0.3,0.5,0.35714285714285715,1.0829862356185913,33,12,8,11,6,32,10,12,11,23,10,6,14,0.6274509803921569,0.4166666666666667,0.6923076923076923,0.6875,0.5555555555555556,0.6326530612244898,0.4444444444444444,0.8125,0.6470588235294118,0.6285714285714286,0.6,0.6,0.7352941176470589,0.8420656323432922,51,12,13,16,9,49,18,16,17,35,15,15,34
180,0.3939393939393939,0.4166666666666667,0.25,0.18181818181818182,0.3333333333333333,0.40625,0.0,0.3333333333333333,0.8181818181818182,0.43478260869565216,0.3,0.5,0.35714285714285715,1.0831650495529175,33,12,8,11,6,32,10,12,11,23,10,6,14,0.6274509803921569,0.5,0.6923076923076923,0.625,0.6666666666666666,0.6326530612244898,0.5,0.75,0.6470588235294118,0.6285714285714286,0.6666666666666666,0.6,0.6764705882352942,0.8534359931945801,51,12,13,16,9,49,18,16,17,35,15,15,34
181,0.3939393939393939,0.4166666666666667,0.25,0.18181818181818182,0.3333333333333333,0.40625,0.0,0.3333333333333333,0.8181818181818182,0.43478260869565216,0.3,0.5,0.35714285714285715,1.083473563194275,33,12,8,11,6,32,10,12,11,23,10,6,14,0.6666666666666666,0.3333333333333333,0.6923076923076923,0.625,0.4444444444444444,0.673469387755102,0.4444444444444444,0.8125,0.7647058823529411,0.6285714285714286,0.7333333333333333,0.6666666666666666,0.7058823529411765,0.8333403468132019,51,12,13,16,9,49,18,16,17,35,15,15,34
182,0.3939393939393939,0.4166666666666667,0.25,0.18181818181818182,0.3333333333333333,0.40625,0.0,0.3333333333333333,0.8181818181818182,0.43478260869565216,0.3,0.5,0.35714285714285715,1.0836881399154663,33,12,8,11,6,32,10,12,11,23,10,6,14,0.6274509803921569,0.5,0.6923076923076923,0.625,0.5555555555555556,0.6122448979591837,0.3333333333333333,0.8125,0.7647058823529411,0.5714285714285714,0.7333333333333333,0.5333333333333333,0.6470588235294118,0.8118854761123657,51,12,13,16,9,49,18,16,17,35,15,15,34
183,0.3939393939393939,0.4166666666666667,0.25,0.18181818181818182,0.3333333333333333,0.40625,0.0,0.3333333333333333,0.8181818181818182,0.43478260869565216,0.3,0.5,0.35714285714285715,1.0836931467056274,33,12,8,11,6,32,10,12,11,23,10,6,14,0.6470588235294118,0.3333333333333333,0.6923076923076923,0.625,0.4444444444444444,0.6530612244897959,0.3888888888888889,0.8125,0.7647058823529411,0.6,0.7333333333333333,0.6,0.6764705882352942,0.8175174593925476,51,12,13,16,9,49,18,16,17,35,15,15,34
184,0.3939393939393939,0.4166666666666667,0.25,0.18181818181818182,0.3333333333333333,0.40625,0.0,0.3333333333333333,0.8181818181818182,0.43478260869565216,0.3,0.5,0.35714285714285715,1.0833324193954468,33,12,8,11,6,32,10,12,11,23,10,6,14,0.6666666666666666,0.6666666666666666,0.6923076923076923,0.6875,0.6666666666666666,0.6530612244897959,0.5,0.8125,0.7058823529411765,0.6,0.8,0.5333333333333333,0.7058823529411765,0.8043999671936035,51,12,13,16,9,49,18,16,17,35,15,15,34
185,0.3939393939393939,0.4166666666666667,0.25,0.18181818181818182,0.3333333333333333,0.40625,0.0,0.3333333333333333,0.8181818181818182,0.43478260869565216,0.3,0.5,0.35714285714285715,1.082996129989624,33,12,8,11,6,32,10,12,11,23,10,6,14,0.6274509803921569,0.4166666666666667,0.6923076923076923,0.5625,0.5555555555555556,0.6326530612244898,0.4444444444444444,0.6875,0.7647058823529411,0.6,0.6666666666666666,0.6,0.6470588235294118,0.832908034324646,51,12,13,16,9,49,18,16,17,35,15,15,34
186,0.3939393939393939,0.4166666666666667,0.25,0.18181818181818182,0.3333333333333333,0.40625,0.0,0.3333333333333333,0.8181818181818182,0.43478260869565216,0.3,0.5,0.35714285714285715,1.0827388763427734,33,12,8,11,6,32,10,12,11,23,10,6,14,0.6470588235294118,0.5833333333333334,0.6923076923076923,0.6875,0.6666666666666666,0.6326530612244898,0.5,0.8125,0.6470588235294118,0.6285714285714286,0.6666666666666666,0.6,0.7058823529411765,0.8299890160560608,51,12,13,16,9,49,18,16,17,35,15,15,34
187,0.3939393939393939,0.4166666666666667,0.25,0.18181818181818182,0.3333333333333333,0.40625,0.0,0.3333333333333333,0.8181818181818182,0.43478260869565216,0.3,0.5,0.35714285714285715,1.0826750993728638,33,12,8,11,6,32,10,12,11,23,10,6,14,0.5882352941176471,0.4166666666666667,0.6153846153846154,0.625,0.4444444444444444,0.5918367346938775,0.4444444444444444,0.6875,0.6470588235294118,0.5142857142857142,0.7333333333333333,0.5333333333333333,0.6176470588235294,0.8249091506004333,51,12,13,16,9,49,18,16,17,35,15,15,34
188,0.3939393939393939,0.4166666666666667,0.25,0.18181818181818182,0.3333333333333333,0.40625,0.0,0.3333333333333333,0.8181818181818182,0.43478260869565216,0.3,0.5,0.35714285714285715,1.0830328464508057,33,12,8,11,6,32,10,12,11,23,10,6,14,0.6666666666666666,0.5833333333333334,0.7692307692307693,0.75,0.8888888888888888,0.6530612244897959,0.6111111111111112,0.8125,0.5882352941176471,0.7142857142857143,0.5333333333333333,0.6,0.7647058823529411,0.8333612084388733,51,12,13,16,9,49,18,16,17,35,15,15,34
189,0.3939393939393939,0.4166666666666667,0.25,0.18181818181818182,0.3333333333333333,0.40625,0.0,0.3333333333333333,0.8181818181818182,0.43478260869565216,0.3,0.5,0.35714285714285715,1.0829342603683472,33,12,8,11,6,32,10,12,11,23,10,6,14,0.6666666666666666,0.5,0.6923076923076923,0.6875,0.6666666666666666,0.673469387755102,0.5,0.75,0.7647058823529411,0.6285714285714286,0.7333333333333333,0.6666666666666666,0.7058823529411765,0.8158520460128784,51,12,13,16,9,49,18,16,17,35,15,15,34
190,0.3939393939393939,0.4166666666666667,0.25,0.18181818181818182,0.3333333333333333,0.40625,0.0,0.3333333333333333,0.8181818181818182,0.43478260869565216,0.3,0.5,0.35714285714285715,1.0829411745071411,33,12,8,11,6,32,10,12,11,23,10,6,14,0.6078431372549019,0.4166666666666667,0.6923076923076923,0.6875,0.5555555555555556,0.6122448979591837,0.5,0.75,0.5882352941176471,0.6,0.6,0.5333333333333333,0.7058823529411765,0.8286064267158508,51,12,13,16,9,49,18,16,17,35,15,15,34
191,0.3939393939393939,0.4166666666666667,0.25,0.18181818181818182,0.3333333333333333,0.40625,0.0,0.3333333333333333,0.8181818181818182,0.43478260869565216,0.3,0.5,0.35714285714285715,1.0825648307800293,33,12,8,11,6,32,10,12,11,23,10,6,14,0.6274509803921569,0.5,0.6153846153846154,0.6875,0.6666666666666666,0.6326530612244898,0.5555555555555556,0.6875,0.6470588235294118,0.6,0.6666666666666666,0.5333333333333333,0.6764705882352942,0.8224318027496338,51,12,13,16,9,49,18,16,17,35,15,15,34
192,0.3939393939393939,0.4166666666666667,0.25,0.18181818181818182,0.3333333333333333,0.40625,0.0,0.3333333333333333,0.8181818181818182,0.43478260869565216,0.3,0.5,0.35714285714285715,1.0823838710784912,33,12,8,11,6,32,10,12,11,23,10,6,14,0.6078431372549019,0.5,0.6153846153846154,0.75,0.5555555555555556,0.6122448979591837,0.5,0.6875,0.6470588235294118,0.6,0.6,0.5333333333333333,0.6470588235294118,0.8191744685173035,51,12,13,16,9,49,18,16,17,35,15,15,34
193,0.3939393939393939,0.4166666666666667,0.25,0.18181818181818182,0.3333333333333333,0.40625,0.0,0.3333333333333333,0.8181818181818182,0.43478260869565216,0.3,0.5,0.35714285714285715,1.0824021100997925,33,12,8,11,6,32,10,12,11,23,10,6,14,0.6470588235294118,0.5,0.6923076923076923,0.6875,0.6666666666666666,0.6326530612244898,0.4444444444444444,0.8125,0.7058823529411765,0.6285714285714286,0.6666666666666666,0.6,0.7352941176470589,0.7942822575569153,51,12,13,16,9,49,18,16,17,35,15,15,34
194,0.3939393939393939,0.4166666666666667,0.25,0.18181818181818182,0.3333333333333333,0.40625,0.0,0.3333333333333333,0.8181818181818182,0.43478260869565216,0.3,0.5,0.35714285714285715,1.0827902555465698,33,12,8,11,6,32,10,12,11,23,10,6,14,0.5882352941176471,0.5833333333333334,0.6923076923076923,0.6875,0.5555555555555556,0.5714285714285714,0.3888888888888889,0.8125,0.5882352941176471,0.6,0.5333333333333333,0.4666666666666667,0.6470588235294118,0.8184432983398438,51,12,13,16,9,49,18,16,17,35,15,15,34
195,0.3939393939393939,0.4166666666666667,0.25,0.18181818181818182,0.3333333333333333,0.40625,0.0,0.3333333333333333,0.8181818181818182,0.43478260869565216,0.3,0.5,0.35714285714285715,1.0830286741256714,33,12,8,11,6,32,10,12,11,23,10,6,14,0.6470588235294118,0.5,0.6923076923076923,0.625,0.5555555555555556,0.6326530612244898,0.4444444444444444,0.8125,0.7058823529411765,0.6,0.7333333333333333,0.6,0.6764705882352942,0.80361407995224,51,12,13,16,9,49,18,16,17,35,15,15,34
196,0.3939393939393939,0.4166666666666667,0.25,0.18181818181818182,0.3333333333333333,0.40625,0.0,0.3333333333333333,0.8181818181818182,0.43478260869565216,0.3,0.5,0.35714285714285715,1.0833055973052979,33,12,8,11,6,32,10,12,11,23,10,6,14,0.6666666666666666,0.5,0.6923076923076923,0.625,0.6666666666666666,0.6530612244897959,0.5,0.8125,0.7058823529411765,0.6571428571428571,0.6666666666666666,0.6666666666666666,0.7352941176470589,0.7990889549255371,51,12,13,16,9,49,18,16,17,35,15,15,34
197,0.42424242424242425,0.4166666666666667,0.25,0.18181818181818182,0.5,0.40625,0.0,0.3333333333333333,0.9090909090909091,0.4782608695652174,0.3,0.5,0.35714285714285715,1.083359956741333,33,12,8,11,6,32,10,12,11,23,10,6,14,0.6470588235294118,0.5,0.6923076923076923,0.625,0.6666666666666666,0.673469387755102,0.5555555555555556,0.6875,0.7058823529411765,0.6571428571428571,0.6666666666666666,0.6,0.6764705882352942,0.8258944749832153,51,12,13,16,9,49,18,16,17,35,15,15,34
198,0.3939393939393939,0.4166666666666667,0.25,0.18181818181818182,0.3333333333333333,0.40625,0.0,0.3333333333333333,0.8181818181818182,0.43478260869565216,0.3,0.5,0.35714285714285715,1.0828112363815308,33,12,8,11,6,32,10,12,11,23,10,6,14,0.7450980392156863,0.5833333333333334,0.6923076923076923,0.6875,0.6666666666666666,0.7346938775510204,0.6111111111111112,0.8125,0.8235294117647058,0.6857142857142857,0.8666666666666667,0.6666666666666666,0.7941176470588235,0.776999294757843,51,12,13,16,9,49,18,16,17,35,15,15,34
199,0.3939393939393939,0.4166666666666667,0.25,0.18181818181818182,0.3333333333333333,0.40625,0.0,0.3333333333333333,0.8181818181818182,0.43478260869565216,0.3,0.5,0.35714285714285715,1.0821608304977417,33,12,8,11,6,32,10,12,11,23,10,6,14,0.6470588235294118,0.5,0.6923076923076923,0.625,0.6666666666666666,0.6326530612244898,0.4444444444444444,0.875,0.6470588235294118,0.6285714285714286,0.6666666666666666,0.6,0.7058823529411765,0.8021763563156128,51,12,13,16,9,49,18,16,17,35,15,15,34
200,0.3939393939393939,0.4166666666666667,0.25,0.18181818181818182,0.3333333333333333,0.40625,0.0,0.3333333333333333,0.8181818181818182,0.43478260869565216,0.3,0.5,0.35714285714285715,1.081872820854187,33,12,8,11,6,32,10,12,11,23,10,6,14,0.6470588235294118,0.4166666666666667,0.6923076923076923,0.6875,0.5555555555555556,0.6530612244897959,0.5,0.75,0.7058823529411765,0.6,0.7333333333333333,0.6,0.6764705882352942,0.8104251623153687,51,12,13,16,9,49,18,16,17,35,15,15,34
201,0.3939393939393939,0.4166666666666667,0.25,0.18181818181818182,0.3333333333333333,0.40625,0.0,0.3333333333333333,0.8181818181818182,0.43478260869565216,0.3,0.5,0.35714285714285715,1.0818666219711304,33,12,8,11,6,32,10,12,11,23,10,6,14,0.6470588235294118,0.5,0.6923076923076923,0.75,0.6666666666666666,0.6326530612244898,0.5555555555555556,0.8125,0.5882352941176471,0.6571428571428571,0.6,0.6,0.7647058823529411,0.8203529715538025,51,12,13,16,9,49,18,16,17,35,15,15,34
202,0.3939393939393939,0.4166666666666667,0.25,0.18181818181818182,0.3333333333333333,0.40625,0.0,0.3333333333333333,0.8181818181818182,0.43478260869565216,0.3,0.5,0.35714285714285715,1.0825597047805786,33,12,8,11,6,32,10,12,11,23,10,6,14,0.6470588235294118,0.5,0.7692307692307693,0.6875,0.7777777777777778,0.6530612244897959,0.5555555555555556,0.8125,0.5882352941176471,0.7142857142857143,0.5333333333333333,0.6,0.7647058823529411,0.7936638593673706,51,12,13,16,9,49,18,16,17,35,15,15,34
203,0.42424242424242425,0.4166666666666667,0.25,0.18181818181818182,0.5,0.40625,0.0,0.3333333333333333,0.9090909090909091,0.4782608695652174,0.3,0.5,0.35714285714285715,1.0835665464401245,33,12,8,11,6,32,10,12,11,23,10,6,14,0.6666666666666666,0.5833333333333334,0.7692307692307693,0.75,0.8888888888888888,0.6530612244897959,0.6111111111111112,0.8125,0.5882352941176471,0.6857142857142857,0.6,0.6,0.7647058823529411,0.8058964014053345,51,12,13,16,9,49,18,16,17,35,15,15,34
204,0.42424242424242425,0.4166666666666667,0.25,0.18181818181818182,0.5,0.40625,0.0,0.3333333333333333,0.9090909090909091,0.4782608695652174,0.3,0.5,0.35714285714285715,1.0846319198608398,33,12,8,11,6,32,10,12,11,23,10,6,14,0.6666666666666666,0.5,0.6153846153846154,0.6875,0.6666666666666666,0.6530612244897959,0.5555555555555556,0.75,0.7058823529411765,0.6285714285714286,0.7333333333333333,0.6,0.7058823529411765,0.7666397094726562,51,12,13,16,9,49,18,16,17,35,15,15,34
205,0.42424242424242425,0.4166666666666667,0.25,0.18181818181818182,0.5,0.40625,0.0,0.3333333333333333,0.9090909090909091,0.4782608695652174,0.3,0.5,0.35714285714285715,1.084367275238037,33,12,8,11,6,32,10,12,11,23,10,6,14,0.6470588235294118,0.6666666666666666,0.6153846153846154,0.625,0.7777777777777778,0.6530612244897959,0.5,0.625,0.8235294117647058,0.6857142857142857,0.6,0.6,0.6764705882352942,0.793757438659668,51,12,13,16,9,49,18,16,17,35,15,15,34
206,0.42424242424242425,0.4166666666666667,0.25,0.18181818181818182,0.5,0.40625,0.0,0.3333333333333333,0.9090909090909091,0.4782608695652174,0.3,0.5,0.35714285714285715,1.0834314823150635,33,12,8,11,6,32,10,12,11,23,10,6,14,0.6862745098039216,0.5,0.6923076923076923,0.6875,0.6666666666666666,0.673469387755102,0.5,0.8125,0.7647058823529411,0.6571428571428571,0.7333333333333333,0.6666666666666666,0.7352941176470589,0.7950907945632935,51,12,13,16,9,49,18,16,17,35,15,15,34
207,0.3939393939393939,0.4166666666666667,0.25,0.18181818181818182,0.3333333333333333,0.40625,0.0,0.3333333333333333,0.8181818181818182,0.43478260869565216,0.3,0.5,0.35714285714285715,1.0819529294967651,33,12,8,11,6,32,10,12,11,23,10,6,14,0.6862745098039216,0.5833333333333334,0.6923076923076923,0.625,0.7777777777777778,0.673469387755102,0.4444444444444444,0.875,0.7647058823529411,0.6571428571428571,0.7333333333333333,0.5333333333333333,0.7058823529411765,0.7802667021751404,51,12,13,16,9,49,18,16,17,35,15,15,34
208,0.3333333333333333,0.3333333333333333,0.25,0.18181818181818182,0.16666666666666666,0.34375,0.0,0.3333333333333333,0.6363636363636364,0.34782608695652173,0.3,0.3333333333333333,0.2857142857142857,1.0807569026947021,33,12,8,11,6,32,10,12,11,23,10,6,14,0.6666666666666666,0.5833333333333334,0.6923076923076923,0.6875,0.7777777777777778,0.6530612244897959,0.5,0.875,0.6470588235294118,0.6857142857142857,0.6,0.5333333333333333,0.7647058823529411,0.7565563917160034,51,12,13,16,9,49,18,16,17,35,15,15,34
209,0.3333333333333333,0.3333333333333333,0.25,0.18181818181818182,0.16666666666666666,0.34375,0.0,0.3333333333333333,0.6363636363636364,0.34782608695652173,0.3,0.3333333333333333,0.2857142857142857,1.080587387084961,33,12,8,11,6,32,10,12,11,23,10,6,14,0.7058823529411765,0.5833333333333334,0.7692307692307693,0.75,0.8888888888888888,0.6938775510204082,0.6666666666666666,0.8125,0.6470588235294118,0.7142857142857143,0.6666666666666666,0.6,0.7647058823529411,0.7695304751396179,51,12,13,16,9,49,18,16,17,35,15,15,34
210,0.3333333333333333,0.3333333333333333,0.25,0.18181818181818182,0.16666666666666666,0.34375,0.0,0.3333333333333333,0.6363636363636364,0.34782608695652173,0.3,0.3333333333333333,0.2857142857142857,1.0806891918182373,33,12,8,11,6,32,10,12,11,23,10,6,14,0.6862745098039216,0.5,0.6923076923076923,0.625,0.6666666666666666,0.673469387755102,0.5,0.875,0.7058823529411765,0.6571428571428571,0.7333333333333333,0.6,0.7352941176470589,0.7626189589500427,51,12,13,16,9,49,18,16,17,35,15,15,34
211,0.3333333333333333,0.3333333333333333,0.25,0.18181818181818182,0.16666666666666666,0.34375,0.0,0.3333333333333333,0.6363636363636364,0.34782608695652173,0.3,0.3333333333333333,0.2857142857142857,1.0812644958496094,33,12,8,11,6,32,10,12,11,23,10,6,14,0.5882352941176471,0.4166666666666667,0.6153846153846154,0.625,0.5555555555555556,0.5714285714285714,0.4444444444444444,0.8125,0.5294117647058824,0.5428571428571428,0.6666666666666666,0.5333333333333333,0.6764705882352942,0.7885200381278992,51,12,13,16,9,49,18,16,17,35,15,15,34
212,0.3939393939393939,0.4166666666666667,0.25,0.18181818181818182,0.3333333333333333,0.40625,0.0,0.3333333333333333,0.8181818181818182,0.43478260869565216,0.3,0.5,0.35714285714285715,1.0823849439620972,33,12,8,11,6,32,10,12,11,23,10,6,14,0.6274509803921569,0.5,0.6923076923076923,0.6875,0.6666666666666666,0.6122448979591837,0.4444444444444444,0.8125,0.6470588235294118,0.5714285714285714,0.7333333333333333,0.4666666666666667,0.6764705882352942,0.7781195640563965,51,12,13,16,9,49,18,16,17,35,15,15,34
213,0.42424242424242425,0.4166666666666667,0.25,0.18181818181818182,0.5,0.40625,0.0,0.3333333333333333,0.9090909090909091,0.4782608695652174,0.3,0.5,0.35714285714285715,1.0830140113830566,33,12,8,11,6,32,10,12,11,23,10,6,14,0.6078431372549019,0.5,0.6923076923076923,0.5625,0.6666666666666666,0.6122448979591837,0.4444444444444444,0.75,0.6470588235294118,0.6,0.6666666666666666,0.5333333333333333,0.6470588235294118,0.8157205581665039,51,12,13,16,9,49,18,16,17,35,15,15,34
214,0.42424242424242425,0.4166666666666667,0.25,0.18181818181818182,0.5,0.40625,0.0,0.3333333333333333,0.9090909090909091,0.4782608695652174,0.3,0.5,0.35714285714285715,1.083402156829834,33,12,8,11,6,32,10,12,11,23,10,6,14,0.6274509803921569,0.5,0.6923076923076923,0.625,0.6666666666666666,0.6122448979591837,0.5,0.75,0.6470588235294118,0.6285714285714286,0.6,0.6,0.6764705882352942,0.7889530658721924,51,12,13,16,9,49,18,16,17,35,15,15,34
215,0.42424242424242425,0.4166666666666667,0.25,0.18181818181818182,0.5,0.40625,0.0,0.3333333333333333,0.9090909090909091,0.4782608695652174,0.3,0.5,0.35714285714285715,1.0834802389144897,33,12,8,11,6,32,10,12,11,23,10,6,14,0.6470588235294118,0.5833333333333334,0.6923076923076923,0.6875,0.5555555555555556,0.6326530612244898,0.4444444444444444,0.8125,0.7058823529411765,0.6,0.7333333333333333,0.6,0.7058823529411765,0.7433292865753174,51,12,13,16,9,49,18,16,17,35,15,15,34
216,0.42424242424242425,0.4166666666666667,0.25,0.18181818181818182,0.5,0.40625,0.0,0.3333333333333333,0.9090909090909091,0.4782608695652174,0.3,0.5,0.35714285714285715,1.082905888557434,33,12,8,11,6,32,10,12,11,23,10,6,14,0.6862745098039216,0.5,0.6923076923076923,0.6875,0.6666666666666666,0.6938775510204082,0.5555555555555556,0.75,0.7647058823529411,0.6571428571428571,0.7333333333333333,0.6666666666666666,0.7352941176470589,0.8027446866035461,51,12,13,16,9,49,18,16,17,35,15,15,34
217,0.3333333333333333,0.3333333333333333,0.25,0.18181818181818182,0.16666666666666666,0.34375,0.0,0.3333333333333333,0.6363636363636364,0.34782608695652173,0.3,0.3333333333333333,0.2857142857142857,1.0821149349212646,33,12,8,11,6,32,10,12,11,23,10,6,14,0.6666666666666666,0.5,0.6923076923076923,0.6875,0.6666666666666666,0.6530612244897959,0.5,0.8125,0.7058823529411765,0.6285714285714286,0.7333333333333333,0.6,0.7352941176470589,0.7620967030525208,51,12,13,16,9,49,18,16,17,35,15,15,34
218,0.3333333333333333,0.3333333333333333,0.25,0.18181818181818182,0.16666666666666666,0.34375,0.0,0.3333333333333333,0.6363636363636364,0.34782608695652173,0.3,0.3333333333333333,0.2857142857142857,1.081451654434204,33,12,8,11,6,32,10,12,11,23,10,6,14,0.6470588235294118,0.5833333333333334,0.6923076923076923,0.6875,0.7777777777777778,0.6326530612244898,0.5555555555555556,0.8125,0.5882352941176471,0.6571428571428571,0.6,0.5333333333333333,0.7352941176470589,0.7616171836853027,51,12,13,16,9,49,18,16,17,35,15,15,34
219,0.30303030303030304,0.25,0.25,0.18181818181818182,0.0,0.3125,0.0,0.3333333333333333,0.5454545454545454,0.30434782608695654,0.3,0.3333333333333333,0.2857142857142857,1.0809835195541382,33,12,8,11,6,32,10,12,11,23,10,6,14,0.6862745098039216,0.5833333333333334,0.6923076923076923,0.75,0.6666666666666666,0.673469387755102,0.5,0.875,0.7058823529411765,0.6571428571428571,0.7333333333333333,0.6,0.7058823529411765,0.7697650194168091,51,12,13,16,9,49,18,16,17,35,15,15,34
220,0.30303030303030304,0.25,0.25,0.18181818181818182,0.0,0.3125,0.0,0.3333333333333333,0.5454545454545454,0.30434782608695654,0.3,0.3333333333333333,0.2857142857142857,1.0814075469970703,33,12,8,11,6,32,10,12,11,23,10,6,14,0.6666666666666666,0.5,0.6923076923076923,0.6875,0.6666666666666666,0.6530612244897959,0.5,0.875,0.6470588235294118,0.6285714285714286,0.7333333333333333,0.5333333333333333,0.7352941176470589,0.7453644871711731,51,12,13,16,9,49,18,16,17,35,15,15,34
221,0.30303030303030304,0.25,0.25,0.18181818181818182,0.0,0.3125,0.0,0.3333333333333333,0.5454545454545454,0.30434782608695654,0.3,0.3333333333333333,0.2857142857142857,1.0812875032424927,33,12,8,11,6,32,10,12,11,23,10,6,14,0.6470588235294118,0.5,0.6923076923076923,0.6875,0.4444444444444444,0.6530612244897959,0.3888888888888889,0.75,0.8235294117647058,0.5714285714285714,0.8,0.6,0.6470588235294118,0.7674359083175659,51,12,13,16,9,49,18,16,17,35,15,15,34
222,0.30303030303030304,0.25,0.25,0.18181818181818182,0.0,0.3125,0.0,0.3333333333333333,0.5454545454545454,0.30434782608695654,0.3,0.3333333333333333,0.2857142857142857,1.0816025733947754,33,12,8,11,6,32,10,12,11,23,10,6,14,0.6666666666666666,0.5,0.6923076923076923,0.6875,0.6666666666666666,0.6530612244897959,0.5,0.8125,0.7058823529411765,0.6285714285714286,0.7333333333333333,0.6,0.7058823529411765,0.7529805302619934,51,12,13,16,9,49,18,16,17,35,15,15,34
223,0.3333333333333333,0.25,0.25,0.18181818181818182,0.16666666666666666,0.3125,0.0,0.3333333333333333,0.6363636363636364,0.34782608695652173,0.3,0.3333333333333333,0.2857142857142857,1.0824356079101562,33,12,8,11,6,32,10,12,11,23,10,6,14,0.7254901960784313,0.5,0.7692307692307693,0.8125,0.6666666666666666,0.7346938775510204,0.6111111111111112,0.8125,0.7647058823529411,0.7142857142857143,0.7333333333333333,0.7333333333333333,0.7352941176470589,0.744137167930603,51,12,13,16,9,49,18,16,17,35,15,15,34
224,0.42424242424242425,0.4166666666666667,0.25,0.18181818181818182,0.3333333333333333,0.40625,0.1,0.3333333333333333,0.8181818181818182,0.43478260869565216,0.4,0.6666666666666666,0.35714285714285715,1.0830408334732056,33,12,8,11,6,32,10,12,11,23,10,6,14,0.6470588235294118,0.5833333333333334,0.6923076923076923,0.6875,0.6666666666666666,0.6530612244897959,0.4444444444444444,0.75,0.7647058823529411,0.6285714285714286,0.6666666666666666,0.6,0.6764705882352942,0.7271360754966736,51,12,13,16,9,49,18,16,17,35,15,15,34
225,0.42424242424242425,0.4166666666666667,0.25,0.18181818181818182,0.3333333333333333,0.40625,0.1,0.3333333333333333,0.8181818181818182,0.43478260869565216,0.4,0.6666666666666666,0.35714285714285715,1.0831413269042969,33,12,8,11,6,32,10,12,11,23,10,6,14,0.6470588235294118,0.5833333333333334,0.7692307692307693,0.75,0.8888888888888888,0.6326530612244898,0.5555555555555556,0.8125,0.5882352941176471,0.6285714285714286,0.6666666666666666,0.6,0.7058823529411765,0.767844021320343,51,12,13,16,9,49,18,16,17,35,15,15,34
226,0.3939393939393939,0.3333333333333333,0.25,0.18181818181818182,0.16666666666666666,0.375,0.2,0.3333333333333333,0.6363636363636364,0.34782608695652173,0.5,0.5,0.35714285714285715,1.0826905965805054,33,12,8,11,6,32,10,12,11,23,10,6,14,0.5686274509803921,0.5833333333333334,0.6923076923076923,0.6875,0.6666666666666666,0.5510204081632653,0.2777777777777778,0.75,0.7058823529411765,0.5428571428571428,0.6,0.4666666666666667,0.5882352941176471,0.7789172530174255,51,12,13,16,9,49,18,16,17,35,15,15,34
227,0.3333333333333333,0.25,0.25,0.18181818181818182,0.0,0.34375,0.1,0.3333333333333333,0.5454545454545454,0.30434782608695654,0.4,0.3333333333333333,0.35714285714285715,1.0822421312332153,33,12,8,11,6,32,10,12,11,23,10,6,14,0.6470588235294118,0.5,0.7692307692307693,0.625,0.7777777777777778,0.6530612244897959,0.5,0.75,0.7058823529411765,0.6285714285714286,0.7333333333333333,0.6,0.6764705882352942,0.7692824006080627,51,12,13,16,9,49,18,16,17,35,15,15,34
228,0.3333333333333333,0.25,0.25,0.18181818181818182,0.0,0.34375,0.1,0.3333333333333333,0.5454545454545454,0.30434782608695654,0.4,0.3333333333333333,0.35714285714285715,1.0818195343017578,33,12,8,11,6,32,10,12,11,23,10,6,14,0.6274509803921569,0.5,0.6923076923076923,0.625,0.6666666666666666,0.6326530612244898,0.4444444444444444,0.75,0.7058823529411765,0.6,0.7333333333333333,0.6,0.6470588235294118,0.7425045967102051,51,12,13,16,9,49,18,16,17,35,15,15,34
229,0.36363636363636365,0.3333333333333333,0.25,0.18181818181818182,0.0,0.375,0.2,0.3333333333333333,0.5454545454545454,0.30434782608695654,0.5,0.5,0.35714285714285715,1.0820233821868896,33,12,8,11,6,32,10,12,11,23,10,6,14,0.6666666666666666,0.5,0.7692307692307693,0.6875,0.5555555555555556,0.6530612244897959,0.5,0.8125,0.7058823529411765,0.6285714285714286,0.7333333333333333,0.6,0.6764705882352942,0.7481120228767395,51,12,13,16,9,49,18,16,17,35,15,15,34
230,0.36363636363636365,0.3333333333333333,0.25,0.18181818181818182,0.0,0.375,0.2,0.3333333333333333,0.5454545454545454,0.30434782608695654,0.5,0.5,0.35714285714285715,1.0824395418167114,33,12,8,11,6,32,10,12,11,23,10,6,14,0.6666666666666666,0.5,0.6923076923076923,0.75,0.5555555555555556,0.673469387755102,0.5555555555555556,0.75,0.7058823529411765,0.6571428571428571,0.6666666666666666,0.6666666666666666,0.7058823529411765,0.7549964785575867,51,12,13,16,9,49,18,16,17,35,15,15,34
231,0.36363636363636365,0.3333333333333333,0.25,0.18181818181818182,0.0,0.375,0.2,0.3333333333333333,0.5454545454545454,0.30434782608695654,0.5,0.5,0.35714285714285715,1.0825847387313843,33,12,8,11,6,32,10,12,11,23,10,6,14,0.6470588235294118,0.5833333333333334,0.6923076923076923,0.6875,0.6666666666666666,0.6326530612244898,0.4444444444444444,0.8125,0.7058823529411765,0.6,0.7333333333333333,0.6,0.6764705882352942,0.7743178606033325,51,12,13,16,9,49,18,16,17,35,15,15,34
232,0.36363636363636365,0.3333333333333333,0.25,0.18181818181818182,0.0,0.375,0.2,0.3333333333333333,0.5454545454545454,0.30434782608695654,0.5,0.5,0.35714285714285715,1.0821599960327148,33,12,8,11,6,32,10,12,11,23,10,6,14,0.6470588235294118,0.5,0.6923076923076923,0.6875,0.5555555555555556,0.6326530612244898,0.3888888888888889,0.875,0.7058823529411765,0.6,0.7333333333333333,0.6,0.6764705882352942,0.7319259643554688,51,12,13,16,9,49,18,16,17,35,15,15,34
233,0.36363636363636365,0.3333333333333333,0.25,0.18181818181818182,0.0,0.375,0.2,0.3333333333333333,0.5454545454545454,0.30434782608695654,0.5,0.5,0.35714285714285715,1.081991195678711,33,12,8,11,6,32,10,12,11,23,10,6,14,0.6078431372549019,0.3333333333333333,0.6923076923076923,0.5625,0.3333333333333333,0.5918367346938775,0.3333333333333333,0.8125,0.7058823529411765,0.5428571428571428,0.7333333333333333,0.5333333333333333,0.6176470588235294,0.7296025156974792,51,12,13,16,9,49,18,16,17,35,15,15,34
234,0.36363636363636365,0.3333333333333333,0.25,0.18181818181818182,0.0,0.375,0.2,0.3333333333333333,0.5454545454545454,0.30434782608695654,0.5,0.5,0.35714285714285715,1.0820350646972656,33,12,8,11,6,32,10,12,11,23,10,6,14,0.6470588235294118,0.4166666666666667,0.6923076923076923,0.75,0.5555555555555556,0.6530612244897959,0.6111111111111112,0.75,0.5882352941176471,0.6,0.7333333333333333,0.6,0.6764705882352942,0.753203272819519,51,12,13,16,9,49,18,16,17,35,15,15,34
235,0.36363636363636365,0.3333333333333333,0.25,0.18181818181818182,0.0,0.375,0.2,0.3333333333333333,0.5454545454545454,0.30434782608695654,0.5,0.5,0.35714285714285715,1.082252860069275,33,12,8,11,6,32,10,12,11,23,10,6,14,0.6470588235294118,0.5,0.6923076923076923,0.625,0.6666666666666666,0.6530612244897959,0.5555555555555556,0.6875,0.7058823529411765,0.6285714285714286,0.7333333333333333,0.5333333333333333,0.6764705882352942,0.7734939455986023,51,12,13,16,9,49,18,16,17,35,15,15,34
236,0.36363636363636365,0.3333333333333333,0.25,0.18181818181818182,0.0,0.375,0.2,0.3333333333333333,0.5454545454545454,0.30434782608695654,0.5,0.5,0.35714285714285715,1.0824220180511475,33,12,8,11,6,32,10,12,11,23,10,6,14,0.6666666666666666,0.5,0.6923076923076923,0.6875,0.6666666666666666,0.6530612244897959,0.5,0.875,0.6470588235294118,0.6571428571428571,0.6666666666666666,0.6,0.7352941176470589,0.7136309146881104,51,12,13,16,9,49,18,16,17,35,15,15,34
237,0.36363636363636365,0.3333333333333333,0.25,0.18181818181818182,0.0,0.375,0.2,0.3333333333333333,0.5454545454545454,0.30434782608695654,0.5,0.5,0.35714285714285715,1.0825471878051758,33,12,8,11,6,32,10,12,11,23,10,6,14,0.6470588235294118,0.5,0.6923076923076923,0.6875,0.6666666666666666,0.6326530612244898,0.5,0.75,0.7058823529411765,0.6,0.7333333333333333,0.4666666666666667,0.6764705882352942,0.76572585105896,51,12,13,16,9,49,18,16,17,35,15,15,34
238,0.36363636363636365,0.3333333333333333,0.25,0.18181818181818182,0.0,0.375,0.2,0.3333333333333333,0.5454545454545454,0.30434782608695654,0.5,0.5,0.35714285714285715,1.0821352005004883,33,12,8,11,6,32,10,12,11,23,10,6,14,0.7058823529411765,0.6666666666666666,0.6153846153846154,0.625,0.6666666666666666,0.7142857142857143,0.6111111111111112,0.8125,0.7058823529411765,0.7428571428571429,0.6666666666666666,0.6666666666666666,0.7941176470588235,0.7204935550689697,51,12,13,16,9,49,18,16,17,35,15,15,34
239,0.36363636363636365,0.3333333333333333,0.25,0.18181818181818182,0.0,0.375,0.2,0.3333333333333333,0.5454545454545454,0.30434782608695654,0.5,0.5,0.35714285714285715,1.0813672542572021,33,12,8,11,6,32,10,12,11,23,10,6,14,0.7058823529411765,0.5833333333333334,0.6923076923076923,0.6875,0.7777777777777778,0.6938775510204082,0.6111111111111112,0.75,0.7647058823529411,0.6857142857142857,0.7333333333333333,0.6,0.7647058823529411,0.6935051083564758,51,12,13,16,9,49,18,16,17,35,15,15,34
240,0.36363636363636365,0.3333333333333333,0.25,0.18181818181818182,0.0,0.375,0.2,0.3333333333333333,0.5454545454545454,0.30434782608695654,0.5,0.5,0.35714285714285715,1.0808085203170776,33,12,8,11,6,32,10,12,11,23,10,6,14,0.7058823529411765,0.5,0.7692307692307693,0.75,0.7777777777777778,0.6938775510204082,0.5555555555555556,0.8125,0.7647058823529411,0.6857142857142857,0.7333333333333333,0.7333333333333333,0.7352941176470589,0.7401010990142822,51,12,13,16,9,49,18,16,17,35,15,15,34
241,0.3333333333333333,0.25,0.25,0.18181818181818182,0.0,0.34375,0.1,0.3333333333333333,0.5454545454545454,0.30434782608695654,0.4,0.3333333333333333,0.35714285714285715,1.0800803899765015,33,12,8,11,6,32,10,12,11,23,10,6,14,0.6470588235294118,0.5,0.6923076923076923,0.625,0.6666666666666666,0.6326530612244898,0.3888888888888889,0.8125,0.7647058823529411,0.6,0.7333333333333333,0.6,0.6764705882352942,0.7319712042808533,51,12,13,16,9,49,18,16,17,35,15,15,34
242,0.3333333333333333,0.25,0.25,0.18181818181818182,0.0,0.34375,0.1,0.3333333333333333,0.5454545454545454,0.30434782608695654,0.4,0.3333333333333333,0.35714285714285715,1.0799870491027832,33,12,8,11,6,32,10,12,11,23,10,6,14,0.6078431372549019,0.3333333333333333,0.6153846153846154,0.5625,0.4444444444444444,0.5918367346938775,0.5,0.8125,0.5294117647058824,0.5714285714285714,0.6666666666666666,0.4666666666666667,0.7058823529411765,0.7333365082740784,51,12,13,16,9,49,18,16,17,35,15,15,34
243,0.36363636363636365,0.3333333333333333,0.25,0.18181818181818182,0.0,0.375,0.2,0.3333333333333333,0.5454545454545454,0.30434782608695654,0.5,0.5,0.35714285714285715,1.0803253650665283,33,12,8,11,6,32,10,12,11,23,10,6,14,0.6666666666666666,0.5,0.6923076923076923,0.6875,0.4444444444444444,0.6530612244897959,0.5,0.875,0.6470588235294118,0.6285714285714286,0.7333333333333333,0.5333333333333333,0.7058823529411765,0.7054947018623352,51,12,13,16,9,49,18,16,17,35,15,15,34
244,0.36363636363636365,0.3333333333333333,0.25,0.18181818181818182,0.0,0.375,0.2,0.3333333333333333,0.5454545454545454,0.30434782608695654,0.5,0.5,0.35714285714285715,1.0813013315200806,33,12,8,11,6,32,10,12,11,23,10,6,14,0.7058823529411765,0.5,0.7692307692307693,0.6875,0.5555555555555556,0.6938775510204082,0.5555555555555556,0.875,0.7058823529411765,0.6571428571428571,0.8,0.6666666666666666,0.7647058823529411,0.696288526058197,51,12,13,16,9,49,18,16,17,35,15,15,34
245,0.3333333333333333,0.3333333333333333,0.25,0.18181818181818182,0.0,0.34375,0.1,0.3333333333333333,0.5454545454545454,0.30434782608695654,0.4,0.5,0.2857142857142857,1.0830509662628174,33,12,8,11,6,32,10,12,11,23,10,6,14,0.6666666666666666,0.4166666666666667,0.6923076923076923,0.625,0.5555555555555556,0.6530612244897959,0.4444444444444444,0.875,0.7058823529411765,0.6,0.8,0.4666666666666667,0.7058823529411765,0.691407322883606,51,12,13,16,9,49,18,16,17,35,15,15,34
246,0.3333333333333333,0.3333333333333333,0.25,0.18181818181818182,0.0,0.34375,0.1,0.3333333333333333,0.5454545454545454,0.30434782608695654,0.4,0.5,0.2857142857142857,1.0834503173828125,33,12,8,11,6,32,10,12,11,23,10,6,14,0.6666666666666666,0.5833333333333334,0.7692307692307693,0.6875,0.7777777777777778,0.6530612244897959,0.5,0.8125,0.7058823529411765,0.6571428571428571,0.6666666666666666,0.6,0.6764705882352942,0.7189717292785645,51,12,13,16,9,49,18,16,17,35,15,15,34
247,0.36363636363636365,0.3333333333333333,0.25,0.18181818181818182,0.0,0.375,0.2,0.3333333333333333,0.5454545454545454,0.30434782608695654,0.5,0.5,0.35714285714285715,1.0828322172164917,33,12,8,11,6,32,10,12,11,23,10,6,14,0.5294117647058824,0.3333333333333333,0.6923076923076923,0.625,0.3333333333333333,0.5306122448979592,0.2777777777777778,0.6875,0.6470588235294118,0.4857142857142857,0.6,0.5333333333333333,0.5588235294117647,0.7586138248443604,51,12,13,16,9,49,18,16,17,35,15,15,34
248,0.36363636363636365,0.3333333333333333,0.25,0.18181818181818182,0.0,0.375,0.2,0.3333333333333333,0.5454545454545454,0.30434782608695654,0.5,0.5,0.35714285714285715,1.0825031995773315,33,12,8,11,6,32,10,12,11,23,10,6,14,0.6666666666666666,0.5833333333333334,0.6923076923076923,0.625,0.7777777777777778,0.6530612244897959,0.5,0.75,0.7647058823529411,0.6571428571428571,0.6666666666666666,0.6,0.6764705882352942,0.7012065052986145,51,12,13,16,9,49,18,16,17,35,15,15,34
249,0.36363636363636365,0.3333333333333333,0.25,0.18181818181818182,0.0,0.375,0.2,0.3333333333333333,0.5454545454545454,0.30434782608695654,0.5,0.5,0.35714285714285715,1.0818325281143188,33,12,8,11,6,32,10,12,11,23,10,6,14,0.6862745098039216,0.6666666666666666,0.7692307692307693,0.75,0.8888888888888888,0.673469387755102,0.5,0.8125,0.7647058823529411,0.6857142857142857,0.6666666666666666,0.6666666666666666,0.7058823529411765,0.7019611597061157,51,12,13,16,9,49,18,16,17,35,15,15,34
250,0.36363636363636365,0.3333333333333333,0.25,0.18181818181818182,0.0,0.375,0.2,0.3333333333333333,0.5454545454545454,0.30434782608695654,0.5,0.5,0.35714285714285715,1.0812373161315918,33,12,8,11,6,32,10,12,11,23,10,6,14,0.6666666666666666,0.4166666666666667,0.7692307692307693,0.6875,0.5555555555555556,0.6530612244897959,0.4444444444444444,0.8125,0.7647058823529411,0.6285714285714286,0.7333333333333333,0.8,0.6764705882352942,0.7488961219787598,51,12,13,16,9,49,18,16,17,35,15,15,34
251,0.36363636363636365,0.3333333333333333,0.25,0.18181818181818182,0.0,0.375,0.2,0.3333333333333333,0.5454545454545454,0.30434782608695654,0.5,0.5,0.35714285714285715,1.0812926292419434,33,12,8,11,6,32,10,12,11,23,10,6,14,0.6666666666666666,0.5,0.7692307692307693,0.75,0.6666666666666666,0.6530612244897959,0.5555555555555556,0.8125,0.6470588235294118,0.6285714285714286,0.7333333333333333,0.6,0.6764705882352942,0.729627788066864,51,12,13,16,9,49,18,16,17,35,15,15,34
252,0.36363636363636365,0.3333333333333333,0.25,0.18181818181818182,0.0,0.375,0.2,0.3333333333333333,0.5454545454545454,0.30434782608695654,0.5,0.5,0.35714285714285715,1.0816943645477295,33,12,8,11,6,32,10,12,11,23,10,6,14,0.6666666666666666,0.5,0.6923076923076923,0.6875,0.5555555555555556,0.6530612244897959,0.4444444444444444,0.8125,0.7647058823529411,0.6,0.8,0.6,0.6764705882352942,0.6888459324836731,51,12,13,16,9,49,18,16,17,35,15,15,34
253,0.36363636363636365,0.3333333333333333,0.25,0.18181818181818182,0.0,0.375,0.2,0.3333333333333333,0.5454545454545454,0.30434782608695654,0.5,0.5,0.35714285714285715,1.0817878246307373,33,12,8,11,6,32,10,12,11,23,10,6,14,0.6666666666666666,0.4166666666666667,0.6923076923076923,0.625,0.4444444444444444,0.6530612244897959,0.5555555555555556,0.8125,0.6470588235294118,0.6285714285714286,0.7333333333333333,0.6666666666666666,0.6764705882352942,0.743574321269989,51,12,13,16,9,49,18,16,17,35,15,15,34
254,0.36363636363636365,0.3333333333333333,0.25,0.18181818181818182,0.0,0.375,0.2,0.3333333333333333,0.5454545454545454,0.30434782608695654,0.5,0.5,0.35714285714285715,1.0829170942306519,33,12,8,11,6,32,10,12,11,23,10,6,14,0.7058823529411765,0.5833333333333334,0.6923076923076923,0.75,0.6666666666666666,0.6938775510204082,0.5555555555555556,0.8125,0.7647058823529411,0.6571428571428571,0.8,0.6,0.7058823529411765,0.7227906584739685,51,12,13,16,9,49,18,16,17,35,15,15,34
255,0.36363636363636365,0.3333333333333333,0.25,0.18181818181818182,0.0,0.375,0.2,0.3333333333333333,0.5454545454545454,0.30434782608695654,0.5,0.5,0.35714285714285715,1.0861986875534058,33,12,8,11,6,32,10,12,11,23,10,6,14,0.7450980392156863,0.6666666666666666,0.6923076923076923,0.75,0.6666666666666666,0.7346938775510204,0.6666666666666666,0.8125,0.7647058823529411,0.7142857142857143,0.8,0.7333333333333333,0.7647058823529411,0.676065981388092,51,12,13,16,9,49,18,16,17,35,15,15,34
256,0.36363636363636365,0.3333333333333333,0.25,0.18181818181818182,0.0,0.375,0.2,0.3333333333333333,0.5454545454545454,0.30434782608695654,0.5,0.5,0.35714285714285715,1.0876317024230957,33,12,8,11,6,32,10,12,11,23,10,6,14,0.6862745098039216,0.5,0.6923076923076923,0.6875,0.6666666666666666,0.673469387755102,0.5,0.8125,0.7647058823529411,0.6571428571428571,0.7333333333333333,0.6,0.7352941176470589,0.6889888048171997,51,12,13,16,9,49,18,16,17,35,15,15,34
257,0.36363636363636365,0.3333333333333333,0.25,0.18181818181818182,0.0,0.375,0.2,0.3333333333333333,0.5454545454545454,0.30434782608695654,0.5,0.5,0.35714285714285715,1.0869991779327393,33,12,8,11,6,32,10,12,11,23,10,6,14,0.6862745098039216,0.75,0.6153846153846154,0.6875,0.7777777777777778,0.673469387755102,0.5,0.75,0.8235294117647058,0.7142857142857143,0.6,0.6,0.7647058823529411,0.6505095362663269,51,12,13,16,9,49,18,16,17,35,15,15,34
258,0.36363636363636365,0.3333333333333333,0.25,0.18181818181818182,0.0,0.375,0.2,0.3333333333333333,0.5454545454545454,0.30434782608695654,0.5,0.5,0.35714285714285715,1.0840582847595215,33,12,8,11,6,32,10,12,11,23,10,6,14,0.6666666666666666,0.6666666666666666,0.6153846153846154,0.6875,0.6666666666666666,0.6530612244897959,0.5555555555555556,0.625,0.8235294117647058,0.7142857142857143,0.5333333333333333,0.6,0.7352941176470589,0.7048271298408508,51,12,13,16,9,49,18,16,17,35,15,15,34
259,0.36363636363636365,0.3333333333333333,0.25,0.18181818181818182,0.0,0.375,0.2,0.3333333333333333,0.5454545454545454,0.30434782608695654,0.5,0.5,0.35714285714285715,1.0804412364959717,33,12,8,11,6,32,10,12,11,23,10,6,14,0.6470588235294118,0.5833333333333334,0.6153846153846154,0.75,0.6666666666666666,0.6326530612244898,0.5555555555555556,0.75,0.6470588235294118,0.6,0.7333333333333333,0.5333333333333333,0.6764705882352942,0.7220826745033264,51,12,13,16,9,49,18,16,17,35,15,15,34
260,0.3939393939393939,0.4166666666666667,0.25,0.18181818181818182,0.0,0.40625,0.3,0.3333333333333333,0.5454545454545454,0.30434782608695654,0.6,0.5,0.35714285714285715,1.0785335302352905,33,12,8,11,6,32,10,12,11,23,10,6,14,0.6470588235294118,0.5833333333333334,0.6923076923076923,0.5625,0.5555555555555556,0.6326530612244898,0.5,0.8125,0.6470588235294118,0.5428571428571428,0.8666666666666667,0.6,0.6470588235294118,0.7181216478347778,51,12,13,16,9,49,18,16,17,35,15,15,34
261,0.3939393939393939,0.4166666666666667,0.25,0.18181818181818182,0.0,0.40625,0.3,0.3333333333333333,0.5454545454545454,0.30434782608695654,0.6,0.5,0.35714285714285715,1.0783430337905884,33,12,8,11,6,32,10,12,11,23,10,6,14,0.7058823529411765,0.6666666666666666,0.6923076923076923,0.6875,0.6666666666666666,0.6938775510204082,0.6666666666666666,0.75,0.7058823529411765,0.6285714285714286,0.8666666666666667,0.5333333333333333,0.6764705882352942,0.714475691318512,51,12,13,16,9,49,18,16,17,35,15,15,34
262,0.36363636363636365,0.3333333333333333,0.25,0.18181818181818182,0.0,0.375,0.2,0.3333333333333333,0.5454545454545454,0.30434782608695654,0.5,0.5,0.35714285714285715,1.079710841178894,33,12,8,11,6,32,10,12,11,23,10,6,14,0.7254901960784313,0.5833333333333334,0.7692307692307693,0.8125,0.7777777777777778,0.7142857142857143,0.6666666666666666,0.875,0.6470588235294118,0.7142857142857143,0.7333333333333333,0.7333333333333333,0.7647058823529411,0.7198290228843689,51,12,13,16,9,49,18,16,17,35,15,15,34
263,0.36363636363636365,0.3333333333333333,0.25,0.18181818181818182,0.0,0.375,0.2,0.3333333333333333,0.5454545454545454,0.30434782608695654,0.5,0.5,0.35714285714285715,1.0816950798034668,33,12,8,11,6,32,10,12,11,23,10,6,14,0.6862745098039216,0.6666666666666666,0.7692307692307693,0.8125,0.8888888888888888,0.673469387755102,0.6666666666666666,0.75,0.6470588235294118,0.6857142857142857,0.6666666666666666,0.6,0.7058823529411765,0.7188239097595215,51,12,13,16,9,49,18,16,17,35,15,15,34
264,0.36363636363636365,0.3333333333333333,0.25,0.18181818181818182,0.0,0.375,0.1,0.3333333333333333,0.6363636363636364,0.30434782608695654,0.5,0.5,0.2857142857142857,1.0843472480773926,33,12,8,11,6,32,10,12,11,23,10,6,14,0.6666666666666666,0.5833333333333334,0.6923076923076923,0.6875,0.7777777777777778,0.6530612244897959,0.5,0.8125,0.7058823529411765,0.6285714285714286,0.7333333333333333,0.5333333333333333,0.7058823529411765,0.6613032817840576,51,12,13,16,9,49,18,16,17,35,15,15,34
265,0.42424242424242425,0.3333333333333333,0.25,0.18181818181818182,0.16666666666666666,0.40625,0.1,0.3333333333333333,0.8181818181818182,0.391304347826087,0.5,0.6666666666666666,0.35714285714285715,1.086590051651001,33,12,8,11,6,32,10,12,11,23,10,6,14,0.7254901960784313,0.6666666666666666,0.7692307692307693,0.8125,0.7777777777777778,0.7142857142857143,0.6111111111111112,0.8125,0.7647058823529411,0.7142857142857143,0.7333333333333333,0.6666666666666666,0.7352941176470589,0.6719587445259094,51,12,13,16,9,49,18,16,17,35,15,15,34
266,0.42424242424242425,0.3333333333333333,0.25,0.18181818181818182,0.16666666666666666,0.40625,0.1,0.3333333333333333,0.8181818181818182,0.391304347826087,0.5,0.6666666666666666,0.35714285714285715,1.0860891342163086,33,12,8,11,6,32,10,12,11,23,10,6,14,0.5490196078431373,0.4166666666666667,0.6153846153846154,0.625,0.3333333333333333,0.5510204081632653,0.2222222222222222,0.6875,0.7647058823529411,0.5142857142857142,0.6,0.5333333333333333,0.5588235294117647,0.7315021753311157,51,12,13,16,9,49,18,16,17,35,15,15,34
267,0.3939393939393939,0.3333333333333333,0.25,0.18181818181818182,0.0,0.40625,0.2,0.3333333333333333,0.6363636363636364,0.30434782608695654,0.6,0.5,0.35714285714285715,1.0829576253890991,33,12,8,11,6,32,10,12,11,23,10,6,14,0.6666666666666666,0.5833333333333334,0.6923076923076923,0.625,0.5555555555555556,0.673469387755102,0.3888888888888889,0.75,0.8823529411764706,0.6571428571428571,0.7333333333333333,0.6666666666666666,0.7058823529411765,0.7037274241447449,51,12,13,16,9,49,18,16,17,35,15,15,34
268,0.36363636363636365,0.3333333333333333,0.25,0.18181818181818182,0.0,0.375,0.2,0.3333333333333333,0.5454545454545454,0.30434782608695654,0.5,0.5,0.35714285714285715,1.07981276512146,33,12,8,11,6,32,10,12,11,23,10,6,14,0.7058823529411765,0.6666666666666666,0.6923076923076923,0.6875,0.7777777777777778,0.6938775510204082,0.5555555555555556,0.8125,0.7647058823529411,0.7142857142857143,0.6666666666666666,0.6,0.7941176470588235,0.6727264523506165,51,12,13,16,9,49,18,16,17,35,15,15,34
269,0.3939393939393939,0.4166666666666667,0.25,0.18181818181818182,0.0,0.40625,0.3,0.3333333333333333,0.5454545454545454,0.30434782608695654,0.6,0.5,0.35714285714285715,1.0780014991760254,33,12,8,11,6,32,10,12,11,23,10,6,14,0.6470588235294118,0.5833333333333334,0.6923076923076923,0.75,0.6666666666666666,0.6326530612244898,0.5,0.8125,0.6470588235294118,0.6,0.7333333333333333,0.5333333333333333,0.6764705882352942,0.673892080783844,51,12,13,16,9,49,18,16,17,35,15,15,34
270,0.3939393939393939,0.4166666666666667,0.25,0.18181818181818182,0.0,0.40625,0.3,0.3333333333333333,0.5454545454545454,0.30434782608695654,0.6,0.5,0.35714285714285715,1.077749490737915,33,12,8,11,6,32,10,12,11,23,10,6,14,0.7058823529411765,0.5833333333333334,0.7692307692307693,0.6875,0.6666666666666666,0.6938775510204082,0.5555555555555556,0.8125,0.7647058823529411,0.6857142857142857,0.7333333333333333,0.6666666666666666,0.7058823529411765,0.6735293865203857,51,12,13,16,9,49,18,16,17,35,15,15,34
271,0.3939393939393939,0.4166666666666667,0.25,0.18181818181818182,0.0,0.40625,0.3,0.3333333333333333,0.5454545454545454,0.30434782608695654,0.6,0.5,0.35714285714285715,1.079717993736267,33,12,8,11,6,32,10,12,11,23,10,6,14,0.7254901960784313,0.5,0.8461538461538461,0.8125,0.7777777777777778,0.7142857142857143,0.5555555555555556,0.875,0.7647058823529411,0.6857142857142857,0.8,0.8,0.7352941176470589,0.7117649912834167,51,12,13,16,9,49,18,16,17,35,15,15,34
272,0.36363636363636365,0.3333333333333333,0.25,0.18181818181818182,0.0,0.375,0.2,0.3333333333333333,0.5454545454545454,0.30434782608695654,0.5,0.5,0.35714285714285715,1.0830848217010498,33,12,8,11,6,32,10,12,11,23,10,6,14,0.6274509803921569,0.5833333333333334,0.7692307692307693,0.75,0.5555555555555556,0.6122448979591837,0.3888888888888889,0.875,0.6470588235294118,0.6,0.6666666666666666,0.5333333333333333,0.6470588235294118,0.681368887424469,51,12,13,16,9,49,18,16,17,35,15,15,34
273,0.3939393939393939,0.3333333333333333,0.25,0.18181818181818182,0.0,0.40625,0.2,0.3333333333333333,0.6363636363636364,0.30434782608695654,0.6,0.5,0.35714285714285715,1.084657907485962,33,12,8,11,6,32,10,12,11,23,10,6,14,0.7254901960784313,0.6666666666666666,0.6923076923076923,0.6875,0.6666666666666666,0.7142857142857143,0.5555555555555556,0.8125,0.8235294117647058,0.6571428571428571,0.8666666666666667,0.6,0.7352941176470589,0.6777546405792236,51,12,13,16,9,49,18,16,17,35,15,15,34
274,0.36363636363636365,0.3333333333333333,0.25,0.18181818181818182,0.0,0.375,0.1,0.3333333333333333,0.6363636363636364,0.30434782608695654,0.5,0.5,0.2857142857142857,1.08628511428833,33,12,8,11,6,32,10,12,11,23,10,6,14,0.6666666666666666,0.5,0.6923076923076923,0.6875,0.5555555555555556,0.6530612244897959,0.5555555555555556,0.75,0.7058823529411765,0.6285714285714286,0.7333333333333333,0.5333333333333333,0.6764705882352942,0.689253032207489,51,12,13,16,9,49,18,16,17,35,15,15,34
275,0.36363636363636365,0.3333333333333333,0.25,0.18181818181818182,0.0,0.375,0.1,0.3333333333333333,0.6363636363636364,0.30434782608695654,0.5,0.5,0.2857142857142857,1.0861223936080933,33,12,8,11,6,32,10,12,11,23,10,6,14,0.7058823529411765,0.5833333333333334,0.7692307692307693,0.75,0.6666666666666666,0.6938775510204082,0.5555555555555556,0.8125,0.7647058823529411,0.6857142857142857,0.7333333333333333,0.6666666666666666,0.7352941176470589,0.6566421389579773,51,12,13,16,9,49,18,16,17,35,15,15,34
276,0.3939393939393939,0.3333333333333333,0.25,0.18181818181818182,0.0,0.40625,0.2,0.3333333333333333,0.6363636363636364,0.30434782608695654,0.6,0.5,0.35714285714285715,1.0845577716827393,33,12,8,11,6,32,10,12,11,23,10,6,14,0.7254901960784313,0.6666666666666666,0.8461538461538461,0.75,0.7777777777777778,0.7142857142857143,0.7222222222222222,0.75,0.7058823529411765,0.7142857142857143,0.7333333333333333,0.6,0.7352941176470589,0.6805473566055298,51,12,13,16,9,49,18,16,17,35,15,15,34
277,0.36363636363636365,0.3333333333333333,0.25,0.18181818181818182,0.0,0.375,0.2,0.3333333333333333,0.5454545454545454,0.30434782608695654,0.5,0.5,0.35714285714285715,1.0826765298843384,33,12,8,11,6,32,10,12,11,23,10,6,14,0.7058823529411765,0.5833333333333334,0.7692307692307693,0.8125,0.6666666666666666,0.6938775510204082,0.5555555555555556,0.8125,0.7647058823529411,0.7142857142857143,0.6666666666666666,0.6,0.7647058823529411,0.6720053553581238,51,12,13,16,9,49,18,16,17,35,15,15,34
278,0.3939393939393939,0.4166666666666667,0.25,0.18181818181818182,0.0,0.40625,0.3,0.3333333333333333,0.5454545454545454,0.30434782608695654,0.6,0.5,0.35714285714285715,1.0809333324432373,33,12,8,11,6,32,10,12,11,23,10,6,14,0.7254901960784313,0.6666666666666666,0.7692307692307693,0.8125,0.7777777777777778,0.7142857142857143,0.6111111111111112,0.875,0.7058823529411765,0.7142857142857143,0.7333333333333333,0.7333333333333333,0.7647058823529411,0.6814554929733276,51,12,13,16,9,49,18,16,17,35,15,15,34
279,0.3939393939393939,0.4166666666666667,0.25,0.18181818181818182,0.0,0.40625,0.3,0.3333333333333333,0.5454545454545454,0.30434782608695654,0.6,0.5,0.35714285714285715,1.080552101135254,33,12,8,11,6,32,10,12,11,23,10,6,14,0.7254901960784313,0.5833333333333334,0.8461538461538461,0.875,0.6666666666666666,0.7142857142857143,0.6111111111111112,0.875,0.7058823529411765,0.7142857142857143,0.7333333333333333,0.7333333333333333,0.7647058823529411,0.6583312749862671,51,12,13,16,9,49,18,16,17,35,15,15,34
280,0.3939393939393939,0.4166666666666667,0.25,0.18181818181818182,0.0,0.40625,0.3,0.3333333333333333,0.5454545454545454,0.30434782608695654,0.6,0.5,0.35714285714285715,1.0805768966674805,33,12,8,11,6,32,10,12,11,23,10,6,14,0.7450980392156863,0.5833333333333334,0.8461538461538461,0.8125,0.7777777777777778,0.7346938775510204,0.6111111111111112,0.875,0.7647058823529411,0.7428571428571429,0.7333333333333333,0.7333333333333333,0.7941176470588235,0.6605494022369385,51,12,13,16,9,49,18,16,17,35,15,15,34
281,0.3939393939393939,0.4166666666666667,0.25,0.18181818181818182,0.0,0.40625,0.3,0.3333333333333333,0.5454545454545454,0.30434782608695654,0.6,0.5,0.35714285714285715,1.08042573928833,33,12,8,11,6,32,10,12,11,23,10,6,14,0.6274509803921569,0.4166666666666667,0.8461538461538461,0.8125,0.5555555555555556,0.6326530612244898,0.3888888888888889,0.8125,0.7058823529411765,0.6,0.6666666666666666,0.7333333333333333,0.6764705882352942,0.666229784488678,51,12,13,16,9,49,18,16,17,35,15,15,34
282,0.3939393939393939,0.4166666666666667,0.25,0.18181818181818182,0.0,0.40625,0.3,0.3333333333333333,0.5454545454545454,0.30434782608695654,0.6,0.5,0.35714285714285715,1.081627368927002,33,12,8,11,6,32,10,12,11,23,10,6,14,0.7058823529411765,0.5,0.7692307692307693,0.75,0.6666666666666666,0.6938775510204082,0.6666666666666666,0.9375,0.5294117647058824,0.6857142857142857,0.7333333333333333,0.6666666666666666,0.7647058823529411,0.6753683090209961,51,12,13,16,9,49,18,16,17,35,15,15,34
283,0.3939393939393939,0.3333333333333333,0.25,0.18181818181818182,0.0,0.40625,0.2,0.3333333333333333,0.6363636363636364,0.30434782608695654,0.6,0.5,0.35714285714285715,1.0852210521697998,33,12,8,11,6,32,10,12,11,23,10,6,14,0.6666666666666666,0.5833333333333334,0.7692307692307693,0.75,0.5555555555555556,0.6530612244897959,0.5,0.8125,0.7058823529411765,0.6,0.8,0.6,0.6764705882352942,0.6751771569252014,51,12,13,16,9,49,18,16,17,35,15,15,34
284,0.36363636363636365,0.3333333333333333,0.25,0.18181818181818182,0.0,0.375,0.1,0.3333333333333333,0.6363636363636364,0.30434782608695654,0.5,0.5,0.2857142857142857,1.0873842239379883,33,12,8,11,6,32,10,12,11,23,10,6,14,0.803921568627451,0.75,0.6923076923076923,0.6875,0.6666666666666666,0.7959183673469388,0.7777777777777778,0.8125,0.8235294117647058,0.7428571428571429,0.9333333333333333,0.8666666666666667,0.8529411764705882,0.6296095848083496,51,12,13,16,9,49,18,16,17,35,15,15,34
285,0.36363636363636365,0.3333333333333333,0.25,0.18181818181818182,0.0,0.375,0.1,0.3333333333333333,0.6363636363636364,0.30434782608695654,0.5,0.5,0.2857142857142857,1.0881022214889526,33,12,8,11,6,32,10,12,11,23,10,6,14,0.7254901960784313,0.5833333333333334,0.7692307692307693,0.75,0.6666666666666666,0.7142857142857143,0.5555555555555556,0.875,0.7647058823529411,0.6857142857142857,0.8,0.6666666666666666,0.7941176470588235,0.6408537030220032,51,12,13,16,9,49,18,16,17,35,15,15,34
286,0.36363636363636365,0.3333333333333333,0.25,0.18181818181818182,0.0,0.375,0.1,0.3333333333333333,0.6363636363636364,0.30434782608695654,0.5,0.5,0.2857142857142857,1.0865520238876343,33,12,8,11,6,32,10,12,11,23,10,6,14,0.7058823529411765,0.6666666666666666,0.7692307692307693,0.8125,0.8888888888888888,0.7142857142857143,0.7222222222222222,0.625,0.7647058823529411,0.7142857142857143,0.6666666666666666,0.6,0.6764705882352942,0.6740124821662903,51,12,13,16,9,49,18,16,17,35,15,15,34
287,0.3939393939393939,0.3333333333333333,0.25,0.18181818181818182,0.0,0.40625,0.2,0.3333333333333333,0.6363636363636364,0.30434782608695654,0.6,0.5,0.35714285714285715,1.0834728479385376,33,12,8,11,6,32,10,12,11,23,10,6,14,0.7647058823529411,0.6666666666666666,0.6923076923076923,0.6875,0.7777777777777778,0.7551020408163265,0.6111111111111112,0.8125,0.8823529411764706,0.7142857142857143,0.8666666666666667,0.7333333333333333,0.7941176470588235,0.6493339538574219,51,12,13,16,9,49,18,16,17,35,15,15,34
288,0.3939393939393939,0.3333333333333333,0.25,0.18181818181818182,0.0,0.40625,0.2,0.3333333333333333,0.6363636363636364,0.30434782608695654,0.6,0.5,0.35714285714285715,1.0819073915481567,33,12,8,11,6,32,10,12,11,23,10,6,14,0.7254901960784313,0.4166666666666667,0.7692307692307693,0.75,0.6666666666666666,0.7142857142857143,0.5,0.9375,0.7647058823529411,0.6857142857142857,0.8,0.7333333333333333,0.7647058823529411,0.6482934951782227,51,12,13,16,9,49,18,16,17,35,15,15,34
289,0.42424242424242425,0.4166666666666667,0.25,0.18181818181818182,0.0,0.4375,0.3,0.3333333333333333,0.6363636363636364,0.30434782608695654,0.7,0.5,0.35714285714285715,1.0808452367782593,33,12,8,11,6,32,10,12,11,23,10,6,14,0.7450980392156863,0.6666666666666666,0.8461538461538461,0.875,0.7777777777777778,0.7346938775510204,0.7222222222222222,0.8125,0.7058823529411765,0.7428571428571429,0.7333333333333333,0.6666666666666666,0.7647058823529411,0.637368381023407,51,12,13,16,9,49,18,16,17,35,15,15,34
290,0.42424242424242425,0.4166666666666667,0.25,0.18181818181818182,0.0,0.4375,0.3,0.3333333333333333,0.6363636363636364,0.30434782608695654,0.7,0.5,0.35714285714285715,1.0811834335327148,33,12,8,11,6,32,10,12,11,23,10,6,14,0.7450980392156863,0.6666666666666666,0.7692307692307693,0.8125,0.7777777777777778,0.7346938775510204,0.6666666666666666,0.875,0.7058823529411765,0.7142857142857143,0.8,0.6666666666666666,0.7647058823529411,0.6704092025756836,51,12,13,16,9,49,18,16,17,35,15,15,34
291,0.3939393939393939,0.3333333333333333,0.25,0.18181818181818182,0.0,0.40625,0.2,0.3333333333333333,0.6363636363636364,0.30434782608695654,0.6,0.5,0.35714285714285715,1.0825293064117432,33,12,8,11,6,32,10,12,11,23,10,6,14,0.7254901960784313,0.5,0.7692307692307693,0.8125,0.5555555555555556,0.7346938775510204,0.6111111111111112,0.8125,0.7647058823529411,0.7142857142857143,0.7333333333333333,0.7333333333333333,0.7352941176470589,0.6610180139541626,51,12,13,16,9,49,18,16,17,35,15,15,34
292,0.3939393939393939,0.3333333333333333,0.25,0.18181818181818182,0.0,0.40625,0.2,0.3333333333333333,0.6363636363636364,0.30434782608695654,0.6,0.5,0.35714285714285715,1.0835137367248535,33,12,8,11,6,32,10,12,11,23,10,6,14,0.7647058823529411,0.5833333333333334,0.7692307692307693,0.8125,0.6666666666666666,0.7551020408163265,0.6666666666666666,0.875,0.7647058823529411,0.7714285714285715,0.7333333333333333,0.8,0.8235294117647058,0.6358590126037598,51,12,13,16,9,49,18,16,17,35,15,15,34
293,0.3939393939393939,0.3333333333333333,0.25,0.18181818181818182,0.0,0.40625,0.2,0.3333333333333333,0.6363636363636364,0.30434782608695654,0.6,0.5,0.35714285714285715,1.085511565208435,33,12,8,11,6,32,10,12,11,23,10,6,14,0.6862745098039216,0.5,0.6923076923076923,0.6875,0.5555555555555556,0.673469387755102,0.5,0.8125,0.7647058823529411,0.6285714285714286,0.8,0.7333333333333333,0.7058823529411765,0.6305155158042908,51,12,13,16,9,49,18,16,17,35,15,15,34
294,0.3939393939393939,0.3333333333333333,0.25,0.18181818181818182,0.0,0.40625,0.2,0.3333333333333333,0.6363636363636364,0.30434782608695654,0.6,0.5,0.35714285714285715,1.085041880607605,33,12,8,11,6,32,10,12,11,23,10,6,14,0.7058823529411765,0.5,0.7692307692307693,0.625,0.6666666666666666,0.6938775510204082,0.5,0.8125,0.8235294117647058,0.6285714285714286,0.8666666666666667,0.7333333333333333,0.7058823529411765,0.6156991124153137,51,12,13,16,9,49,18,16,17,35,15,15,34
295,0.3939393939393939,0.3333333333333333,0.25,0.18181818181818182,0.0,0.40625,0.2,0.3333333333333333,0.6363636363636364,0.30434782608695654,0.6,0.5,0.35714285714285715,1.0838862657546997,33,12,8,11,6,32,10,12,11,23,10,6,14,0.6862745098039216,0.5833333333333334,0.6923076923076923,0.75,0.5555555555555556,0.6938775510204082,0.5,0.8125,0.7647058823529411,0.6285714285714286,0.8,0.5333333333333333,0.6470588235294118,0.6405056715011597,51,12,13,16,9,49,18,16,17,35,15,15,34
296,0.3939393939393939,0.3333333333333333,0.25,0.18181818181818182,0.0,0.40625,0.2,0.3333333333333333,0.6363636363636364,0.30434782608695654,0.6,0.5,0.35714285714285715,1.083134412765503,33,12,8,11,6,32,10,12,11,23,10,6,14,0.7058823529411765,0.5833333333333334,0.6923076923076923,0.75,0.6666666666666666,0.6938775510204082,0.5555555555555556,0.8125,0.7647058823529411,0.6857142857142857,0.7333333333333333,0.6666666666666666,0.7352941176470589,0.6622872948646545,51,12,13,16,9,49,18,16,17,35,15,15,34
297,0.3939393939393939,0.3333333333333333,0.25,0.18181818181818182,0.0,0.40625,0.2,0.3333333333333333,0.6363636363636364,0.30434782608695654,0.6,0.5,0.35714285714285715,1.0831420421600342,33,12,8,11,6,32,10,12,11,23,10,6,14,0.7254901960784313,0.6666666666666666,0.6923076923076923,0.75,0.7777777777777778,0.7142857142857143,0.6111111111111112,0.8125,0.7647058823529411,0.7142857142857143,0.7333333333333333,0.6666666666666666,0.7647058823529411,0.6615497469902039,51,12,13,16,9,49,18,16,17,35,15,15,34
298,0.3939393939393939,0.3333333333333333,0.25,0.18181818181818182,0.0,0.40625,0.2,0.3333333333333333,0.6363636363636364,0.30434782608695654,0.6,0.5,0.35714285714285715,1.0847530364990234,33,12,8,11,6,32,10,12,11,23,10,6,14,0.7450980392156863,0.6666666666666666,0.8461538461538461,0.875,0.7777777777777778,0.7346938775510204,0.6666666666666666,0.9375,0.6470588235294118,0.7714285714285715,0.6666666666666666,0.6666666666666666,0.7941176470588235,0.607765793800354,51,12,13,16,9,49,18,16,17,35,15,15,34
299,0.3939393939393939,0.3333333333333333,0.25,0.18181818181818182,0.0,0.40625,0.2,0.3333333333333333,0.6363636363636364,0.30434782608695654,0.6,0.5,0.35714285714285715,1.0854322910308838,33,12,8,11,6,32,10,12,11,23,10,6,14,0.7058823529411765,0.6666666666666666,0.6923076923076923,0.75,0.7777777777777778,0.6938775510204082,0.6111111111111112,0.75,0.7647058823529411,0.7142857142857143,0.6666666666666666,0.6666666666666666,0.7352941176470589,0.6843781471252441,51,12,13,16,9,49,18,16,17,35,15,15,34
300,0.3939393939393939,0.3333333333333333,0.25,0.18181818181818182,0.0,0.40625,0.2,0.3333333333333333,0.6363636363636364,0.30434782608695654,0.6,0.5,0.35714285714285715,1.086562991142273,33,12,8,11,6,32,10,12,11,23,10,6,14,0.7254901960784313,0.5833333333333334,0.8461538461538461,0.875,0.6666666666666666,0.7346938775510204,0.5555555555555556,0.875,0.7647058823529411,0.6857142857142857,0.8,0.7333333333333333,0.7058823529411765,0.6243991255760193,51,12,13,16,9,49,18,16,17,35,15,15,34
301,0.3939393939393939,0.3333333333333333,0.25,0.18181818181818182,0.0,0.40625,0.2,0.3333333333333333,0.6363636363636364,0.30434782608695654,0.6,0.5,0.35714285714285715,1.0870981216430664,33,12,8,11,6,32,10,12,11,23,10,6,14,0.7450980392156863,0.5833333333333334,0.8461538461538461,0.8125,0.6666666666666666,0.7346938775510204,0.5555555555555556,0.875,0.8235294117647058,0.7142857142857143,0.8,0.8,0.7352941176470589,0.5983790755271912,51,12,13,16,9,49,18,16,17,35,15,15,34
302,0.3939393939393939,0.3333333333333333,0.25,0.18181818181818182,0.0,0.40625,0.2,0.3333333333333333,0.6363636363636364,0.30434782608695654,0.6,0.5,0.35714285714285715,1.0875744819641113,33,12,8,11,6,32,10,12,11,23,10,6,14,0.7450980392156863,0.5833333333333334,0.7692307692307693,0.8125,0.7777777777777778,0.7346938775510204,0.6666666666666666,0.75,0.8235294117647058,0.7428571428571429,0.7333333333333333,0.6666666666666666,0.7352941176470589,0.607887864112854,51,12,13,16,9,49,18,16,17,35,15,15,34
303,0.3939393939393939,0.3333333333333333,0.25,0.18181818181818182,0.0,0.40625,0.2,0.3333333333333333,0.6363636363636364,0.30434782608695654,0.6,0.5,0.35714285714285715,1.0872929096221924,33,12,8,11,6,32,10,12,11,23,10,6,14,0.803921568627451,0.75,0.7692307692307693,0.8125,0.6666666666666666,0.7959183673469388,0.6111111111111112,0.875,0.9411764705882353,0.8285714285714286,0.7333333333333333,0.8,0.8529411764705882,0.609386682510376,51,12,13,16,9,49,18,16,17,35,15,15,34
304,0.42424242424242425,0.4166666666666667,0.25,0.18181818181818182,0.0,0.4375,0.3,0.3333333333333333,0.6363636363636364,0.30434782608695654,0.7,0.5,0.35714285714285715,1.0842145681381226,33,12,8,11,6,32,10,12,11,23,10,6,14,0.6862745098039216,0.5833333333333334,0.6923076923076923,0.6875,0.6666666666666666,0.673469387755102,0.5,0.8125,0.7647058823529411,0.6857142857142857,0.6666666666666666,0.6666666666666666,0.7352941176470589,0.6969072222709656,51,12,13,16,9,49,18,16,17,35,15,15,34
305,0.36363636363636365,0.3333333333333333,0.125,0.18181818181818182,0.0,0.375,0.3,0.3333333333333333,0.45454545454545453,0.2608695652173913,0.6,0.5,0.35714285714285715,1.0813298225402832,33,12,8,11,6,32,10,12,11,23,10,6,14,0.7843137254901961,0.6666666666666666,0.8461538461538461,0.8125,0.7777777777777778,0.7755102040816326,0.6666666666666666,0.9375,0.7647058823529411,0.8,0.7333333333333333,0.7333333333333333,0.8235294117647058,0.5861125588417053,51,12,13,16,9,49,18,16,17,35,15,15,34
306,0.36363636363636365,0.3333333333333333,0.125,0.18181818181818182,0.0,0.375,0.3,0.3333333333333333,0.45454545454545453,0.2608695652173913,0.6,0.5,0.35714285714285715,1.081233263015747,33,12,8,11,6,32,10,12,11,23,10,6,14,0.6078431372549019,0.4166666666666667,0.7692307692307693,0.6875,0.3333333333333333,0.5918367346938775,0.2777777777777778,0.875,0.7058823529411765,0.6,0.6,0.6666666666666666,0.6470588235294118,0.6363994479179382,51,12,13,16,9,49,18,16,17,35,15,15,34
307,0.3939393939393939,0.4166666666666667,0.25,0.18181818181818182,0.0,0.40625,0.3,0.3333333333333333,0.5454545454545454,0.30434782608695654,0.6,0.5,0.35714285714285715,1.0832176208496094,33,12,8,11,6,32,10,12,11,23,10,6,14,0.7058823529411765,0.5,0.7692307692307693,0.75,0.5555555555555556,0.6938775510204082,0.5555555555555556,0.8125,0.7647058823529411,0.6571428571428571,0.8,0.7333333333333333,0.6764705882352942,0.6378543972969055,51,12,13,16,9,49,18,16,17,35,15,15,34
308,0.3939393939393939,0.4166666666666667,0.25,0.18181818181818182,0.0,0.40625,0.3,0.3333333333333333,0.5454545454545454,0.30434782608695654,0.6,0.5,0.35714285714285715,1.0851647853851318,33,12,8,11,6,32,10,12,11,23,10,6,14,0.8235294117647058,0.8333333333333334,0.7692307692307693,0.8125,0.8888888888888888,0.8163265306122449,0.8888888888888888,0.8125,0.7647058823529411,0.7714285714285715,0.9333333333333333,0.8,0.8235294117647058,0.5838952660560608,51,12,13,16,9,49,18,16,17,35,15,15,34
309,0.42424242424242425,0.4166666666666667,0.25,0.18181818181818182,0.0,0.4375,0.3,0.3333333333333333,0.6363636363636364,0.30434782608695654,0.7,0.5,0.35714285714285715,1.0879918336868286,33,12,8,11,6,32,10,12,11,23,10,6,14,0.7254901960784313,0.6666666666666666,0.7692307692307693,0.75,0.7777777777777778,0.7142857142857143,0.6111111111111112,0.8125,0.7647058823529411,0.6857142857142857,0.8,0.6666666666666666,0.7058823529411765,0.6146416664123535,51,12,13,16,9,49,18,16,17,35,15,15,34
310,0.42424242424242425,0.4166666666666667,0.25,0.18181818181818182,0.0,0.4375,0.3,0.3333333333333333,0.6363636363636364,0.30434782608695654,0.7,0.5,0.35714285714285715,1.0891077518463135,33,12,8,11,6,32,10,12,11,23,10,6,14,0.7450980392156863,0.75,0.7692307692307693,0.8125,0.6666666666666666,0.7551020408163265,0.7222222222222222,0.75,0.7647058823529411,0.6857142857142857,0.8666666666666667,0.6666666666666666,0.7647058823529411,0.5905777812004089,51,12,13,16,9,49,18,16,17,35,15,15,34
311,0.42424242424242425,0.4166666666666667,0.25,0.18181818181818182,0.0,0.4375,0.3,0.3333333333333333,0.6363636363636364,0.30434782608695654,0.7,0.5,0.35714285714285715,1.0884294509887695,33,12,8,11,6,32,10,12,11,23,10,6,14,0.7647058823529411,0.75,0.6923076923076923,0.75,0.7777777777777778,0.7551020408163265,0.7222222222222222,0.75,0.8235294117647058,0.7142857142857143,0.8666666666666667,0.6,0.7647058823529411,0.6160953640937805,51,12,13,16,9,49,18,16,17,35,15,15,34
312,0.42424242424242425,0.4166666666666667,0.25,0.18181818181818182,0.0,0.4375,0.3,0.3333333333333333,0.6363636363636364,0.30434782608695654,0.7,0.5,0.35714285714285715,1.0880897045135498,33,12,8,11,6,32,10,12,11,23,10,6,14,0.6862745098039216,0.6666666666666666,0.7692307692307693,0.8125,0.6666666666666666,0.673469387755102,0.5555555555555556,0.8125,0.7058823529411765,0.6285714285714286,0.8,0.5333333333333333,0.7058823529411765,0.5758645534515381,51,12,13,16,9,49,18,16,17,35,15,15,34
313,0.3939393939393939,0.4166666666666667,0.25,0.18181818181818182,0.0,0.40625,0.3,0.3333333333333333,0.5454545454545454,0.30434782608695654,0.6,0.5,0.35714285714285715,1.086974024772644,33,12,8,11,6,32,10,12,11,23,10,6,14,0.7254901960784313,0.5833333333333334,0.7692307692307693,0.75,0.7777777777777778,0.7142857142857143,0.6111111111111112,0.75,0.8235294117647058,0.7428571428571429,0.6666666666666666,0.6666666666666666,0.7647058823529411,0.6005174517631531,51,12,13,16,9,49,18,16,17,35,15,15,34
314,0.3939393939393939,0.4166666666666667,0.25,0.18181818181818182,0.0,0.40625,0.3,0.3333333333333333,0.5454545454545454,0.30434782608695654,0.6,0.5,0.35714285714285715,1.0875850915908813,33,12,8,11,6,32,10,12,11,23,10,6,14,0.7647058823529411,0.5,0.7692307692307693,0.8125,0.6666666666666666,0.7551020408163265,0.7222222222222222,0.8125,0.7647058823529411,0.7428571428571429,0.8,0.7333333333333333,0.7941176470588235,0.6026298403739929,51,12,13,16,9,49,18,16,17,35,15,15,34
315,0.3939393939393939,0.4166666666666667,0.25,0.18181818181818182,0.0,0.40625,0.3,0.3333333333333333,0.5454545454545454,0.30434782608695654,0.6,0.5,0.35714285714285715,1.0880481004714966,33,12,8,11,6,32,10,12,11,23,10,6,14,0.803921568627451,0.75,0.7692307692307693,0.8125,0.8888888888888888,0.7959183673469388,0.7777777777777778,0.75,0.8823529411764706,0.8,0.8,0.6666666666666666,0.8235294117647058,0.6050750613212585,51,12,13,16,9,49,18,16,17,35,15,15,34
316,0.42424242424242425,0.4166666666666667,0.25,0.18181818181818182,0.0,0.4375,0.3,0.3333333333333333,0.6363636363636364,0.30434782608695654,0.7,0.5,0.35714285714285715,1.0897985696792603,33,12,8,11,6,32,10,12,11,23,10,6,14,0.7450980392156863,0.5833333333333334,0.8461538461538461,0.8125,0.5555555555555556,0.7346938775510204,0.5555555555555556,0.875,0.8235294117647058,0.7142857142857143,0.8,0.8666666666666667,0.7352941176470589,0.5521919131278992,51,12,13,16,9,49,18,16,17,35,15,15,34
317,0.42424242424242425,0.4166666666666667,0.25,0.18181818181818182,0.0,0.4375,0.3,0.3333333333333333,0.6363636363636364,0.30434782608695654,0.7,0.5,0.35714285714285715,1.0925102233886719,33,12,8,11,6,32,10,12,11,23,10,6,14,0.7843137254901961,0.6666666666666666,0.7692307692307693,0.8125,0.8888888888888888,0.7755102040816326,0.7777777777777778,0.8125,0.7647058823529411,0.7714285714285715,0.8,0.6666666666666666,0.7941176470588235,0.599459171295166,51,12,13,16,9,49,18,16,17,35,15,15,34
318,0.42424242424242425,0.4166666666666667,0.25,0.18181818181818182,0.0,0.4375,0.3,0.3333333333333333,0.6363636363636364,0.30434782608695654,0.7,0.5,0.35714285714285715,1.0935403108596802,33,12,8,11,6,32,10,12,11,23,10,6,14,0.7843137254901961,0.5833333333333334,0.7692307692307693,0.8125,0.5555555555555556,0.7755102040816326,0.6111111111111112,0.9375,0.8235294117647058,0.7428571428571429,0.8666666666666667,0.8,0.7941176470588235,0.5988003015518188,51,12,13,16,9,49,18,16,17,35,15,15,34
319,0.42424242424242425,0.4166666666666667,0.25,0.18181818181818182,0.0,0.4375,0.3,0.3333333333333333,0.6363636363636364,0.30434782608695654,0.7,0.5,0.35714285714285715,1.0906703472137451,33,12,8,11,6,32,10,12,11,23,10,6,14,0.7843137254901961,0.6666666666666666,0.6923076923076923,0.6875,0.6666666666666666,0.7755102040816326,0.6666666666666666,0.8125,0.8823529411764706,0.7428571428571429,0.8666666666666667,0.7333333333333333,0.7941176470588235,0.6332811117172241,51,12,13,16,9,49,18,16,17,35,15,15,34
320,0.3939393939393939,0.4166666666666667,0.25,0.18181818181818182,0.0,0.40625,0.3,0.3333333333333333,0.5454545454545454,0.30434782608695654,0.6,0.5,0.35714285714285715,1.0889724493026733,33,12,8,11,6,32,10,12,11,23,10,6,14,0.7647058823529411,0.6666666666666666,0.7692307692307693,0.8125,0.8888888888888888,0.7551020408163265,0.7222222222222222,0.8125,0.7647058823529411,0.7428571428571429,0.8,0.8,0.7647058823529411,0.5748686790466309,51,12,13,16,9,49,18,16,17,35,15,15,34
321,0.3939393939393939,0.4166666666666667,0.25,0.18181818181818182,0.0,0.40625,0.3,0.3333333333333333,0.5454545454545454,0.30434782608695654,0.6,0.5,0.35714285714285715,1.0884255170822144,33,12,8,11,6,32,10,12,11,23,10,6,14,0.8235294117647058,0.6666666666666666,0.8461538461538461,0.875,0.7777777777777778,0.8163265306122449,0.7777777777777778,0.875,0.8235294117647058,0.8,0.8666666666666667,0.9333333333333333,0.8235294117647058,0.5916383862495422,51,12,13,16,9,49,18,16,17,35,15,15,34
322,0.42424242424242425,0.4166666666666667,0.25,0.18181818181818182,0.0,0.4375,0.3,0.3333333333333333,0.6363636363636364,0.30434782608695654,0.7,0.5,0.35714285714285715,1.089933156967163,33,12,8,11,6,32,10,12,11,23,10,6,14,0.8627450980392157,0.8333333333333334,0.8461538461538461,0.875,0.8888888888888888,0.8571428571428571,0.9444444444444444,0.9375,0.7058823529411765,0.8285714285714286,0.9333333333333333,0.8,0.8823529411764706,0.5873710513114929,51,12,13,16,9,49,18,16,17,35,15,15,34
323,0.42424242424242425,0.4166666666666667,0.25,0.18181818181818182,0.0,0.4375,0.3,0.3333333333333333,0.6363636363636364,0.30434782608695654,0.7,0.5,0.35714285714285715,1.0905102491378784,33,12,8,11,6,32,10,12,11,23,10,6,14,0.7058823529411765,0.75,0.6923076923076923,0.75,0.6666666666666666,0.6938775510204082,0.5555555555555556,0.8125,0.7647058823529411,0.6857142857142857,0.7333333333333333,0.6666666666666666,0.7352941176470589,0.5905290842056274,51,12,13,16,9,49,18,16,17,35,15,15,34
324,0.42424242424242425,0.4166666666666667,0.25,0.18181818181818182,0.0,0.4375,0.3,0.3333333333333333,0.6363636363636364,0.30434782608695654,0.7,0.5,0.35714285714285715,1.0925151109695435,33,12,8,11,6,32,10,12,11,23,10,6,14,0.7647058823529411,0.6666666666666666,0.8461538461538461,0.875,0.8888888888888888,0.7551020408163265,0.6111111111111112,0.9375,0.7647058823529411,0.8,0.6666666666666666,0.7333333333333333,0.7941176470588235,0.5869826674461365,51,12,13,16,9,49,18,16,17,35,15,15,34
325,0.42424242424242425,0.4166666666666667,0.25,0.18181818181818182,0.0,0.4375,0.3,0.3333333333333333,0.6363636363636364,0.30434782608695654,0.7,0.5,0.35714285714285715,1.0952644348144531,33,12,8,11,6,32,10,12,11,23,10,6,14,0.7058823529411765,0.6666666666666666,0.6153846153846154,0.75,0.7777777777777778,0.6938775510204082,0.7222222222222222,0.75,0.6470588235294118,0.6571428571428571,0.8,0.6,0.7352941176470589,0.6259709000587463,51,12,13,16,9,49,18,16,17,35,15,15,34
326,0.42424242424242425,0.4166666666666667,0.25,0.18181818181818182,0.0,0.4375,0.3,0.3333333333333333,0.6363636363636364,0.30434782608695654,0.7,0.5,0.35714285714285715,1.0953484773635864,33,12,8,11,6,32,10,12,11,23,10,6,14,0.7058823529411765,0.5833333333333334,0.7692307692307693,0.8125,0.6666666666666666,0.6938775510204082,0.6111111111111112,0.8125,0.7058823529411765,0.6857142857142857,0.7333333333333333,0.7333333333333333,0.7058823529411765,0.6284521222114563,51,12,13,16,9,49,18,16,17,35,15,15,34
327,0.42424242424242425,0.4166666666666667,0.25,0.18181818181818182,0.0,0.4375,0.3,0.3333333333333333,0.6363636363636364,0.30434782608695654,0.7,0.5,0.35714285714285715,1.0923101902008057,33,12,8,11,6,32,10,12,11,23,10,6,14,0.7647058823529411,0.6666666666666666,0.7692307692307693,0.75,0.6666666666666666,0.7551020408163265,0.6111111111111112,0.8125,0.8823529411764706,0.7714285714285715,0.7333333333333333,0.7333333333333333,0.7941176470588235,0.5970643162727356,51,12,13,16,9,49,18,16,17,35,15,15,34
328,0.42424242424242425,0.4166666666666667,0.25,0.18181818181818182,0.0,0.4375,0.3,0.3333333333333333,0.6363636363636364,0.30434782608695654,0.7,0.5,0.35714285714285715,1.0892857313156128,33,12,8,11,6,32,10,12,11,23,10,6,14,0.7058823529411765,0.5833333333333334,0.6923076923076923,0.8125,0.6666666666666666,0.6938775510204082,0.6666666666666666,0.75,0.7058823529411765,0.6285714285714286,0.8666666666666667,0.6666666666666666,0.6764705882352942,0.625175416469574,51,12,13,16,9,49,18,16,17,35,15,15,34
329,0.3939393939393939,0.4166666666666667,0.25,0.18181818181818182,0.0,0.40625,0.3,0.3333333333333333,0.5454545454545454,0.30434782608695654,0.6,0.5,0.35714285714285715,1.0846261978149414,33,12,8,11,6,32,10,12,11,23,10,6,14,0.6470588235294118,0.4166666666666667,0.6153846153846154,0.625,0.4444444444444444,0.6326530612244898,0.5,0.8125,0.6470588235294118,0.5714285714285714,0.8,0.5333333333333333,0.6764705882352942,0.6849045753479004,51,12,13,16,9,49,18,16,17,35,15,15,34
330,0.42424242424242425,0.4166666666666667,0.25,0.2727272727272727,0.0,0.4375,0.4,0.3333333333333333,0.5454545454545454,0.34782608695652173,0.6,0.5,0.35714285714285715,1.0835902690887451,33,12,8,11,6,32,10,12,11,23,10,6,14,0.7843137254901961,0.5833333333333334,0.8461538461538461,0.8125,0.6666666666666666,0.7755102040816326,0.7222222222222222,0.875,0.7647058823529411,0.7428571428571429,0.8666666666666667,0.8666666666666667,0.7647058823529411,0.5747703313827515,51,12,13,16,9,49,18,16,17,35,15,15,34
331,0.42424242424242425,0.4166666666666667,0.25,0.18181818181818182,0.0,0.4375,0.3,0.3333333333333333,0.6363636363636364,0.30434782608695654,0.7,0.5,0.35714285714285715,1.0865623950958252,33,12,8,11,6,32,10,12,11,23,10,6,14,0.7450980392156863,0.5833333333333334,0.7692307692307693,0.75,0.5555555555555556,0.7346938775510204,0.6111111111111112,0.875,0.7647058823529411,0.7142857142857143,0.8,0.7333333333333333,0.7647058823529411,0.5812889933586121,51,12,13,16,9,49,18,16,17,35,15,15,34
332,0.42424242424242425,0.4166666666666667,0.25,0.18181818181818182,0.0,0.4375,0.3,0.3333333333333333,0.6363636363636364,0.30434782608695654,0.7,0.5,0.35714285714285715,1.0906423330307007,33,12,8,11,6,32,10,12,11,23,10,6,14,0.7647058823529411,0.6666666666666666,0.6923076923076923,0.75,0.7777777777777778,0.7551020408163265,0.5555555555555556,0.875,0.8823529411764706,0.7428571428571429,0.8,0.7333333333333333,0.7647058823529411,0.5871966481208801,51,12,13,16,9,49,18,16,17,35,15,15,34
333,0.42424242424242425,0.4166666666666667,0.25,0.18181818181818182,0.0,0.4375,0.3,0.3333333333333333,0.6363636363636364,0.30434782608695654,0.7,0.5,0.35714285714285715,1.0943430662155151,33,12,8,11,6,32,10,12,11,23,10,6,14,0.7843137254901961,0.75,0.7692307692307693,0.75,0.5555555555555556,0.7755102040816326,0.6666666666666666,0.8125,0.8823529411764706,0.6857142857142857,1.0,0.7333333333333333,0.7647058823529411,0.5529370307922363,51,12,13,16,9,49,18,16,17,35,15,15,34
334,0.42424242424242425,0.4166666666666667,0.25,0.18181818181818182,0.0,0.4375,0.3,0.3333333333333333,0.6363636363636364,0.30434782608695654,0.7,0.5,0.35714285714285715,1.0936347246170044,33,12,8,11,6,32,10,12,11,23,10,6,14,0.803921568627451,0.5833333333333334,0.7692307692307693,0.75,0.7777777777777778,0.7959183673469388,0.6666666666666666,0.875,0.8823529411764706,0.8,0.8,0.8666666666666667,0.8235294117647058,0.557019054889679,51,12,13,16,9,49,18,16,17,35,15,15,34
335,0.42424242424242425,0.4166666666666667,0.25,0.18181818181818182,0.0,0.4375,0.3,0.3333333333333333,0.6363636363636364,0.30434782608695654,0.7,0.5,0.35714285714285715,1.0895130634307861,33,12,8,11,6,32,10,12,11,23,10,6,14,0.8235294117647058,0.8333333333333334,0.8461538461538461,0.875,0.8888888888888888,0.8163265306122449,0.6666666666666666,0.875,0.9411764705882353,0.8571428571428571,0.7333333333333333,0.8,0.8529411764705882,0.5400093793869019,51,12,13,16,9,49,18,16,17,35,15,15,34
336,0.3939393939393939,0.3333333333333333,0.125,0.2727272727272727,0.0,0.40625,0.4,0.3333333333333333,0.45454545454545453,0.30434782608695654,0.6,0.5,0.35714285714285715,1.0836445093154907,33,12,8,11,6,32,10,12,11,23,10,6,14,0.7058823529411765,0.6666666666666666,0.7692307692307693,0.8125,0.6666666666666666,0.6938775510204082,0.4444444444444444,0.8125,0.8823529411764706,0.7142857142857143,0.6666666666666666,0.7333333333333333,0.7352941176470589,0.588833212852478,51,12,13,16,9,49,18,16,17,35,15,15,34
337,0.3939393939393939,0.3333333333333333,0.125,0.2727272727272727,0.0,0.40625,0.4,0.3333333333333333,0.45454545454545453,0.30434782608695654,0.6,0.5,0.35714285714285715,1.0825152397155762,33,12,8,11,6,32,10,12,11,23,10,6,14,0.6862745098039216,0.5833333333333334,0.8461538461538461,0.8125,0.6666666666666666,0.673469387755102,0.6111111111111112,0.8125,0.6470588235294118,0.6285714285714286,0.8,0.6,0.6470588235294118,0.6105676293373108,51,12,13,16,9,49,18,16,17,35,15,15,34
338,0.42424242424242425,0.4166666666666667,0.25,0.2727272727272727,0.0,0.4375,0.4,0.3333333333333333,0.5454545454545454,0.34782608695652173,0.6,0.5,0.35714285714285715,1.08551025390625,33,12,8,11,6,32,10,12,11,23,10,6,14,0.7254901960784313,0.5833333333333334,0.7692307692307693,0.8125,0.6666666666666666,0.7142857142857143,0.6111111111111112,0.9375,0.6470588235294118,0.7428571428571429,0.6666666666666666,0.6666666666666666,0.7941176470588235,0.6315457820892334,51,12,13,16,9,49,18,16,17,35,15,15,34
339,0.42424242424242425,0.4166666666666667,0.25,0.18181818181818182,0.0,0.4375,0.3,0.3333333333333333,0.6363636363636364,0.30434782608695654,0.7,0.5,0.35714285714285715,1.0914241075515747,33,12,8,11,6,32,10,12,11,23,10,6,14,0.7843137254901961,0.5833333333333334,0.9230769230769231,0.875,0.6666666666666666,0.7755102040816326,0.6666666666666666,0.875,0.8235294117647058,0.7428571428571429,0.8666666666666667,0.8,0.7352941176470589,0.5982766151428223,51,12,13,16,9,49,18,16,17,35,15,15,34
340,0.42424242424242425,0.4166666666666667,0.25,0.18181818181818182,0.0,0.4375,0.3,0.3333333333333333,0.6363636363636364,0.30434782608695654,0.7,0.5,0.35714285714285715,1.0986342430114746,33,12,8,11,6,32,10,12,11,23,10,6,14,0.7647058823529411,0.6666666666666666,0.7692307692307693,0.8125,0.6666666666666666,0.7551020408163265,0.5555555555555556,0.875,0.8823529411764706,0.7142857142857143,0.8666666666666667,0.7333333333333333,0.7647058823529411,0.5540633201599121,51,12,13,16,9,49,18,16,17,35,15,15,34
341,0.42424242424242425,0.4166666666666667,0.25,0.18181818181818182,0.0,0.4375,0.3,0.3333333333333333,0.6363636363636364,0.30434782608695654,0.7,0.5,0.35714285714285715,1.100056767463684,33,12,8,11,6,32,10,12,11,23,10,6,14,0.7843137254901961,0.6666666666666666,0.6923076923076923,0.6875,0.5555555555555556,0.7755102040816326,0.6666666666666666,0.8125,0.8823529411764706,0.7428571428571429,0.8666666666666667,0.6666666666666666,0.8529411764705882,0.5798413157463074,51,12,13,16,9,49,18,16,17,35,15,15,34
342,0.45454545454545453,0.4166666666666667,0.25,0.2727272727272727,0.0,0.46875,0.4,0.3333333333333333,0.6363636363636364,0.34782608695652173,0.7,0.5,0.35714285714285715,1.0941623449325562,33,12,8,11,6,32,10,12,11,23,10,6,14,0.7647058823529411,0.8333333333333334,0.7692307692307693,0.8125,0.7777777777777778,0.7551020408163265,0.6111111111111112,0.75,0.9411764705882353,0.7428571428571429,0.8,0.6666666666666666,0.7647058823529411,0.5647712349891663,51,12,13,16,9,49,18,16,17,35,15,15,34
343,0.3939393939393939,0.3333333333333333,0.125,0.2727272727272727,0.0,0.40625,0.4,0.3333333333333333,0.45454545454545453,0.30434782608695654,0.6,0.5,0.35714285714285715,1.088679552078247,33,12,8,11,6,32,10,12,11,23,10,6,14,0.803921568627451,0.6666666666666666,0.8461538461538461,0.875,0.8888888888888888,0.7959183673469388,0.7222222222222222,0.8125,0.8823529411764706,0.8285714285714286,0.7333333333333333,0.9333333333333333,0.7941176470588235,0.5868921279907227,51,12,13,16,9,49,18,16,17,35,15,15,34
344,0.3939393939393939,0.3333333333333333,0.125,0.2727272727272727,0.0,0.40625,0.4,0.3333333333333333,0.45454545454545453,0.30434782608695654,0.6,0.5,0.35714285714285715,1.0845627784729004,33,12,8,11,6,32,10,12,11,23,10,6,14,0.7843137254901961,0.75,0.7692307692307693,0.875,0.7777777777777778,0.7755102040816326,0.7222222222222222,0.75,0.8823529411764706,0.8,0.7333333333333333,0.8,0.7647058823529411,0.5244044065475464,51,12,13,16,9,49,18,16,17,35,15,15,34
345,0.3939393939393939,0.3333333333333333,0.125,0.2727272727272727,0.0,0.40625,0.4,0.3333333333333333,0.45454545454545453,0.30434782608695654,0.6,0.5,0.35714285714285715,1.084316611289978,33,12,8,11,6,32,10,12,11,23,10,6,14,0.8235294117647058,0.6666666666666666,0.8461538461538461,0.875,0.7777777777777778,0.8367346938775511,0.7777777777777778,0.875,0.8235294117647058,0.7714285714285715,0.9333333333333333,0.8,0.7941176470588235,0.5556415319442749,51,12,13,16,9,49,18,16,17,35,15,15,34
346,0.3939393939393939,0.3333333333333333,0.125,0.2727272727272727,0.0,0.40625,0.4,0.3333333333333333,0.45454545454545453,0.30434782608695654,0.6,0.5,0.35714285714285715,1.0869591236114502,33,12,8,11,6,32,10,12,11,23,10,6,14,0.803921568627451,0.75,0.8461538461538461,0.9375,0.7777777777777778,0.7959183673469388,0.7777777777777778,0.8125,0.8235294117647058,0.8285714285714286,0.7333333333333333,0.8,0.8235294117647058,0.5723990201950073,51,12,13,16,9,49,18,16,17,35,15,15,34
347,0.45454545454545453,0.4166666666666667,0.25,0.2727272727272727,0.0,0.46875,0.4,0.3333333333333333,0.6363636363636364,0.34782608695652173,0.7,0.5,0.35714285714285715,1.0943012237548828,33,12,8,11,6,32,10,12,11,23,10,6,14,0.7450980392156863,0.5833333333333334,0.8461538461538461,0.8125,0.6666666666666666,0.7346938775510204,0.6111111111111112,0.875,0.7647058823529411,0.7142857142857143,0.8,0.6666666666666666,0.7647058823529411,0.5496373176574707,51,12,13,16,9,49,18,16,17,35,15,15,34
348,0.42424242424242425,0.4166666666666667,0.25,0.18181818181818182,0.0,0.4375,0.3,0.3333333333333333,0.6363636363636364,0.30434782608695654,0.7,0.5,0.35714285714285715,1.1019580364227295,33,12,8,11,6,32,10,12,11,23,10,6,14,0.803921568627451,0.75,0.9230769230769231,0.9375,0.8888888888888888,0.7959183673469388,0.8333333333333334,0.8125,0.7647058823529411,0.8285714285714286,0.7333333333333333,0.7333333333333333,0.7941176470588235,0.5411291122436523,51,12,13,16,9,49,18,16,17,35,15,15,34
349,0.3333333333333333,0.3333333333333333,0.25,0.18181818181818182,0.0,0.34375,0.1,0.25,0.6363636363636364,0.30434782608695654,0.4,0.5,0.2857142857142857,1.1099958419799805,33,12,8,11,6,32,10,12,11,23,10,6,14,0.7843137254901961,0.75,0.8461538461538461,0.875,0.7777777777777778,0.7755102040816326,0.6666666666666666,0.875,0.8235294117647058,0.7714285714285715,0.8,0.7333333333333333,0.7941176470588235,0.565283477306366,51,12,13,16,9,49,18,16,17,35,15,15,34
350,0.3333333333333333,0.3333333333333333,0.25,0.18181818181818182,0.0,0.34375,0.1,0.25,0.6363636363636364,0.30434782608695654,0.4,0.5,0.2857142857142857,1.109024167060852,33,12,8,11,6,32,10,12,11,23,10,6,14,0.803921568627451,0.75,0.6923076923076923,0.75,0.5555555555555556,0.7959183673469388,0.7777777777777778,0.75,0.8823529411764706,0.8,0.8,0.7333333333333333,0.8529411764705882,0.5515139102935791,51,12,13,16,9,49,18,16,17,35,15,15,34
351,0.42424242424242425,0.4166666666666667,0.25,0.18181818181818182,0.0,0.4375,0.3,0.3333333333333333,0.6363636363636364,0.30434782608695654,0.7,0.5,0.35714285714285715,1.1018775701522827,33,12,8,11,6,32,10,12,11,23,10,6,14,0.803921568627451,0.8333333333333334,0.6923076923076923,0.75,0.7777777777777778,0.7959183673469388,0.7222222222222222,0.8125,0.8823529411764706,0.7428571428571429,0.9333333333333333,0.7333333333333333,0.8235294117647058,0.6052640080451965,51,12,13,16,9,49,18,16,17,35,15,15,34
352,0.45454545454545453,0.4166666666666667,0.25,0.2727272727272727,0.0,0.46875,0.4,0.3333333333333333,0.6363636363636364,0.34782608695652173,0.7,0.5,0.35714285714285715,1.093496322631836,33,12,8,11,6,32,10,12,11,23,10,6,14,0.8235294117647058,0.6666666666666666,0.8461538461538461,0.8125,0.7777777777777778,0.8163265306122449,0.7777777777777778,0.9375,0.7647058823529411,0.8,0.8666666666666667,0.8,0.8529411764705882,0.5221672654151917,51,12,13,16,9,49,18,16,17,35,15,15,34
353,0.45454545454545453,0.4166666666666667,0.25,0.2727272727272727,0.0,0.46875,0.4,0.3333333333333333,0.6363636363636364,0.34782608695652173,0.7,0.5,0.35714285714285715,1.0873486995697021,33,12,8,11,6,32,10,12,11,23,10,6,14,0.7450980392156863,0.6666666666666666,0.7692307692307693,0.6875,0.7777777777777778,0.7346938775510204,0.6111111111111112,0.8125,0.8235294117647058,0.7142857142857143,0.8,0.7333333333333333,0.7647058823529411,0.5801486372947693,51,12,13,16,9,49,18,16,17,35,15,15,34
354,0.42424242424242425,0.4166666666666667,0.25,0.2727272727272727,0.0,0.4375,0.4,0.3333333333333333,0.5454545454545454,0.34782608695652173,0.6,0.5,0.35714285714285715,1.0853257179260254,33,12,8,11,6,32,10,12,11,23,10,6,14,0.803921568627451,0.6666666666666666,0.8461538461538461,0.875,0.7777777777777778,0.7959183673469388,0.7222222222222222,0.9375,0.7647058823529411,0.8285714285714286,0.7333333333333333,0.8,0.8529411764705882,0.5160118341445923,51,12,13,16,9,49,18,16,17,35,15,15,34
355,0.45454545454545453,0.4166666666666667,0.25,0.2727272727272727,0.0,0.46875,0.4,0.3333333333333333,0.6363636363636364,0.34782608695652173,0.7,0.5,0.35714285714285715,1.0894891023635864,33,12,8,11,6,32,10,12,11,23,10,6,14,0.8235294117647058,0.75,0.8461538461538461,0.8125,0.7777777777777778,0.8163265306122449,0.8333333333333334,0.875,0.7647058823529411,0.7714285714285715,0.9333333333333333,0.8,0.7941176470588235,0.5189000368118286,51,12,13,16,9,49,18,16,17,35,15,15,34
356,0.45454545454545453,0.4166666666666667,0.25,0.2727272727272727,0.0,0.46875,0.4,0.3333333333333333,0.6363636363636364,0.34782608695652173,0.7,0.5,0.35714285714285715,1.0932717323303223,33,12,8,11,6,32,10,12,11,23,10,6,14,0.7450980392156863,0.5833333333333334,0.7692307692307693,0.75,0.5555555555555556,0.7346938775510204,0.4444444444444444,0.875,0.9411764705882353,0.7142857142857143,0.8,0.8,0.7352941176470589,0.5355629920959473,51,12,13,16,9,49,18,16,17,35,15,15,34
357,0.45454545454545453,0.4166666666666667,0.25,0.2727272727272727,0.0,0.46875,0.4,0.3333333333333333,0.6363636363636364,0.34782608695652173,0.7,0.5,0.35714285714285715,1.1002404689788818,33,12,8,11,6,32,10,12,11,23,10,6,14,0.7450980392156863,0.5833333333333334,0.7692307692307693,0.8125,0.7777777777777778,0.7346938775510204,0.7222222222222222,0.75,0.7647058823529411,0.7428571428571429,0.7333333333333333,0.6666666666666666,0.7352941176470589,0.5193907618522644,51,12,13,16,9,49,18,16,17,35,15,15,34
358,0.45454545454545453,0.4166666666666667,0.25,0.2727272727272727,0.0,0.46875,0.4,0.3333333333333333,0.6363636363636364,0.34782608695652173,0.7,0.5,0.35714285714285715,1.1039278507232666,33,12,8,11,6,32,10,12,11,23,10,6,14,0.803921568627451,0.75,0.7692307692307693,0.75,0.6666666666666666,0.7959183673469388,0.6111111111111112,0.875,0.9411764705882353,0.7428571428571429,0.9333333333333333,0.8,0.8235294117647058,0.551440954208374,51,12,13,16,9,49,18,16,17,35,15,15,34
359,0.45454545454545453,0.4166666666666667,0.25,0.2727272727272727,0.0,0.46875,0.4,0.3333333333333333,0.6363636363636364,0.34782608695652173,0.7,0.5,0.35714285714285715,1.1053096055984497,33,12,8,11,6,32,10,12,11,23,10,6,14,0.8627450980392157,0.9166666666666666,0.8461538461538461,0.875,0.7777777777777778,0.8571428571428571,0.8888888888888888,0.875,0.8235294117647058,0.8285714285714286,0.9333333333333333,0.8666666666666667,0.8823529411764706,0.570749819278717,51,12,13,16,9,49,18,16,17,35,15,15,34
360,0.45454545454545453,0.4166666666666667,0.25,0.2727272727272727,0.0,0.46875,0.4,0.3333333333333333,0.6363636363636364,0.34782608695652173,0.7,0.5,0.35714285714285715,1.103100299835205,33,12,8,11,6,32,10,12,11,23,10,6,14,0.7254901960784313,0.6666666666666666,0.8461538461538461,0.8125,0.7777777777777778,0.7142857142857143,0.5,0.875,0.8235294117647058,0.7142857142857143,0.7333333333333333,0.7333333333333333,0.7058823529411765,0.5420004725456238,51,12,13,16,9,49,18,16,17,35,15,15,34
361,0.45454545454545453,0.4166666666666667,0.25,0.2727272727272727,0.0,0.46875,0.4,0.3333333333333333,0.6363636363636364,0.34782608695652173,0.7,0.5,0.35714285714285715,1.100184679031372,33,12,8,11,6,32,10,12,11,23,10,6,14,0.8431372549019608,0.75,0.8461538461538461,0.8125,1.0,0.8367346938775511,0.7222222222222222,0.875,0.9411764705882353,0.8285714285714286,0.8666666666666667,0.8666666666666667,0.8823529411764706,0.5609684586524963,51,12,13,16,9,49,18,16,17,35,15,15,34
362,0.42424242424242425,0.4166666666666667,0.25,0.2727272727272727,0.0,0.4375,0.4,0.3333333333333333,0.5454545454545454,0.34782608695652173,0.6,0.5,0.35714285714285715,1.0958596467971802,33,12,8,11,6,32,10,12,11,23,10,6,14,0.7647058823529411,0.6666666666666666,0.8461538461538461,0.8125,0.7777777777777778,0.7551020408163265,0.6666666666666666,0.8125,0.8235294117647058,0.8,0.6666666666666666,0.6666666666666666,0.8235294117647058,0.5501797795295715,51,12,13,16,9,49,18,16,17,35,15,15,34
363,0.42424242424242425,0.4166666666666667,0.25,0.2727272727272727,0.0,0.4375,0.4,0.3333333333333333,0.5454545454545454,0.34782608695652173,0.6,0.5,0.35714285714285715,1.0976841449737549,33,12,8,11,6,32,10,12,11,23,10,6,14,0.7647058823529411,0.4166666666666667,0.7692307692307693,0.75,0.5555555555555556,0.7551020408163265,0.6666666666666666,0.875,0.7647058823529411,0.7714285714285715,0.7333333333333333,0.9333333333333333,0.7941176470588235,0.5248912572860718,51,12,13,16,9,49,18,16,17,35,15,15,34
364,0.45454545454545453,0.4166666666666667,0.25,0.2727272727272727,0.0,0.46875,0.4,0.3333333333333333,0.6363636363636364,0.34782608695652173,0.7,0.5,0.35714285714285715,1.1044204235076904,33,12,8,11,6,32,10,12,11,23,10,6,14,0.8235294117647058,0.75,0.9230769230769231,0.9375,0.8888888888888888,0.8163265306122449,0.7777777777777778,0.875,0.8235294117647058,0.7714285714285715,0.9333333333333333,0.8666666666666667,0.7941176470588235,0.5713753700256348,51,12,13,16,9,49,18,16,17,35,15,15,34
365,0.45454545454545453,0.4166666666666667,0.25,0.2727272727272727,0.0,0.46875,0.4,0.3333333333333333,0.6363636363636364,0.34782608695652173,0.7,0.5,0.35714285714285715,1.1099340915679932,33,12,8,11,6,32,10,12,11,23,10,6,14,0.7647058823529411,0.75,0.7692307692307693,0.75,0.8888888888888888,0.7551020408163265,0.7222222222222222,0.8125,0.7647058823529411,0.7142857142857143,0.8666666666666667,0.7333333333333333,0.7941176470588235,0.5651755928993225,51,12,13,16,9,49,18,16,17,35,15,15,34
366,0.42424242424242425,0.4166666666666667,0.25,0.2727272727272727,0.0,0.4375,0.4,0.25,0.6363636363636364,0.34782608695652173,0.6,0.5,0.35714285714285715,1.1122486591339111,33,12,8,11,6,32,10,12,11,23,10,6,14,0.7647058823529411,0.6666666666666666,0.8461538461538461,0.875,0.8888888888888888,0.7551020408163265,0.6111111111111112,0.8125,0.8823529411764706,0.7142857142857143,0.8666666666666667,0.6666666666666666,0.7058823529411765,0.5878846645355225,51,12,13,16,9,49,18,16,17,35,15,15,34
367,0.42424242424242425,0.4166666666666667,0.25,0.2727272727272727,0.0,0.4375,0.4,0.25,0.6363636363636364,0.34782608695652173,0.6,0.5,0.35714285714285715,1.1131775379180908,33,12,8,11,6,32,10,12,11,23,10,6,14,0.803921568627451,0.75,0.8461538461538461,0.875,1.0,0.7959183673469388,0.6666666666666666,0.875,0.8823529411764706,0.8285714285714286,0.7333333333333333,0.8,0.8235294117647058,0.49834299087524414,51,12,13,16,9,49,18,16,17,35,15,15,34
368,0.45454545454545453,0.4166666666666667,0.25,0.2727272727272727,0.0,0.46875,0.4,0.3333333333333333,0.6363636363636364,0.34782608695652173,0.7,0.5,0.35714285714285715,1.1069039106369019,33,12,8,11,6,32,10,12,11,23,10,6,14,0.803921568627451,0.8333333333333334,0.8461538461538461,0.8125,0.8888888888888888,0.8163265306122449,0.6111111111111112,0.8125,1.0,0.7714285714285715,0.8666666666666667,0.7333333333333333,0.7941176470588235,0.474843293428421,51,12,13,16,9,49,18,16,17,35,15,15,34
369,0.3939393939393939,0.3333333333333333,0.125,0.2727272727272727,0.0,0.40625,0.4,0.3333333333333333,0.45454545454545453,0.30434782608695654,0.6,0.5,0.35714285714285715,1.0989638566970825,33,12,8,11,6,32,10,12,11,23,10,6,14,0.8235294117647058,0.8333333333333334,0.6923076923076923,0.75,0.7777777777777778,0.8163265306122449,0.7222222222222222,0.8125,0.9411764705882353,0.8,0.8666666666666667,0.8,0.8529411764705882,0.525797426700592,51,12,13,16,9,49,18,16,17,35,15,15,34
370,0.3939393939393939,0.3333333333333333,0.125,0.2727272727272727,0.0,0.40625,0.4,0.3333333333333333,0.45454545454545453,0.30434782608695654,0.6,0.5,0.35714285714285715,1.098167061805725,33,12,8,11,6,32,10,12,11,23,10,6,14,0.7647058823529411,0.5,0.8461538461538461,0.8125,0.6666666666666666,0.7551020408163265,0.6111111111111112,0.875,0.8235294117647058,0.7142857142857143,0.8666666666666667,0.8666666666666667,0.7352941176470589,0.5389978289604187,51,12,13,16,9,49,18,16,17,35,15,15,34
371,0.42424242424242425,0.4166666666666667,0.25,0.2727272727272727,0.0,0.4375,0.4,0.3333333333333333,0.5454545454545454,0.34782608695652173,0.6,0.5,0.35714285714285715,1.102677822113037,33,12,8,11,6,32,10,12,11,23,10,6,14,0.7450980392156863,0.5833333333333334,0.7692307692307693,0.8125,0.7777777777777778,0.7346938775510204,0.6666666666666666,0.875,0.7058823529411765,0.7142857142857143,0.8,0.7333333333333333,0.7647058823529411,0.5719816088676453,51,12,13,16,9,49,18,16,17,35,15,15,34
372,0.45454545454545453,0.4166666666666667,0.25,0.2727272727272727,0.0,0.46875,0.4,0.3333333333333333,0.6363636363636364,0.34782608695652173,0.7,0.5,0.35714285714285715,1.1107648611068726,33,12,8,11,6,32,10,12,11,23,10,6,14,0.8823529411764706,0.75,1.0,1.0,0.8888888888888888,0.8775510204081632,0.8888888888888888,1.0,0.7647058823529411,0.9142857142857143,0.8,0.9333333333333333,0.9411764705882353,0.4674539268016815,51,12,13,16,9,49,18,16,17,35,15,15,34
373,0.42424242424242425,0.4166666666666667,0.25,0.2727272727272727,0.0,0.4375,0.4,0.25,0.6363636363636364,0.34782608695652173,0.6,0.5,0.35714285714285715,1.1218572854995728,33,12,8,11,6,32,10,12,11,23,10,6,14,0.8431372549019608,0.8333333333333334,0.8461538461538461,0.8125,0.7777777777777778,0.8367346938775511,0.7222222222222222,0.9375,0.8823529411764706,0.8285714285714286,0.8666666666666667,0.8,0.8823529411764706,0.49817466735839844,51,12,13,16,9,49,18,16,17,35,15,15,34
374,0.42424242424242425,0.4166666666666667,0.25,0.2727272727272727,0.0,0.4375,0.4,0.25,0.6363636363636364,0.34782608695652173,0.6,0.5,0.35714285714285715,1.12230384349823,33,12,8,11,6,32,10,12,11,23,10,6,14,0.7450980392156863,0.5833333333333334,0.6923076923076923,0.6875,0.4444444444444444,0.7551020408163265,0.6111111111111112,0.75,0.8823529411764706,0.6571428571428571,0.9333333333333333,0.7333333333333333,0.7352941176470589,0.5099426507949829,51,12,13,16,9,49,18,16,17,35,15,15,34
375,0.42424242424242425,0.4166666666666667,0.25,0.2727272727272727,0.0,0.4375,0.4,0.25,0.6363636363636364,0.34782608695652173,0.6,0.5,0.35714285714285715,1.1161571741104126,33,12,8,11,6,32,10,12,11,23,10,6,14,0.7647058823529411,0.5833333333333334,0.7692307692307693,0.75,0.5555555555555556,0.7755102040816326,0.6666666666666666,0.75,0.8823529411764706,0.7142857142857143,0.8666666666666667,0.8,0.8235294117647058,0.548456072807312,51,12,13,16,9,49,18,16,17,35,15,15,34
376,0.45454545454545453,0.4166666666666667,0.25,0.2727272727272727,0.0,0.46875,0.4,0.3333333333333333,0.6363636363636364,0.34782608695652173,0.7,0.5,0.35714285714285715,1.1092277765274048,33,12,8,11,6,32,10,12,11,23,10,6,14,0.7647058823529411,0.6666666666666666,0.7692307692307693,0.8125,0.7777777777777778,0.7551020408163265,0.6666666666666666,0.875,0.7647058823529411,0.7142857142857143,0.8666666666666667,0.6666666666666666,0.7647058823529411,0.5344866514205933,51,12,13,16,9,49,18,16,17,35,15,15,34
377,0.42424242424242425,0.3333333333333333,0.125,0.2727272727272727,0.0,0.4375,0.4,0.3333333333333333,0.5454545454545454,0.30434782608695654,0.7,0.5,0.35714285714285715,1.1057062149047852,33,12,8,11,6,32,10,12,11,23,10,6,14,0.7647058823529411,0.6666666666666666,0.7692307692307693,0.75,0.7777777777777778,0.7551020408163265,0.7222222222222222,0.75,0.8235294117647058,0.7428571428571429,0.8,0.7333333333333333,0.7647058823529411,0.520823061466217,51,12,13,16,9,49,18,16,17,35,15,15,34
378,0.42424242424242425,0.3333333333333333,0.125,0.2727272727272727,0.0,0.4375,0.4,0.3333333333333333,0.5454545454545454,0.30434782608695654,0.7,0.5,0.35714285714285715,1.1086604595184326,33,12,8,11,6,32,10,12,11,23,10,6,14,0.803921568627451,0.8333333333333334,0.8461538461538461,0.875,0.8888888888888888,0.7959183673469388,0.7777777777777778,0.9375,0.7058823529411765,0.8,0.8,0.6666666666666666,0.8529411764705882,0.5581337809562683,51,12,13,16,9,49,18,16,17,35,15,15,34
379,0.42424242424242425,0.3333333333333333,0.125,0.2727272727272727,0.0,0.4375,0.4,0.3333333333333333,0.5454545454545454,0.30434782608695654,0.7,0.5,0.35714285714285715,1.1142891645431519,33,12,8,11,6,32,10,12,11,23,10,6,14,0.8235294117647058,0.8333333333333334,0.8461538461538461,0.875,1.0,0.8163265306122449,0.7777777777777778,0.8125,0.8823529411764706,0.8285714285714286,0.8,0.8,0.8235294117647058,0.5289381146430969,51,12,13,16,9,49,18,16,17,35,15,15,34
380,0.42424242424242425,0.4166666666666667,0.25,0.2727272727272727,0.0,0.4375,0.4,0.25,0.6363636363636364,0.34782608695652173,0.6,0.5,0.35714285714285715,1.1195056438446045,33,12,8,11,6,32,10,12,11,23,10,6,14,0.8431372549019608,0.75,0.9230769230769231,0.9375,0.8888888888888888,0.8367346938775511,0.8888888888888888,0.875,0.7647058823529411,0.8285714285714286,0.8666666666666667,0.8,0.8529411764705882,0.5142958164215088,51,12,13,16,9,49,18,16,17,35,15,15,34
381,0.42424242424242425,0.3333333333333333,0.125,0.2727272727272727,0.0,0.4375,0.4,0.3333333333333333,0.5454545454545454,0.30434782608695654,0.7,0.5,0.35714285714285715,1.1131114959716797,33,12,8,11,6,32,10,12,11,23,10,6,14,0.7450980392156863,0.6666666666666666,0.6153846153846154,0.8125,0.5555555555555556,0.7346938775510204,0.7222222222222222,0.6875,0.8235294117647058,0.7142857142857143,0.8,0.8,0.7941176470588235,0.6267776489257812,51,12,13,16,9,49,18,16,17,35,15,15,34
382,0.42424242424242425,0.3333333333333333,0.125,0.2727272727272727,0.0,0.4375,0.4,0.3333333333333333,0.5454545454545454,0.30434782608695654,0.7,0.5,0.35714285714285715,1.1112889051437378,33,12,8,11,6,32,10,12,11,23,10,6,14,0.7647058823529411,0.75,0.8461538461538461,0.8125,0.8888888888888888,0.7551020408163265,0.6666666666666666,0.875,0.7647058823529411,0.7142857142857143,0.8666666666666667,0.7333333333333333,0.7352941176470589,0.520648717880249,51,12,13,16,9,49,18,16,17,35,15,15,34
383,0.42424242424242425,0.3333333333333333,0.125,0.2727272727272727,0.0,0.4375,0.4,0.3333333333333333,0.5454545454545454,0.30434782608695654,0.7,0.5,0.35714285714285715,1.1112072467803955,33,12,8,11,6,32,10,12,11,23,10,6,14,0.8235294117647058,0.6666666666666666,0.8461538461538461,0.875,0.7777777777777778,0.8163265306122449,0.7777777777777778,0.875,0.8235294117647058,0.8,0.8666666666666667,0.8,0.8235294117647058,0.47041216492652893,51,12,13,16,9,49,18,16,17,35,15,15,34
384,0.42424242424242425,0.3333333333333333,0.125,0.2727272727272727,0.0,0.4375,0.4,0.3333333333333333,0.5454545454545454,0.30434782608695654,0.7,0.5,0.35714285714285715,1.1139219999313354,33,12,8,11,6,32,10,12,11,23,10,6,14,0.8823529411764706,0.75,0.9230769230769231,0.875,0.6666666666666666,0.8775510204081632,0.8333333333333334,0.875,0.9411764705882353,0.8571428571428571,0.9333333333333333,0.9333333333333333,0.8529411764705882,0.47748345136642456,51,12,13,16,9,49,18,16,17,35,15,15,34
385,0.45454545454545453,0.4166666666666667,0.25,0.2727272727272727,0.0,0.46875,0.4,0.3333333333333333,0.6363636363636364,0.34782608695652173,0.7,0.5,0.35714285714285715,1.1201778650283813,33,12,8,11,6,32,10,12,11,23,10,6,14,0.7647058823529411,0.6666666666666666,0.8461538461538461,0.75,0.6666666666666666,0.7551020408163265,0.6666666666666666,0.9375,0.7058823529411765,0.7428571428571429,0.8,0.6666666666666666,0.7941176470588235,0.5046511888504028,51,12,13,16,9,49,18,16,17,35,15,15,34
386,0.45454545454545453,0.4166666666666667,0.25,0.2727272727272727,0.0,0.46875,0.4,0.3333333333333333,0.6363636363636364,0.34782608695652173,0.7,0.5,0.35714285714285715,1.1187857389450073,33,12,8,11,6,32,10,12,11,23,10,6,14,0.7254901960784313,0.6666666666666666,0.6153846153846154,0.6875,0.6666666666666666,0.7346938775510204,0.6666666666666666,0.6875,0.8235294117647058,0.6857142857142857,0.8666666666666667,0.7333333333333333,0.7058823529411765,0.5535755753517151,51,12,13,16,9,49,18,16,17,35,15,15,34
387,0.45454545454545453,0.4166666666666667,0.25,0.2727272727272727,0.0,0.46875,0.4,0.3333333333333333,0.6363636363636364,0.34782608695652173,0.7,0.5,0.35714285714285715,1.1150189638137817,33,12,8,11,6,32,10,12,11,23,10,6,14,0.7647058823529411,0.8333333333333334,0.8461538461538461,0.875,0.8888888888888888,0.7551020408163265,0.6666666666666666,0.8125,0.8235294117647058,0.7428571428571429,0.8,0.8,0.7941176470588235,0.5210312008857727,51,12,13,16,9,49,18,16,17,35,15,15,34
388,0.45454545454545453,0.4166666666666667,0.25,0.2727272727272727,0.0,0.46875,0.4,0.3333333333333333,0.6363636363636364,0.34782608695652173,0.7,0.5,0.35714285714285715,1.1124377250671387,33,12,8,11,6,32,10,12,11,23,10,6,14,0.8235294117647058,0.9166666666666666,0.8461538461538461,0.75,0.8888888888888888,0.8163265306122449,0.6666666666666666,0.875,0.9411764705882353,0.8,0.8666666666666667,0.8666666666666667,0.8235294117647058,0.5440375804901123,51,12,13,16,9,49,18,16,17,35,15,15,34
389,0.45454545454545453,0.4166666666666667,0.25,0.2727272727272727,0.0,0.46875,0.4,0.3333333333333333,0.6363636363636364,0.34782608695652173,0.7,0.5,0.35714285714285715,1.108663558959961,33,12,8,11,6,32,10,12,11,23,10,6,14,0.7647058823529411,0.6666666666666666,0.7692307692307693,0.75,0.7777777777777778,0.7551020408163265,0.6111111111111112,0.9375,0.7647058823529411,0.7714285714285715,0.7333333333333333,0.7333333333333333,0.8235294117647058,0.538575291633606,51,12,13,16,9,49,18,16,17,35,15,15,34
390,0.45454545454545453,0.4166666666666667,0.25,0.2727272727272727,0.0,0.46875,0.4,0.3333333333333333,0.6363636363636364,0.34782608695652173,0.7,0.5,0.35714285714285715,1.1105061769485474,33,12,8,11,6,32,10,12,11,23,10,6,14,0.7647058823529411,0.6666666666666666,0.6153846153846154,0.625,0.7777777777777778,0.7551020408163265,0.6666666666666666,0.8125,0.8235294117647058,0.7142857142857143,0.8666666666666667,0.6666666666666666,0.7647058823529411,0.5331317186355591,51,12,13,16,9,49,18,16,17,35,15,15,34
391,0.45454545454545453,0.4166666666666667,0.25,0.2727272727272727,0.0,0.46875,0.4,0.3333333333333333,0.6363636363636364,0.34782608695652173,0.7,0.5,0.35714285714285715,1.112474799156189,33,12,8,11,6,32,10,12,11,23,10,6,14,0.8431372549019608,0.75,0.8461538461538461,0.875,0.7777777777777778,0.8367346938775511,0.7777777777777778,0.8125,0.9411764705882353,0.8285714285714286,0.8666666666666667,0.8,0.8529411764705882,0.4628234803676605,51,12,13,16,9,49,18,16,17,35,15,15,34
392,0.42424242424242425,0.4166666666666667,0.25,0.2727272727272727,0.0,0.4375,0.4,0.25,0.6363636363636364,0.34782608695652173,0.6,0.5,0.35714285714285715,1.120003342628479,33,12,8,11,6,32,10,12,11,23,10,6,14,0.8235294117647058,0.5,0.9230769230769231,0.875,0.5555555555555556,0.8367346938775511,0.7777777777777778,0.8125,0.8823529411764706,0.8,0.8666666666666667,0.8666666666666667,0.7941176470588235,0.4860774278640747,51,12,13,16,9,49,18,16,17,35,15,15,34
393,0.42424242424242425,0.4166666666666667,0.25,0.2727272727272727,0.0,0.4375,0.4,0.25,0.6363636363636364,0.34782608695652173,0.6,0.5,0.35714285714285715,1.1238881349563599,33,12,8,11,6,32,10,12,11,23,10,6,14,0.803921568627451,0.5,0.8461538461538461,0.8125,0.5555555555555556,0.8163265306122449,0.6666666666666666,0.875,0.8823529411764706,0.7428571428571429,0.9333333333333333,0.9333333333333333,0.7647058823529411,0.47363877296447754,51,12,13,16,9,49,18,16,17,35,15,15,34
394,0.42424242424242425,0.4166666666666667,0.25,0.2727272727272727,0.0,0.4375,0.4,0.25,0.6363636363636364,0.34782608695652173,0.6,0.5,0.35714285714285715,1.1254161596298218,33,12,8,11,6,32,10,12,11,23,10,6,14,0.7450980392156863,0.6666666666666666,0.7692307692307693,0.75,0.6666666666666666,0.7346938775510204,0.5,0.875,0.8823529411764706,0.6857142857142857,0.8666666666666667,0.8,0.7352941176470589,0.5396326184272766,51,12,13,16,9,49,18,16,17,35,15,15,34
395,0.42424242424242425,0.4166666666666667,0.25,0.2727272727272727,0.0,0.4375,0.4,0.25,0.6363636363636364,0.34782608695652173,0.6,0.5,0.35714285714285715,1.121843695640564,33,12,8,11,6,32,10,12,11,23,10,6,14,0.8235294117647058,0.75,0.7692307692307693,0.75,0.5555555555555556,0.8163265306122449,0.7777777777777778,0.875,0.8235294117647058,0.8,0.8666666666666667,0.9333333333333333,0.8529411764705882,0.5373653769493103,51,12,13,16,9,49,18,16,17,35,15,15,34
396,0.45454545454545453,0.4166666666666667,0.25,0.2727272727272727,0.0,0.46875,0.4,0.3333333333333333,0.6363636363636364,0.34782608695652173,0.7,0.5,0.35714285714285715,1.1155014038085938,33,12,8,11,6,32,10,12,11,23,10,6,14,0.8627450980392157,0.75,0.9230769230769231,0.875,0.7777777777777778,0.8571428571428571,0.8333333333333334,0.8125,0.9411764705882353,0.8285714285714286,0.9333333333333333,0.8666666666666667,0.8235294117647058,0.4928576946258545,51,12,13,16,9,49,18,16,17,35,15,15,34
397,0.45454545454545453,0.4166666666666667,0.25,0.2727272727272727,0.0,0.46875,0.4,0.3333333333333333,0.6363636363636364,0.34782608695652173,0.7,0.5,0.35714285714285715,1.1174241304397583,33,12,8,11,6,32,10,12,11,23,10,6,14,0.7647058823529411,0.6666666666666666,0.7692307692307693,0.8125,0.7777777777777778,0.7551020408163265,0.8333333333333334,0.8125,0.6470588235294118,0.7142857142857143,0.8666666666666667,0.7333333333333333,0.7058823529411765,0.5201703906059265,51,12,13,16,9,49,18,16,17,35,15,15,34
398,0.42424242424242425,0.4166666666666667,0.25,0.2727272727272727,0.0,0.4375,0.4,0.25,0.6363636363636364,0.34782608695652173,0.6,0.5,0.35714285714285715,1.1258543729782104,33,12,8,11,6,32,10,12,11,23,10,6,14,0.8627450980392157,0.9166666666666666,0.8461538461538461,0.875,0.8888888888888888,0.8571428571428571,0.8333333333333334,0.875,0.8823529411764706,0.8,1.0,0.8,0.8235294117647058,0.45276686549186707,51,12,13,16,9,49,18,16,17,35,15,15,34
399,0.42424242424242425,0.4166666666666667,0.25,0.2727272727272727,0.0,0.4375,0.4,0.25,0.6363636363636364,0.34782608695652173,0.6,0.5,0.35714285714285715,1.1280431747436523,33,12,8,11,6,32,10,12,11,23,10,6,14,0.7843137254901961,0.75,0.6923076923076923,0.6875,0.5555555555555556,0.7755102040816326,0.5,0.875,1.0,0.7142857142857143,0.9333333333333333,0.6666666666666666,0.7352941176470589,0.5056107640266418,51,12,13,16,9,49,18,16,17,35,15,15,34
400,0.42424242424242425,0.4166666666666667,0.25,0.2727272727272727,0.0,0.4375,0.4,0.25,0.6363636363636364,0.34782608695652173,0.6,0.5,0.35714285714285715,1.1222195625305176,33,12,8,11,6,32,10,12,11,23,10,6,14,0.7254901960784313,0.6666666666666666,0.6923076923076923,0.8125,0.7777777777777778,0.7142857142857143,0.6666666666666666,0.75,0.7647058823529411,0.7428571428571429,0.6666666666666666,0.6,0.7647058823529411,0.5503939986228943,51,12,13,16,9,49,18,16,17,35,15,15,34
401,0.42424242424242425,0.4166666666666667,0.25,0.2727272727272727,0.0,0.4375,0.4,0.25,0.6363636363636364,0.34782608695652173,0.6,0.5,0.35714285714285715,1.1183524131774902,33,12,8,11,6,32,10,12,11,23,10,6,14,0.7647058823529411,0.75,0.7692307692307693,0.875,0.8888888888888888,0.7551020408163265,0.7777777777777778,0.6875,0.8235294117647058,0.7428571428571429,0.8,0.7333333333333333,0.7352941176470589,0.5090053677558899,51,12,13,16,9,49,18,16,17,35,15,15,34
402,0.42424242424242425,0.4166666666666667,0.25,0.2727272727272727,0.0,0.4375,0.4,0.25,0.6363636363636364,0.34782608695652173,0.6,0.5,0.35714285714285715,1.117681860923767,33,12,8,11,6,32,10,12,11,23,10,6,14,0.8431372549019608,0.75,0.8461538461538461,0.875,0.8888888888888888,0.8367346938775511,0.8333333333333334,0.875,0.8235294117647058,0.8285714285714286,0.8666666666666667,0.8,0.8235294117647058,0.4831567704677582,51,12,13,16,9,49,18,16,17,35,15,15,34
403,0.42424242424242425,0.4166666666666667,0.25,0.2727272727272727,0.0,0.4375,0.4,0.25,0.6363636363636364,0.34782608695652173,0.6,0.5,0.35714285714285715,1.1197714805603027,33,12,8,11,6,32,10,12,11,23,10,6,14,0.8235294117647058,0.75,0.9230769230769231,0.875,0.8888888888888888,0.8163265306122449,0.6666666666666666,0.875,0.9411764705882353,0.8,0.8666666666666667,0.8,0.7647058823529411,0.5019113421440125,51,12,13,16,9,49,18,16,17,35,15,15,34
404,0.42424242424242425,0.4166666666666667,0.25,0.2727272727272727,0.0,0.4375,0.4,0.25,0.6363636363636364,0.34782608695652173,0.6,0.5,0.35714285714285715,1.1227389574050903,33,12,8,11,6,32,10,12,11,23,10,6,14,0.8823529411764706,0.75,0.7692307692307693,0.8125,0.7777777777777778,0.8775510204081632,0.9444444444444444,0.875,0.8235294117647058,0.8285714285714286,1.0,0.8666666666666667,0.9117647058823529,0.47341880202293396,51,12,13,16,9,49,18,16,17,35,15,15,34
405,0.42424242424242425,0.4166666666666667,0.25,0.2727272727272727,0.0,0.4375,0.4,0.25,0.6363636363636364,0.34782608695652173,0.6,0.5,0.35714285714285715,1.1253105401992798,33,12,8,11,6,32,10,12,11,23,10,6,14,0.7647058823529411,0.6666666666666666,0.7692307692307693,0.8125,0.7777777777777778,0.7755102040816326,0.6666666666666666,0.75,0.8823529411764706,0.7714285714285715,0.7333333333333333,0.8,0.7647058823529411,0.5232992172241211,51,12,13,16,9,49,18,16,17,35,15,15,34
406,0.42424242424242425,0.4166666666666667,0.25,0.2727272727272727,0.0,0.4375,0.4,0.25,0.6363636363636364,0.34782608695652173,0.6,0.5,0.35714285714285715,1.1286540031433105,33,12,8,11,6,32,10,12,11,23,10,6,14,0.7843137254901961,0.75,0.8461538461538461,0.875,0.8888888888888888,0.7755102040816326,0.6666666666666666,0.875,0.8235294117647058,0.7428571428571429,0.8666666666666667,0.7333333333333333,0.7352941176470589,0.5469537377357483,51,12,13,16,9,49,18,16,17,35,15,15,34
407,0.42424242424242425,0.4166666666666667,0.25,0.2727272727272727,0.0,0.4375,0.4,0.25,0.6363636363636364,0.34782608695652173,0.6,0.5,0.35714285714285715,1.1254041194915771,33,12,8,11,6,32,10,12,11,23,10,6,14,0.803921568627451,0.75,0.8461538461538461,0.875,0.7777777777777778,0.7959183673469388,0.8888888888888888,0.75,0.7647058823529411,0.8,0.8,0.7333333333333333,0.8235294117647058,0.518757164478302,51,12,13,16,9,49,18,16,17,35,15,15,34
408,0.42424242424242425,0.4166666666666667,0.25,0.2727272727272727,0.0,0.4375,0.4,0.25,0.6363636363636364,0.34782608695652173,0.6,0.5,0.35714285714285715,1.1212828159332275,33,12,8,11,6,32,10,12,11,23,10,6,14,0.8431372549019608,0.8333333333333334,0.8461538461538461,0.875,0.7777777777777778,0.8367346938775511,0.8888888888888888,0.875,0.7647058823529411,0.8,0.9333333333333333,0.6666666666666666,0.8235294117647058,0.47872409224510193,51,12,13,16,9,49,18,16,17,35,15,15,34
409,0.42424242424242425,0.3333333333333333,0.125,0.2727272727272727,0.0,0.4375,0.4,0.3333333333333333,0.5454545454545454,0.30434782608695654,0.7,0.5,0.35714285714285715,1.1145280599594116,33,12,8,11,6,32,10,12,11,23,10,6,14,0.8235294117647058,0.75,0.8461538461538461,0.8125,0.7777777777777778,0.8367346938775511,0.8888888888888888,0.75,0.8235294117647058,0.8285714285714286,0.8,0.7333333333333333,0.7941176470588235,0.4845443367958069,51,12,13,16,9,49,18,16,17,35,15,15,34
410,0.45454545454545453,0.3333333333333333,0.125,0.2727272727272727,0.0,0.46875,0.5,0.3333333333333333,0.5454545454545454,0.34782608695652173,0.7,0.5,0.42857142857142855,1.1051349639892578,33,12,8,11,6,32,10,12,11,23,10,6,14,0.803921568627451,0.8333333333333334,0.8461538461538461,0.875,0.7777777777777778,0.7959183673469388,0.8333333333333334,0.75,0.8235294117647058,0.7428571428571429,0.9333333333333333,0.7333333333333333,0.7941176470588235,0.4583761692047119,51,12,13,16,9,49,18,16,17,35,15,15,34
411,0.45454545454545453,0.3333333333333333,0.125,0.2727272727272727,0.0,0.46875,0.5,0.3333333333333333,0.5454545454545454,0.34782608695652173,0.7,0.5,0.42857142857142855,1.1037627458572388,33,12,8,11,6,32,10,12,11,23,10,6,14,0.8431372549019608,0.6666666666666666,0.8461538461538461,0.875,0.7777777777777778,0.8367346938775511,0.8888888888888888,0.875,0.7647058823529411,0.8,0.9333333333333333,0.8666666666666667,0.8529411764705882,0.48237302899360657,51,12,13,16,9,49,18,16,17,35,15,15,34
412,0.45454545454545453,0.4166666666666667,0.25,0.2727272727272727,0.0,0.46875,0.4,0.3333333333333333,0.6363636363636364,0.34782608695652173,0.7,0.5,0.35714285714285715,1.1113955974578857,33,12,8,11,6,32,10,12,11,23,10,6,14,0.8431372549019608,0.6666666666666666,0.9230769230769231,0.875,0.7777777777777778,0.8367346938775511,0.7777777777777778,0.9375,0.8235294117647058,0.8571428571428571,0.8,0.8,0.8529411764705882,0.5042299628257751,51,12,13,16,9,49,18,16,17,35,15,15,34
413,0.45454545454545453,0.4166666666666667,0.25,0.2727272727272727,0.0,0.46875,0.4,0.3333333333333333,0.6363636363636364,0.34782608695652173,0.7,0.5,0.35714285714285715,1.123873233795166,33,12,8,11,6,32,10,12,11,23,10,6,14,0.9019607843137255,0.9166666666666666,0.9230769230769231,0.9375,0.8888888888888888,0.8979591836734694,0.8888888888888888,0.875,0.9411764705882353,0.9142857142857143,0.8666666666666667,0.8666666666666667,0.8823529411764706,0.4268760681152344,51,12,13,16,9,49,18,16,17,35,15,15,34
414,0.42424242424242425,0.4166666666666667,0.25,0.2727272727272727,0.0,0.4375,0.4,0.25,0.6363636363636364,0.34782608695652173,0.6,0.5,0.35714285714285715,1.1308066844940186,33,12,8,11,6,32,10,12,11,23,10,6,14,0.8823529411764706,0.8333333333333334,0.7692307692307693,0.8125,0.8888888888888888,0.8775510204081632,0.7222222222222222,0.9375,1.0,0.9142857142857143,0.8,0.8666666666666667,0.9411764705882353,0.46520566940307617,51,12,13,16,9,49,18,16,17,35,15,15,34
415,0.42424242424242425,0.4166666666666667,0.25,0.2727272727272727,0.0,0.4375,0.4,0.25,0.6363636363636364,0.34782608695652173,0.6,0.5,0.35714285714285715,1.1309001445770264,33,12,8,11,6,32,10,12,11,23,10,6,14,0.8235294117647058,0.9166666666666666,0.8461538461538461,0.8125,0.7777777777777778,0.8163265306122449,0.6111111111111112,0.9375,0.9411764705882353,0.8,0.8666666666666667,0.8666666666666667,0.8235294117647058,0.49716880917549133,51,12,13,16,9,49,18,16,17,35,15,15,34
416,0.45454545454545453,0.4166666666666667,0.25,0.2727272727272727,0.0,0.46875,0.4,0.3333333333333333,0.6363636363636364,0.34782608695652173,0.7,0.5,0.35714285714285715,1.1254606246948242,33,12,8,11,6,32,10,12,11,23,10,6,14,0.9019607843137255,0.9166666666666666,0.7692307692307693,0.8125,0.8888888888888888,0.8979591836734694,0.8333333333333334,0.875,1.0,0.8857142857142857,0.9333333333333333,0.8666666666666667,0.9411764705882353,0.4176238477230072,51,12,13,16,9,49,18,16,17,35,15,15,34
417,0.45454545454545453,0.4166666666666667,0.25,0.2727272727272727,0.0,0.46875,0.4,0.3333333333333333,0.6363636363636364,0.34782608695652173,0.7,0.5,0.35714285714285715,1.1196421384811401,33,12,8,11,6,32,10,12,11,23,10,6,14,0.7647058823529411,0.4166666666666667,0.9230769230769231,0.75,0.5555555555555556,0.7755102040816326,0.6111111111111112,0.8125,0.8823529411764706,0.7428571428571429,0.8,0.8,0.7352941176470589,0.502070426940918,51,12,13,16,9,49,18,16,17,35,15,15,34
418,0.45454545454545453,0.4166666666666667,0.25,0.2727272727272727,0.0,0.46875,0.4,0.3333333333333333,0.6363636363636364,0.34782608695652173,0.7,0.5,0.35714285714285715,1.113217830657959,33,12,8,11,6,32,10,12,11,23,10,6,14,0.803921568627451,0.75,0.8461538461538461,0.875,0.7777777777777778,0.8163265306122449,0.7777777777777778,0.75,0.8823529411764706,0.7428571428571429,0.9333333333333333,0.8,0.7647058823529411,0.585417628288269,51,12,13,16,9,49,18,16,17,35,15,15,34
419,0.42424242424242425,0.4166666666666667,0.25,0.2727272727272727,0.0,0.4375,0.4,0.3333333333333333,0.5454545454545454,0.34782608695652173,0.6,0.5,0.35714285714285715,1.1054658889770508,33,12,8,11,6,32,10,12,11,23,10,6,14,0.7843137254901961,0.8333333333333334,0.7692307692307693,0.8125,0.5555555555555556,0.7755102040816326,0.6666666666666666,0.875,0.8235294117647058,0.7142857142857143,0.9333333333333333,0.7333333333333333,0.7941176470588235,0.4958434998989105,51,12,13,16,9,49,18,16,17,35,15,15,34
420,0.42424242424242425,0.4166666666666667,0.25,0.2727272727272727,0.0,0.4375,0.4,0.3333333333333333,0.5454545454545454,0.34782608695652173,0.6,0.5,0.35714285714285715,1.1046959161758423,33,12,8,11,6,32,10,12,11,23,10,6,14,0.7647058823529411,0.6666666666666666,0.7692307692307693,0.8125,0.6666666666666666,0.7551020408163265,0.6666666666666666,0.8125,0.8235294117647058,0.7142857142857143,0.8666666666666667,0.6666666666666666,0.7647058823529411,0.4725661277770996,51,12,13,16,9,49,18,16,17,35,15,15,34
421,0.42424242424242425,0.4166666666666667,0.25,0.2727272727272727,0.0,0.4375,0.4,0.3333333333333333,0.5454545454545454,0.34782608695652173,0.6,0.5,0.35714285714285715,1.1108264923095703,33,12,8,11,6,32,10,12,11,23,10,6,14,0.7843137254901961,0.8333333333333334,0.9230769230769231,0.875,0.8888888888888888,0.7755102040816326,0.6666666666666666,0.875,0.8235294117647058,0.7714285714285715,0.8,0.8,0.7352941176470589,0.5184706449508667,51,12,13,16,9,49,18,16,17,35,15,15,34
422,0.45454545454545453,0.4166666666666667,0.25,0.2727272727272727,0.0,0.46875,0.4,0.3333333333333333,0.6363636363636364,0.34782608695652173,0.7,0.5,0.35714285714285715,1.1199071407318115,33,12,8,11,6,32,10,12,11,23,10,6,14,0.7843137254901961,0.5833333333333334,0.7692307692307693,0.6875,0.4444444444444444,0.7959183673469388,0.6666666666666666,0.875,0.8235294117647058,0.7142857142857143,0.9333333333333333,0.8,0.7941176470588235,0.48836079239845276,51,12,13,16,9,49,18,16,17,35,15,15,34
423,0.42424242424242425,0.4166666666666667,0.25,0.2727272727272727,0.0,0.4375,0.4,0.25,0.6363636363636364,0.34782608695652173,0.6,0.5,0.35714285714285715,1.1280006170272827,33,12,8,11,6,32,10,12,11,23,10,6,14,0.803921568627451,0.6666666666666666,0.6923076923076923,0.75,0.7777777777777778,0.7959183673469388,0.7222222222222222,0.8125,0.8823529411764706,0.8,0.8,0.7333333333333333,0.8235294117647058,0.508525550365448,51,12,13,16,9,49,18,16,17,35,15,15,34
424,0.42424242424242425,0.4166666666666667,0.25,0.2727272727272727,0.0,0.4375,0.4,0.25,0.6363636363636364,0.34782608695652173,0.6,0.5,0.35714285714285715,1.1339701414108276,33,12,8,11,6,32,10,12,11,23,10,6,14,0.8823529411764706,0.75,0.8461538461538461,0.875,0.6666666666666666,0.8979591836734694,0.9444444444444444,0.8125,0.8823529411764706,0.8285714285714286,1.0,0.8666666666666667,0.8529411764705882,0.41192907094955444,51,12,13,16,9,49,18,16,17,35,15,15,34
425,0.42424242424242425,0.4166666666666667,0.25,0.2727272727272727,0.0,0.4375,0.4,0.25,0.6363636363636364,0.34782608695652173,0.6,0.5,0.35714285714285715,1.1309925317764282,33,12,8,11,6,32,10,12,11,23,10,6,14,0.8235294117647058,0.8333333333333334,0.7692307692307693,0.75,1.0,0.8163265306122449,0.6666666666666666,0.8125,1.0,0.8,0.8666666666666667,0.7333333333333333,0.8235294117647058,0.5036062598228455,51,12,13,16,9,49,18,16,17,35,15,15,34
426,0.42424242424242425,0.4166666666666667,0.25,0.2727272727272727,0.0,0.4375,0.4,0.25,0.6363636363636364,0.34782608695652173,0.6,0.5,0.35714285714285715,1.1303590536117554,33,12,8,11,6,32,10,12,11,23,10,6,14,0.803921568627451,0.8333333333333334,0.6923076923076923,0.8125,0.5555555555555556,0.7959183673469388,0.7777777777777778,0.75,0.8823529411764706,0.7142857142857143,1.0,0.6666666666666666,0.7941176470588235,0.5011647939682007,51,12,13,16,9,49,18,16,17,35,15,15,34
427,0.42424242424242425,0.4166666666666667,0.25,0.2727272727272727,0.0,0.4375,0.4,0.25,0.6363636363636364,0.34782608695652173,0.6,0.5,0.35714285714285715,1.131872296333313,33,12,8,11,6,32,10,12,11,23,10,6,14,0.9019607843137255,1.0,0.9230769230769231,0.9375,0.8888888888888888,0.8979591836734694,0.8888888888888888,0.875,0.9411764705882353,0.8857142857142857,0.9333333333333333,0.8,0.8529411764705882,0.3860946595668793,51,12,13,16,9,49,18,16,17,35,15,15,34
428,0.42424242424242425,0.4166666666666667,0.25,0.2727272727272727,0.0,0.4375,0.4,0.25,0.6363636363636364,0.34782608695652173,0.6,0.5,0.35714285714285715,1.1316648721694946,33,12,8,11,6,32,10,12,11,23,10,6,14,0.8431372549019608,0.6666666666666666,0.9230769230769231,0.8125,0.5555555555555556,0.8367346938775511,0.7222222222222222,0.875,0.9411764705882353,0.8,0.9333333333333333,0.8666666666666667,0.7647058823529411,0.45710742473602295,51,12,13,16,9,49,18,16,17,35,15,15,34
429,0.3939393939393939,0.4166666666666667,0.25,0.2727272727272727,0.0,0.40625,0.4,0.25,0.5454545454545454,0.34782608695652173,0.5,0.5,0.35714285714285715,1.1227104663848877,33,12,8,11,6,32,10,12,11,23,10,6,14,0.8431372549019608,0.75,0.8461538461538461,0.8125,0.8888888888888888,0.8367346938775511,0.6666666666666666,0.875,1.0,0.8,0.9333333333333333,0.8666666666666667,0.8529411764705882,0.43016260862350464,51,12,13,16,9,49,18,16,17,35,15,15,34
430,0.42424242424242425,0.4166666666666667,0.25,0.2727272727272727,0.0,0.4375,0.4,0.3333333333333333,0.5454545454545454,0.34782608695652173,0.6,0.5,0.35714285714285715,1.1178889274597168,33,12,8,11,6,32,10,12,11,23,10,6,14,0.8235294117647058,0.8333333333333334,0.8461538461538461,0.875,0.8888888888888888,0.8163265306122449,0.8888888888888888,0.875,0.7058823529411765,0.7714285714285715,0.9333333333333333,0.7333333333333333,0.8235294117647058,0.47454097867012024,51,12,13,16,9,49,18,16,17,35,15,15,34
431,0.42424242424242425,0.4166666666666667,0.25,0.2727272727272727,0.0,0.4375,0.4,0.3333333333333333,0.5454545454545454,0.34782608695652173,0.6,0.5,0.35714285714285715,1.1164568662643433,33,12,8,11,6,32,10,12,11,23,10,6,14,0.8431372549019608,0.75,0.9230769230769231,1.0,0.8888888888888888,0.8367346938775511,0.7777777777777778,0.875,0.8823529411764706,0.8285714285714286,0.8666666666666667,0.8,0.8235294117647058,0.46942663192749023,51,12,13,16,9,49,18,16,17,35,15,15,34
432,0.3939393939393939,0.4166666666666667,0.25,0.2727272727272727,0.0,0.40625,0.4,0.25,0.5454545454545454,0.34782608695652173,0.5,0.5,0.35714285714285715,1.1228809356689453,33,12,8,11,6,32,10,12,11,23,10,6,14,0.8235294117647058,0.6666666666666666,0.7692307692307693,0.8125,0.7777777777777778,0.8163265306122449,0.7777777777777778,0.875,0.8235294117647058,0.8285714285714286,0.8,0.8666666666666667,0.8529411764705882,0.4686111807823181,51,12,13,16,9,49,18,16,17,35,15,15,34
433,0.42424242424242425,0.4166666666666667,0.25,0.2727272727272727,0.0,0.4375,0.4,0.25,0.6363636363636364,0.34782608695652173,0.6,0.5,0.35714285714285715,1.1423290967941284,33,12,8,11,6,32,10,12,11,23,10,6,14,0.8431372549019608,0.6666666666666666,0.9230769230769231,0.9375,0.7777777777777778,0.8367346938775511,0.8333333333333334,0.875,0.8235294117647058,0.8285714285714286,0.8666666666666667,0.8666666666666667,0.8529411764705882,0.44173669815063477,51,12,13,16,9,49,18,16,17,35,15,15,34
434,0.3939393939393939,0.4166666666666667,0.25,0.2727272727272727,0.0,0.40625,0.3,0.25,0.6363636363636364,0.34782608695652173,0.5,0.5,0.2857142857142857,1.1560378074645996,33,12,8,11,6,32,10,12,11,23,10,6,14,0.8235294117647058,0.8333333333333334,0.8461538461538461,0.875,0.8888888888888888,0.8163265306122449,0.8333333333333334,0.75,0.8823529411764706,0.8,0.8666666666666667,0.8,0.7941176470588235,0.4544636905193329,51,12,13,16,9,49,18,16,17,35,15,15,34
435,0.3939393939393939,0.4166666666666667,0.25,0.2727272727272727,0.0,0.40625,0.3,0.25,0.6363636363636364,0.34782608695652173,0.5,0.5,0.2857142857142857,1.1543270349502563,33,12,8,11,6,32,10,12,11,23,10,6,14,0.8431372549019608,0.8333333333333334,0.7692307692307693,0.8125,0.8888888888888888,0.8367346938775511,0.7777777777777778,0.8125,0.9411764705882353,0.8285714285714286,0.8666666666666667,0.8,0.8823529411764706,0.4107523560523987,51,12,13,16,9,49,18,16,17,35,15,15,34
436,0.42424242424242425,0.4166666666666667,0.25,0.2727272727272727,0.0,0.4375,0.4,0.25,0.6363636363636364,0.34782608695652173,0.6,0.5,0.35714285714285715,1.1390870809555054,33,12,8,11,6,32,10,12,11,23,10,6,14,0.803921568627451,0.8333333333333334,0.7692307692307693,0.75,0.6666666666666666,0.7959183673469388,0.7222222222222222,0.75,0.9411764705882353,0.7714285714285715,0.8666666666666667,0.7333333333333333,0.7647058823529411,0.45116692781448364,51,12,13,16,9,49,18,16,17,35,15,15,34
437,0.45454545454545453,0.4166666666666667,0.25,0.2727272727272727,0.0,0.46875,0.4,0.3333333333333333,0.6363636363636364,0.34782608695652173,0.7,0.5,0.35714285714285715,1.1194254159927368,33,12,8,11,6,32,10,12,11,23,10,6,14,0.7450980392156863,0.5833333333333334,0.7692307692307693,0.6875,0.4444444444444444,0.7755102040816326,0.7222222222222222,0.6875,0.8235294117647058,0.7714285714285715,0.7333333333333333,0.8,0.7352941176470589,0.5351410508155823,51,12,13,16,9,49,18,16,17,35,15,15,34
438,0.42424242424242425,0.3333333333333333,0.125,0.2727272727272727,0.0,0.4375,0.5,0.3333333333333333,0.45454545454545453,0.34782608695652173,0.6,0.5,0.42857142857142855,1.108952283859253,33,12,8,11,6,32,10,12,11,23,10,6,14,0.8235294117647058,0.6666666666666666,0.8461538461538461,0.875,0.6666666666666666,0.8163265306122449,0.7777777777777778,0.875,0.8235294117647058,0.7714285714285715,0.9333333333333333,0.8666666666666667,0.7941176470588235,0.5021174550056458,51,12,13,16,9,49,18,16,17,35,15,15,34
439,0.42424242424242425,0.3333333333333333,0.125,0.2727272727272727,0.0,0.4375,0.5,0.3333333333333333,0.45454545454545453,0.34782608695652173,0.6,0.5,0.42857142857142855,1.1078068017959595,33,12,8,11,6,32,10,12,11,23,10,6,14,0.8235294117647058,0.8333333333333334,0.8461538461538461,0.8125,0.7777777777777778,0.8163265306122449,0.8333333333333334,0.875,0.7647058823529411,0.7714285714285715,0.9333333333333333,0.6666666666666666,0.7941176470588235,0.4476105570793152,51,12,13,16,9,49,18,16,17,35,15,15,34
440,0.45454545454545453,0.3333333333333333,0.125,0.36363636363636365,0.16666666666666666,0.46875,0.6,0.3333333333333333,0.45454545454545453,0.391304347826087,0.6,0.5,0.42857142857142855,1.1057188510894775,33,12,8,11,6,32,10,12,11,23,10,6,14,0.7843137254901961,0.6666666666666666,0.9230769230769231,0.8125,0.6666666666666666,0.7755102040816326,0.5555555555555556,0.875,0.9411764705882353,0.7428571428571429,0.8666666666666667,0.9333333333333333,0.7941176470588235,0.507329523563385,51,12,13,16,9,49,18,16,17,35,15,15,34
441,0.45454545454545453,0.3333333333333333,0.125,0.2727272727272727,0.0,0.46875,0.5,0.3333333333333333,0.5454545454545454,0.34782608695652173,0.7,0.5,0.42857142857142855,1.1127400398254395,33,12,8,11,6,32,10,12,11,23,10,6,14,0.8627450980392157,0.5833333333333334,1.0,0.9375,0.6666666666666666,0.8571428571428571,0.7777777777777778,0.9375,0.8823529411764706,0.8571428571428571,0.8666666666666667,0.9333333333333333,0.8529411764705882,0.4549494683742523,51,12,13,16,9,49,18,16,17,35,15,15,34
442,0.45454545454545453,0.4166666666666667,0.25,0.2727272727272727,0.0,0.46875,0.4,0.3333333333333333,0.6363636363636364,0.34782608695652173,0.7,0.5,0.35714285714285715,1.1227664947509766,33,12,8,11,6,32,10,12,11,23,10,6,14,0.7843137254901961,0.6666666666666666,0.7692307692307693,0.8125,0.6666666666666666,0.7755102040816326,0.8333333333333334,0.8125,0.7058823529411765,0.7142857142857143,0.9333333333333333,0.6666666666666666,0.7647058823529411,0.4547107517719269,51,12,13,16,9,49,18,16,17,35,15,15,34
443,0.42424242424242425,0.4166666666666667,0.25,0.2727272727272727,0.0,0.4375,0.4,0.25,0.6363636363636364,0.34782608695652173,0.6,0.5,0.35714285714285715,1.1307833194732666,33,12,8,11,6,32,10,12,11,23,10,6,14,0.8235294117647058,0.75,0.7692307692307693,0.75,0.6666666666666666,0.8163265306122449,0.8888888888888888,0.8125,0.7647058823529411,0.7714285714285715,0.9333333333333333,0.7333333333333333,0.8235294117647058,0.45671069622039795,51,12,13,16,9,49,18,16,17,35,15,15,34
444,0.42424242424242425,0.4166666666666667,0.25,0.2727272727272727,0.0,0.4375,0.4,0.25,0.6363636363636364,0.34782608695652173,0.6,0.5,0.35714285714285715,1.134328842163086,33,12,8,11,6,32,10,12,11,23,10,6,14,0.8235294117647058,0.75,0.7692307692307693,0.8125,0.8888888888888888,0.8163265306122449,0.8888888888888888,0.75,0.8235294117647058,0.7428571428571429,1.0,0.8,0.7941176470588235,0.43888792395591736,51,12,13,16,9,49,18,16,17,35,15,15,34
445,0.45454545454545453,0.4166666666666667,0.25,0.2727272727272727,0.0,0.46875,0.4,0.3333333333333333,0.6363636363636364,0.34782608695652173,0.7,0.5,0.35714285714285715,1.1223629713058472,33,12,8,11,6,32,10,12,11,23,10,6,14,0.7647058823529411,0.75,0.8461538461538461,0.875,0.7777777777777778,0.7551020408163265,0.5555555555555556,0.75,1.0,0.7714285714285715,0.7333333333333333,0.8,0.7352941176470589,0.4686674475669861,51,12,13,16,9,49,18,16,17,35,15,15,34
446,0.48484848484848486,0.4166666666666667,0.25,0.2727272727272727,0.0,0.5,0.5,0.3333333333333333,0.6363636363636364,0.391304347826087,0.7,0.5,0.42857142857142855,1.10951566696167,33,12,8,11,6,32,10,12,11,23,10,6,14,0.8235294117647058,0.75,0.7692307692307693,0.75,0.7777777777777778,0.8367346938775511,0.8333333333333334,0.75,0.8823529411764706,0.7714285714285715,0.9333333333333333,0.7333333333333333,0.8235294117647058,0.47131797671318054,51,12,13,16,9,49,18,16,17,35,15,15,34
447,0.48484848484848486,0.4166666666666667,0.25,0.2727272727272727,0.0,0.5,0.5,0.3333333333333333,0.6363636363636364,0.391304347826087,0.7,0.5,0.42857142857142855,1.1099069118499756,33,12,8,11,6,32,10,12,11,23,10,6,14,0.7647058823529411,0.6666666666666666,0.7692307692307693,0.8125,0.6666666666666666,0.7551020408163265,0.7777777777777778,0.875,0.6470588235294118,0.7142857142857143,0.8666666666666667,0.6666666666666666,0.7941176470588235,0.5370253920555115,51,12,13,16,9,49,18,16,17,35,15,15,34
448,0.48484848484848486,0.4166666666666667,0.25,0.2727272727272727,0.0,0.5,0.5,0.3333333333333333,0.6363636363636364,0.391304347826087,0.7,0.5,0.42857142857142855,1.113037109375,33,12,8,11,6,32,10,12,11,23,10,6,14,0.803921568627451,0.6666666666666666,0.8461538461538461,0.875,0.6666666666666666,0.7959183673469388,0.7222222222222222,0.875,0.8235294117647058,0.7714285714285715,0.8666666666666667,0.7333333333333333,0.7941176470588235,0.43823114037513733,51,12,13,16,9,49,18,16,17,35,15,15,34
449,0.45454545454545453,0.4166666666666667,0.25,0.2727272727272727,0.0,0.46875,0.4,0.3333333333333333,0.6363636363636364,0.34782608695652173,0.7,0.5,0.35714285714285715,1.1211220026016235,33,12,8,11,6,32,10,12,11,23,10,6,14,0.803921568627451,0.75,0.6923076923076923,0.75,0.5555555555555556,0.7959183673469388,0.7222222222222222,0.9375,0.7647058823529411,0.7428571428571429,0.9333333333333333,0.6666666666666666,0.8529411764705882,0.45608726143836975,51,12,13,16,9,49,18,16,17,35,15,15,34
450,0.45454545454545453,0.4166666666666667,0.25,0.2727272727272727,0.0,0.46875,0.4,0.3333333333333333,0.6363636363636364,0.34782608695652173,0.7,0.5,0.35714285714285715,1.1260178089141846,33,12,8,11,6,32,10,12,11,23,10,6,14,0.8235294117647058,0.75,0.7692307692307693,0.625,0.6666666666666666,0.8367346938775511,0.6666666666666666,0.875,0.9411764705882353,0.8,0.9333333333333333,0.7333333333333333,0.7941176470588235,0.4401843249797821,51,12,13,16,9,49,18,16,17,35,15,15,34
451,0.42424242424242425,0.4166666666666667,0.25,0.2727272727272727,0.0,0.4375,0.4,0.25,0.6363636363636364,0.34782608695652173,0.6,0.5,0.35714285714285715,1.1315597295761108,33,12,8,11,6,32,10,12,11,23,10,6,14,0.7647058823529411,0.75,0.7692307692307693,0.75,0.8888888888888888,0.7551020408163265,0.5,0.875,0.9411764705882353,0.7714285714285715,0.7333333333333333,0.6666666666666666,0.7647058823529411,0.50157231092453,51,12,13,16,9,49,18,16,17,35,15,15,34
452,0.42424242424242425,0.4166666666666667,0.25,0.2727272727272727,0.0,0.4375,0.4,0.25,0.6363636363636364,0.34782608695652173,0.6,0.5,0.35714285714285715,1.1301698684692383,33,12,8,11,6,32,10,12,11,23,10,6,14,0.7843137254901961,0.75,0.6923076923076923,0.75,0.5555555555555556,0.7755102040816326,0.6666666666666666,0.8125,0.8823529411764706,0.7428571428571429,0.8666666666666667,0.8,0.7647058823529411,0.48828330636024475,51,12,13,16,9,49,18,16,17,35,15,15,34
453,0.42424242424242425,0.4166666666666667,0.25,0.2727272727272727,0.0,0.4375,0.4,0.25,0.6363636363636364,0.34782608695652173,0.6,0.5,0.35714285714285715,1.1328303813934326,33,12,8,11,6,32,10,12,11,23,10,6,14,0.8431372549019608,0.75,0.8461538461538461,0.875,0.8888888888888888,0.8367346938775511,0.8333333333333334,0.9375,0.7647058823529411,0.8,0.9333333333333333,0.8666666666666667,0.8235294117647058,0.4638999402523041,51,12,13,16,9,49,18,16,17,35,15,15,34
454,0.42424242424242425,0.4166666666666667,0.25,0.2727272727272727,0.0,0.4375,0.4,0.25,0.6363636363636364,0.34782608695652173,0.6,0.5,0.35714285714285715,1.134841799736023,33,12,8,11,6,32,10,12,11,23,10,6,14,0.8235294117647058,0.75,0.7692307692307693,0.8125,0.7777777777777778,0.8163265306122449,0.6666666666666666,0.9375,0.8823529411764706,0.7714285714285715,0.9333333333333333,0.8,0.8235294117647058,0.4588419497013092,51,12,13,16,9,49,18,16,17,35,15,15,34
455,0.42424242424242425,0.4166666666666667,0.25,0.2727272727272727,0.0,0.4375,0.4,0.25,0.6363636363636364,0.34782608695652173,0.6,0.5,0.35714285714285715,1.1371099948883057,33,12,8,11,6,32,10,12,11,23,10,6,14,0.8627450980392157,0.8333333333333334,0.9230769230769231,0.9375,0.7777777777777778,0.8775510204081632,0.9444444444444444,0.8125,0.8235294117647058,0.8,1.0,0.8,0.8235294117647058,0.4168384373188019,51,12,13,16,9,49,18,16,17,35,15,15,34
456,0.42424242424242425,0.4166666666666667,0.25,0.2727272727272727,0.0,0.4375,0.4,0.25,0.6363636363636364,0.34782608695652173,0.6,0.5,0.35714285714285715,1.1422390937805176,33,12,8,11,6,32,10,12,11,23,10,6,14,0.8235294117647058,0.6666666666666666,0.8461538461538461,0.875,0.6666666666666666,0.8163265306122449,0.8333333333333334,0.8125,0.8235294117647058,0.7428571428571429,1.0,0.8666666666666667,0.7647058823529411,0.5049641728401184,51,12,13,16,9,49,18,16,17,35,15,15,34
457,0.42424242424242425,0.4166666666666667,0.25,0.2727272727272727,0.0,0.4375,0.4,0.25,0.6363636363636364,0.34782608695652173,0.6,0.5,0.35714285714285715,1.1437658071517944,33,12,8,11,6,32,10,12,11,23,10,6,14,0.8431372549019608,0.6666666666666666,0.9230769230769231,0.8125,0.7777777777777778,0.8367346938775511,0.8333333333333334,0.875,0.8235294117647058,0.8,0.9333333333333333,0.8,0.8823529411764706,0.46866485476493835,51,12,13,16,9,49,18,16,17,35,15,15,34
458,0.42424242424242425,0.4166666666666667,0.25,0.2727272727272727,0.0,0.4375,0.4,0.25,0.6363636363636364,0.34782608695652173,0.6,0.5,0.35714285714285715,1.1354259252548218,33,12,8,11,6,32,10,12,11,23,10,6,14,0.7843137254901961,0.6666666666666666,0.9230769230769231,0.8125,0.6666666666666666,0.7755102040816326,0.7222222222222222,0.75,0.8823529411764706,0.7428571428571429,0.8666666666666667,0.8,0.7647058823529411,0.464837908744812,51,12,13,16,9,49,18,16,17,35,15,15,34
459,0.42424242424242425,0.4166666666666667,0.25,0.2727272727272727,0.0,0.4375,0.4,0.25,0.6363636363636364,0.34782608695652173,0.6,0.5,0.35714285714285715,1.124894380569458,33,12,8,11,6,32,10,12,11,23,10,6,14,0.7843137254901961,0.5,0.9230769230769231,0.875,0.5555555555555556,0.7959183673469388,0.7222222222222222,0.75,0.8823529411764706,0.8,0.7333333333333333,0.8,0.7941176470588235,0.47527074813842773,51,12,13,16,9,49,18,16,17,35,15,15,34
460,0.48484848484848486,0.4166666666666667,0.25,0.36363636363636365,0.16666666666666666,0.5,0.6,0.3333333333333333,0.5454545454545454,0.43478260869565216,0.6,0.5,0.42857142857142855,1.110843539237976,33,12,8,11,6,32,10,12,11,23,10,6,14,0.7450980392156863,0.75,0.8461538461538461,0.75,0.5555555555555556,0.7551020408163265,0.7222222222222222,0.625,0.8823529411764706,0.6571428571428571,1.0,0.6,0.6470588235294118,0.5033766627311707,51,12,13,16,9,49,18,16,17,35,15,15,34
461,0.48484848484848486,0.4166666666666667,0.25,0.36363636363636365,0.16666666666666666,0.5,0.6,0.3333333333333333,0.5454545454545454,0.43478260869565216,0.6,0.5,0.42857142857142855,1.1106808185577393,33,12,8,11,6,32,10,12,11,23,10,6,14,0.7647058823529411,0.75,0.7692307692307693,0.6875,0.6666666666666666,0.7551020408163265,0.6111111111111112,0.9375,0.7647058823529411,0.6571428571428571,1.0,0.8,0.7058823529411765,0.44321364164352417,51,12,13,16,9,49,18,16,17,35,15,15,34
462,0.45454545454545453,0.4166666666666667,0.25,0.2727272727272727,0.0,0.46875,0.4,0.3333333333333333,0.6363636363636364,0.34782608695652173,0.7,0.5,0.35714285714285715,1.1200989484786987,33,12,8,11,6,32,10,12,11,23,10,6,14,0.803921568627451,0.8333333333333334,0.8461538461538461,0.75,0.7777777777777778,0.7959183673469388,0.7777777777777778,0.8125,0.8235294117647058,0.7142857142857143,1.0,0.6666666666666666,0.7352941176470589,0.5271117687225342,51,12,13,16,9,49,18,16,17,35,15,15,34
463,0.42424242424242425,0.4166666666666667,0.25,0.2727272727272727,0.0,0.4375,0.4,0.25,0.6363636363636364,0.34782608695652173,0.6,0.5,0.35714285714285715,1.1342406272888184,33,12,8,11,6,32,10,12,11,23,10,6,14,0.8431372549019608,0.75,1.0,0.875,0.6666666666666666,0.8367346938775511,0.7222222222222222,1.0,0.8235294117647058,0.7714285714285715,1.0,0.7333333333333333,0.7941176470588235,0.445559561252594,51,12,13,16,9,49,18,16,17,35,15,15,34
464,0.42424242424242425,0.4166666666666667,0.25,0.2727272727272727,0.0,0.4375,0.4,0.25,0.6363636363636364,0.34782608695652173,0.6,0.5,0.35714285714285715,1.1444873809814453,33,12,8,11,6,32,10,12,11,23,10,6,14,0.803921568627451,0.6666666666666666,0.8461538461538461,0.8125,0.7777777777777778,0.7959183673469388,0.6111111111111112,0.875,0.9411764705882353,0.7714285714285715,0.8666666666666667,0.8666666666666667,0.7647058823529411,0.416276752948761,51,12,13,16,9,49,18,16,17,35,15,15,34
465,0.42424242424242425,0.4166666666666667,0.25,0.2727272727272727,0.0,0.4375,0.4,0.25,0.6363636363636364,0.34782608695652173,0.6,0.5,0.35714285714285715,1.145617127418518,33,12,8,11,6,32,10,12,11,23,10,6,14,0.8823529411764706,0.75,0.9230769230769231,0.875,0.8888888888888888,0.8775510204081632,0.8333333333333334,0.875,0.9411764705882353,0.8857142857142857,0.8666666666666667,0.9333333333333333,0.8529411764705882,0.406706303358078,51,12,13,16,9,49,18,16,17,35,15,15,34
466,0.42424242424242425,0.4166666666666667,0.25,0.2727272727272727,0.0,0.4375,0.4,0.25,0.6363636363636364,0.34782608695652173,0.6,0.5,0.35714285714285715,1.140160322189331,33,12,8,11,6,32,10,12,11,23,10,6,14,0.8627450980392157,1.0,0.8461538461538461,0.875,1.0,0.8571428571428571,0.8333333333333334,0.8125,0.9411764705882353,0.8571428571428571,0.8666666666666667,0.8,0.8529411764705882,0.40796130895614624,51,12,13,16,9,49,18,16,17,35,15,15,34
467,0.42424242424242425,0.4166666666666667,0.25,0.2727272727272727,0.0,0.4375,0.4,0.25,0.6363636363636364,0.34782608695652173,0.6,0.5,0.35714285714285715,1.1304378509521484,33,12,8,11,6,32,10,12,11,23,10,6,14,0.7647058823529411,0.5833333333333334,0.8461538461538461,0.8125,0.6666666666666666,0.7551020408163265,0.7777777777777778,0.75,0.7647058823529411,0.7428571428571429,0.8,0.6,0.7647058823529411,0.5593581795692444,51,12,13,16,9,49,18,16,17,35,15,15,34
468,0.5151515151515151,0.4166666666666667,0.25,0.36363636363636365,0.16666666666666666,0.53125,0.6,0.3333333333333333,0.6363636363636364,0.43478260869565216,0.7,0.5,0.42857142857142855,1.1207455396652222,33,12,8,11,6,32,10,12,11,23,10,6,14,0.9215686274509803,1.0,0.9230769230769231,0.9375,1.0,0.9183673469387755,0.9444444444444444,0.875,0.9411764705882353,0.9142857142857143,0.9333333333333333,0.8666666666666667,0.9117647058823529,0.3985340893268585,51,12,13,16,9,49,18,16,17,35,15,15,34
469,0.48484848484848486,0.4166666666666667,0.25,0.36363636363636365,0.16666666666666666,0.5,0.6,0.3333333333333333,0.5454545454545454,0.43478260869565216,0.6,0.5,0.42857142857142855,1.1166621446609497,33,12,8,11,6,32,10,12,11,23,10,6,14,0.8431372549019608,0.9166666666666666,0.7692307692307693,0.8125,0.8888888888888888,0.8367346938775511,0.8888888888888888,0.8125,0.8235294117647058,0.8,0.9333333333333333,0.6666666666666666,0.8529411764705882,0.4439094066619873,51,12,13,16,9,49,18,16,17,35,15,15,34
470,0.48484848484848486,0.4166666666666667,0.25,0.36363636363636365,0.16666666666666666,0.5,0.6,0.3333333333333333,0.5454545454545454,0.43478260869565216,0.6,0.5,0.42857142857142855,1.116926908493042,33,12,8,11,6,32,10,12,11,23,10,6,14,0.8431372549019608,0.75,1.0,1.0,0.8888888888888888,0.8571428571428571,0.7777777777777778,0.875,0.8823529411764706,0.8285714285714286,0.8666666666666667,0.8,0.7941176470588235,0.45540952682495117,51,12,13,16,9,49,18,16,17,35,15,15,34
471,0.5151515151515151,0.4166666666666667,0.25,0.36363636363636365,0.16666666666666666,0.53125,0.6,0.3333333333333333,0.6363636363636364,0.43478260869565216,0.7,0.5,0.42857142857142855,1.123423457145691,33,12,8,11,6,32,10,12,11,23,10,6,14,0.8823529411764706,0.8333333333333334,0.8461538461538461,0.875,0.7777777777777778,0.8775510204081632,0.9444444444444444,0.8125,0.8823529411764706,0.8571428571428571,0.9333333333333333,0.9333333333333333,0.8823529411764706,0.4401816427707672,51,12,13,16,9,49,18,16,17,35,15,15,34
472,0.42424242424242425,0.4166666666666667,0.25,0.2727272727272727,0.0,0.4375,0.4,0.25,0.6363636363636364,0.34782608695652173,0.6,0.5,0.35714285714285715,1.1368697881698608,33,12,8,11,6,32,10,12,11,23,10,6,14,0.8627450980392157,0.9166666666666666,0.9230769230769231,0.9375,1.0,0.8571428571428571,0.9444444444444444,0.8125,0.8235294117647058,0.8571428571428571,0.8666666666666667,0.8,0.8529411764705882,0.3924787640571594,51,12,13,16,9,49,18,16,17,35,15,15,34
473,0.42424242424242425,0.4166666666666667,0.25,0.2727272727272727,0.0,0.4375,0.4,0.25,0.6363636363636364,0.34782608695652173,0.6,0.5,0.35714285714285715,1.1469002962112427,33,12,8,11,6,32,10,12,11,23,10,6,14,0.8235294117647058,0.5833333333333334,0.8461538461538461,0.75,0.5555555555555556,0.8163265306122449,0.7222222222222222,0.875,0.8823529411764706,0.8,0.8666666666666667,0.9333333333333333,0.8529411764705882,0.4543582797050476,51,12,13,16,9,49,18,16,17,35,15,15,34
474,0.42424242424242425,0.4166666666666667,0.25,0.2727272727272727,0.0,0.4375,0.4,0.25,0.6363636363636364,0.34782608695652173,0.6,0.5,0.35714285714285715,1.1585919857025146,33,12,8,11,6,32,10,12,11,23,10,6,14,0.9019607843137255,1.0,0.8461538461538461,0.875,0.8888888888888888,0.8979591836734694,0.9444444444444444,0.875,0.8823529411764706,0.8857142857142857,0.9333333333333333,0.8,0.9117647058823529,0.4122014045715332,51,12,13,16,9,49,18,16,17,35,15,15,34
475,0.42424242424242425,0.4166666666666667,0.25,0.2727272727272727,0.0,0.4375,0.4,0.25,0.6363636363636364,0.34782608695652173,0.6,0.5,0.35714285714285715,1.1562168598175049,33,12,8,11,6,32,10,12,11,23,10,6,14,0.8235294117647058,0.6666666666666666,0.9230769230769231,0.875,0.7777777777777778,0.8367346938775511,0.7777777777777778,0.75,0.9411764705882353,0.8285714285714286,0.8,0.7333333333333333,0.7647058823529411,0.49322080612182617,51,12,13,16,9,49,18,16,17,35,15,15,34
476,0.42424242424242425,0.4166666666666667,0.25,0.2727272727272727,0.0,0.4375,0.4,0.25,0.6363636363636364,0.34782608695652173,0.6,0.5,0.35714285714285715,1.1404801607131958,33,12,8,11,6,32,10,12,11,23,10,6,14,0.7843137254901961,0.75,0.8461538461538461,0.8125,0.8888888888888888,0.7959183673469388,0.7222222222222222,0.6875,0.9411764705882353,0.7714285714285715,0.8,0.7333333333333333,0.7647058823529411,0.4965338706970215,51,12,13,16,9,49,18,16,17,35,15,15,34
477,0.42424242424242425,0.4166666666666667,0.25,0.2727272727272727,0.0,0.4375,0.4,0.3333333333333333,0.5454545454545454,0.34782608695652173,0.6,0.5,0.35714285714285715,1.1268559694290161,33,12,8,11,6,32,10,12,11,23,10,6,14,0.8823529411764706,0.8333333333333334,0.8461538461538461,0.8125,1.0,0.8775510204081632,0.8333333333333334,0.875,0.9411764705882353,0.8571428571428571,0.9333333333333333,0.8666666666666667,0.9117647058823529,0.38707205653190613,51,12,13,16,9,49,18,16,17,35,15,15,34
478,0.45454545454545453,0.4166666666666667,0.25,0.2727272727272727,0.0,0.46875,0.4,0.3333333333333333,0.6363636363636364,0.34782608695652173,0.7,0.5,0.35714285714285715,1.1269488334655762,33,12,8,11,6,32,10,12,11,23,10,6,14,0.8235294117647058,0.75,0.8461538461538461,0.875,0.7777777777777778,0.8163265306122449,0.8333333333333334,0.9375,0.7058823529411765,0.8,0.8666666666666667,0.7333333333333333,0.8529411764705882,0.4058065116405487,51,12,13,16,9,49,18,16,17,35,15,15,34
479,0.42424242424242425,0.4166666666666667,0.25,0.2727272727272727,0.0,0.4375,0.4,0.25,0.6363636363636364,0.34782608695652173,0.6,0.5,0.35714285714285715,1.140374779701233,33,12,8,11,6,32,10,12,11,23,10,6,14,0.9019607843137255,0.8333333333333334,0.8461538461538461,0.9375,0.8888888888888888,0.8979591836734694,0.8888888888888888,0.875,0.9411764705882353,0.8571428571428571,1.0,0.9333333333333333,0.8529411764705882,0.41014862060546875,51,12,13,16,9,49,18,16,17,35,15,15,34
480,0.42424242424242425,0.4166666666666667,0.25,0.2727272727272727,0.0,0.4375,0.4,0.25,0.6363636363636364,0.34782608695652173,0.6,0.5,0.35714285714285715,1.1551504135131836,33,12,8,11,6,32,10,12,11,23,10,6,14,0.9019607843137255,1.0,0.9230769230769231,0.9375,1.0,0.8979591836734694,0.9444444444444444,0.8125,0.9411764705882353,0.8857142857142857,0.9333333333333333,0.8,0.8823529411764706,0.4348672330379486,51,12,13,16,9,49,18,16,17,35,15,15,34
481,0.3939393939393939,0.4166666666666667,0.25,0.2727272727272727,0.0,0.40625,0.3,0.25,0.6363636363636364,0.34782608695652173,0.5,0.5,0.2857142857142857,1.163835883140564,33,12,8,11,6,32,10,12,11,23,10,6,14,0.8823529411764706,0.8333333333333334,0.9230769230769231,0.9375,1.0,0.8775510204081632,0.8333333333333334,0.875,0.9411764705882353,0.8857142857142857,0.8666666666666667,0.7333333333333333,0.8529411764705882,0.3902681767940521,51,12,13,16,9,49,18,16,17,35,15,15,34
482,0.3939393939393939,0.4166666666666667,0.25,0.2727272727272727,0.0,0.40625,0.3,0.25,0.6363636363636364,0.34782608695652173,0.5,0.5,0.2857142857142857,1.1667052507400513,33,12,8,11,6,32,10,12,11,23,10,6,14,0.8431372549019608,0.75,0.8461538461538461,0.875,0.5555555555555556,0.8571428571428571,0.7777777777777778,0.8125,0.9411764705882353,0.8,0.9333333333333333,0.8666666666666667,0.8529411764705882,0.4080891013145447,51,12,13,16,9,49,18,16,17,35,15,15,34
483,0.42424242424242425,0.4166666666666667,0.25,0.2727272727272727,0.0,0.4375,0.4,0.25,0.6363636363636364,0.34782608695652173,0.6,0.5,0.35714285714285715,1.1603405475616455,33,12,8,11,6,32,10,12,11,23,10,6,14,0.8823529411764706,0.9166666666666666,0.9230769230769231,0.9375,1.0,0.8775510204081632,0.9444444444444444,0.75,0.9411764705882353,0.8857142857142857,0.8666666666666667,0.8,0.8529411764705882,0.4159207344055176,51,12,13,16,9,49,18,16,17,35,15,15,34
484,0.42424242424242425,0.4166666666666667,0.25,0.2727272727272727,0.0,0.4375,0.4,0.25,0.6363636363636364,0.34782608695652173,0.6,0.5,0.35714285714285715,1.1496654748916626,33,12,8,11,6,32,10,12,11,23,10,6,14,0.8235294117647058,0.6666666666666666,0.7692307692307693,0.8125,0.7777777777777778,0.8163265306122449,0.7222222222222222,0.875,0.8823529411764706,0.8,0.8666666666666667,0.9333333333333333,0.8529411764705882,0.47450345754623413,51,12,13,16,9,49,18,16,17,35,15,15,34
485,0.48484848484848486,0.4166666666666667,0.25,0.36363636363636365,0.16666666666666666,0.5,0.5,0.3333333333333333,0.6363636363636364,0.391304347826087,0.7,0.5,0.35714285714285715,1.1326608657836914,33,12,8,11,6,32,10,12,11,23,10,6,14,0.8627450980392157,0.8333333333333334,0.6923076923076923,0.8125,0.7777777777777778,0.8775510204081632,0.8888888888888888,0.75,0.9411764705882353,0.8285714285714286,0.9333333333333333,0.9333333333333333,0.8823529411764706,0.4563736021518707,51,12,13,16,9,49,18,16,17,35,15,15,34
486,0.5151515151515151,0.5,0.25,0.45454545454545453,0.16666666666666666,0.53125,0.7,0.3333333333333333,0.5454545454545454,0.4782608695652174,0.6,0.5,0.42857142857142855,1.1194148063659668,33,12,8,11,6,32,10,12,11,23,10,6,14,0.8627450980392157,0.8333333333333334,0.9230769230769231,0.875,0.8888888888888888,0.8571428571428571,0.7222222222222222,0.9375,0.9411764705882353,0.8571428571428571,0.8666666666666667,0.7333333333333333,0.8529411764705882,0.40979093313217163,51,12,13,16,9,49,18,16,17,35,15,15,34
487,0.5151515151515151,0.5,0.25,0.45454545454545453,0.16666666666666666,0.53125,0.7,0.3333333333333333,0.5454545454545454,0.4782608695652174,0.6,0.5,0.42857142857142855,1.1189347505569458,33,12,8,11,6,32,10,12,11,23,10,6,14,0.7843137254901961,0.6666666666666666,0.8461538461538461,0.8125,0.6666666666666666,0.7959183673469388,0.7777777777777778,0.8125,0.7647058823529411,0.7714285714285715,0.8,0.7333333333333333,0.7647058823529411,0.5326005816459656,51,12,13,16,9,49,18,16,17,35,15,15,34
488,0.5151515151515151,0.4166666666666667,0.25,0.36363636363636365,0.16666666666666666,0.53125,0.6,0.3333333333333333,0.6363636363636364,0.43478260869565216,0.7,0.5,0.42857142857142855,1.1274528503417969,33,12,8,11,6,32,10,12,11,23,10,6,14,0.8823529411764706,0.8333333333333334,1.0,1.0,1.0,0.8775510204081632,0.8333333333333334,0.9375,0.8823529411764706,0.8571428571428571,0.9333333333333333,0.9333333333333333,0.8235294117647058,0.38472214341163635,51,12,13,16,9,49,18,16,17,35,15,15,34
489,0.42424242424242425,0.4166666666666667,0.25,0.2727272727272727,0.0,0.4375,0.4,0.25,0.6363636363636364,0.34782608695652173,0.6,0.5,0.35714285714285715,1.1439557075500488,33,12,8,11,6,32,10,12,11,23,10,6,14,0.9215686274509803,1.0,0.9230769230769231,0.875,1.0,0.9183673469387755,0.9444444444444444,0.875,0.9411764705882353,0.9142857142857143,0.9333333333333333,0.8666666666666667,0.9117647058823529,0.39105871319770813,51,12,13,16,9,49,18,16,17,35,15,15,34
490,0.42424242424242425,0.4166666666666667,0.25,0.2727272727272727,0.0,0.4375,0.4,0.25,0.6363636363636364,0.34782608695652173,0.6,0.5,0.35714285714285715,1.1588622331619263,33,12,8,11,6,32,10,12,11,23,10,6,14,0.8627450980392157,0.75,0.9230769230769231,0.9375,0.7777777777777778,0.8571428571428571,0.8333333333333334,0.875,0.8823529411764706,0.8571428571428571,0.8666666666666667,0.8,0.8529411764705882,0.41551703214645386,51,12,13,16,9,49,18,16,17,35,15,15,34
491,0.42424242424242425,0.4166666666666667,0.25,0.2727272727272727,0.0,0.4375,0.4,0.25,0.6363636363636364,0.34782608695652173,0.6,0.5,0.35714285714285715,1.1659907102584839,33,12,8,11,6,32,10,12,11,23,10,6,14,0.8235294117647058,0.8333333333333334,0.8461538461538461,0.875,0.6666666666666666,0.8163265306122449,0.7777777777777778,0.8125,0.8823529411764706,0.8,0.8666666666666667,0.8,0.8235294117647058,0.43437930941581726,51,12,13,16,9,49,18,16,17,35,15,15,34
492,0.42424242424242425,0.4166666666666667,0.25,0.2727272727272727,0.0,0.4375,0.4,0.25,0.6363636363636364,0.34782608695652173,0.6,0.5,0.35714285714285715,1.1632972955703735,33,12,8,11,6,32,10,12,11,23,10,6,14,0.8235294117647058,0.9166666666666666,0.6923076923076923,0.75,0.7777777777777778,0.8163265306122449,0.7222222222222222,0.9375,0.8235294117647058,0.8,0.8666666666666667,0.7333333333333333,0.8823529411764706,0.43529754877090454,51,12,13,16,9,49,18,16,17,35,15,15,34
493,0.42424242424242425,0.4166666666666667,0.25,0.2727272727272727,0.0,0.4375,0.4,0.25,0.6363636363636364,0.34782608695652173,0.6,0.5,0.35714285714285715,1.1524256467819214,33,12,8,11,6,32,10,12,11,23,10,6,14,0.8431372549019608,0.8333333333333334,0.9230769230769231,0.875,0.8888888888888888,0.8367346938775511,0.7777777777777778,0.8125,0.9411764705882353,0.8,0.9333333333333333,0.8,0.8235294117647058,0.4330887198448181,51,12,13,16,9,49,18,16,17,35,15,15,34
494,0.48484848484848486,0.4166666666666667,0.25,0.36363636363636365,0.16666666666666666,0.5,0.6,0.25,0.6363636363636364,0.43478260869565216,0.6,0.5,0.42857142857142855,1.146687388420105,33,12,8,11,6,32,10,12,11,23,10,6,14,0.8235294117647058,0.75,0.9230769230769231,0.875,0.6666666666666666,0.8367346938775511,0.7222222222222222,0.875,0.8823529411764706,0.8285714285714286,0.8666666666666667,0.8666666666666667,0.8235294117647058,0.4679678678512573,51,12,13,16,9,49,18,16,17,35,15,15,34
495,0.5151515151515151,0.4166666666666667,0.25,0.36363636363636365,0.16666666666666666,0.53125,0.6,0.3333333333333333,0.6363636363636364,0.43478260869565216,0.7,0.5,0.42857142857142855,1.1401197910308838,33,12,8,11,6,32,10,12,11,23,10,6,14,0.8431372549019608,0.6666666666666666,0.9230769230769231,0.875,0.7777777777777778,0.8367346938775511,0.7222222222222222,0.875,0.9411764705882353,0.9142857142857143,0.6666666666666666,0.8666666666666667,0.8529411764705882,0.44391220808029175,51,12,13,16,9,49,18,16,17,35,15,15,34
496,0.5151515151515151,0.4166666666666667,0.25,0.36363636363636365,0.16666666666666666,0.53125,0.6,0.3333333333333333,0.6363636363636364,0.43478260869565216,0.7,0.5,0.42857142857142855,1.1358623504638672,33,12,8,11,6,32,10,12,11,23,10,6,14,0.9215686274509803,0.9166666666666666,0.8461538461538461,0.875,0.8888888888888888,0.9183673469387755,0.9444444444444444,0.875,0.9411764705882353,0.8857142857142857,1.0,0.8,0.9117647058823529,0.39295244216918945,51,12,13,16,9,49,18,16,17,35,15,15,34
497,0.5151515151515151,0.4166666666666667,0.25,0.36363636363636365,0.16666666666666666,0.53125,0.6,0.3333333333333333,0.6363636363636364,0.43478260869565216,0.7,0.5,0.42857142857142855,1.1423850059509277,33,12,8,11,6,32,10,12,11,23,10,6,14,0.8627450980392157,0.9166666666666666,0.9230769230769231,0.9375,0.7777777777777778,0.8571428571428571,0.8333333333333334,0.9375,0.8235294117647058,0.8571428571428571,0.8666666666666667,0.7333333333333333,0.8823529411764706,0.406610906124115,51,12,13,16,9,49,18,16,17,35,15,15,34
498,0.45454545454545453,0.4166666666666667,0.25,0.2727272727272727,0.0,0.46875,0.5,0.25,0.6363636363636364,0.391304347826087,0.6,0.5,0.42857142857142855,1.1512117385864258,33,12,8,11,6,32,10,12,11,23,10,6,14,0.8627450980392157,0.9166666666666666,0.8461538461538461,0.9375,0.8888888888888888,0.8571428571428571,0.8888888888888888,0.8125,0.8823529411764706,0.8,1.0,0.7333333333333333,0.8235294117647058,0.3990823030471802,51,12,13,16,9,49,18,16,17,35,15,15,34
499,0.42424242424242425,0.4166666666666667,0.25,0.2727272727272727,0.0,0.4375,0.4,0.25,0.6363636363636364,0.34782608695652173,0.6,0.5,0.35714285714285715,1.1600474119186401,33,12,8,11,6,32,10,12,11,23,10,6,14,0.8235294117647058,0.9166666666666666,0.8461538461538461,0.875,0.8888888888888888,0.8163265306122449,0.7222222222222222,0.875,0.8823529411764706,0.8,0.8666666666666667,0.8,0.8235294117647058,0.43285563588142395,51,12,13,16,9,49,18,16,17,35,15,15,34
500,0.42424242424242425,0.4166666666666667,0.25,0.2727272727272727,0.0,0.4375,0.4,0.25,0.6363636363636364,0.34782608695652173,0.6,0.5,0.35714285714285715,1.1618854999542236,33,12,8,11,6,32,10,12,11,23,10,6,14,0.8235294117647058,0.75,0.8461538461538461,0.875,0.8888888888888888,0.8163265306122449,0.7777777777777778,0.8125,0.8823529411764706,0.8285714285714286,0.8,0.7333333333333333,0.8529411764705882,0.4495682716369629,51,12,13,16,9,49,18,16,17,35,15,15,34
501,0.42424242424242425,0.4166666666666667,0.25,0.2727272727272727,0.0,0.4375,0.4,0.25,0.6363636363636364,0.34782608695652173,0.6,0.5,0.35714285714285715,1.1596546173095703,33,12,8,11,6,32,10,12,11,23,10,6,14,0.8431372549019608,0.75,0.7692307692307693,0.8125,0.7777777777777778,0.8571428571428571,0.8333333333333334,0.8125,0.8823529411764706,0.8,0.9333333333333333,0.7333333333333333,0.8529411764705882,0.41916951537132263,51,12,13,16,9,49,18,16,17,35,15,15,34
502,0.45454545454545453,0.4166666666666667,0.25,0.2727272727272727,0.0,0.46875,0.5,0.25,0.6363636363636364,0.391304347826087,0.6,0.5,0.42857142857142855,1.1568262577056885,33,12,8,11,6,32,10,12,11,23,10,6,14,0.9411764705882353,0.9166666666666666,0.8461538461538461,0.875,0.7777777777777778,0.9387755102040817,0.9444444444444444,0.9375,0.9411764705882353,0.9142857142857143,1.0,0.9333333333333333,0.9411764705882353,0.32690176367759705,51,12,13,16,9,49,18,16,17,35,15,15,34
503,0.45454545454545453,0.4166666666666667,0.25,0.2727272727272727,0.0,0.46875,0.5,0.25,0.6363636363636364,0.391304347826087,0.6,0.5,0.42857142857142855,1.1534464359283447,33,12,8,11,6,32,10,12,11,23,10,6,14,0.8235294117647058,0.75,0.9230769230769231,0.875,0.7777777777777778,0.8367346938775511,0.8333333333333334,0.75,0.8823529411764706,0.7714285714285715,0.9333333333333333,0.7333333333333333,0.7647058823529411,0.4988970160484314,51,12,13,16,9,49,18,16,17,35,15,15,34
504,0.45454545454545453,0.4166666666666667,0.25,0.2727272727272727,0.0,0.46875,0.5,0.25,0.6363636363636364,0.391304347826087,0.6,0.5,0.42857142857142855,1.1537848711013794,33,12,8,11,6,32,10,12,11,23,10,6,14,0.803921568627451,0.5833333333333334,0.7692307692307693,0.75,0.6666666666666666,0.7959183673469388,0.8333333333333334,0.875,0.7058823529411765,0.8,0.8,0.8666666666666667,0.8529411764705882,0.459632009267807,51,12,13,16,9,49,18,16,17,35,15,15,34
505,0.45454545454545453,0.4166666666666667,0.25,0.2727272727272727,0.0,0.46875,0.5,0.25,0.6363636363636364,0.391304347826087,0.6,0.5,0.42857142857142855,1.1536846160888672,33,12,8,11,6,32,10,12,11,23,10,6,14,0.8823529411764706,0.9166666666666666,0.8461538461538461,0.875,0.8888888888888888,0.8775510204081632,0.8888888888888888,0.8125,0.9411764705882353,0.8571428571428571,0.9333333333333333,0.8666666666666667,0.8529411764705882,0.42582157254219055,51,12,13,16,9,49,18,16,17,35,15,15,34
506,0.45454545454545453,0.4166666666666667,0.25,0.2727272727272727,0.0,0.46875,0.5,0.25,0.6363636363636364,0.391304347826087,0.6,0.5,0.42857142857142855,1.153218150138855,33,12,8,11,6,32,10,12,11,23,10,6,14,0.9215686274509803,1.0,0.9230769230769231,0.9375,1.0,0.9183673469387755,0.8888888888888888,0.875,1.0,0.9142857142857143,0.9333333333333333,0.8,0.9117647058823529,0.305912047624588,51,12,13,16,9,49,18,16,17,35,15,15,34
507,0.45454545454545453,0.4166666666666667,0.25,0.2727272727272727,0.0,0.46875,0.5,0.25,0.6363636363636364,0.391304347826087,0.6,0.5,0.42857142857142855,1.1538835763931274,33,12,8,11,6,32,10,12,11,23,10,6,14,0.9019607843137255,0.9166666666666666,0.8461538461538461,0.875,0.7777777777777778,0.8979591836734694,0.9444444444444444,0.8125,0.9411764705882353,0.8571428571428571,1.0,0.8,0.8823529411764706,0.39003312587738037,51,12,13,16,9,49,18,16,17,35,15,15,34
508,0.48484848484848486,0.4166666666666667,0.25,0.36363636363636365,0.16666666666666666,0.5,0.6,0.25,0.6363636363636364,0.43478260869565216,0.6,0.5,0.42857142857142855,1.1526466608047485,33,12,8,11,6,32,10,12,11,23,10,6,14,0.7843137254901961,0.8333333333333334,0.7692307692307693,0.8125,1.0,0.7755102040816326,0.8333333333333334,0.6875,0.8235294117647058,0.7142857142857143,0.9333333333333333,0.6666666666666666,0.7352941176470589,0.43801188468933105,51,12,13,16,9,49,18,16,17,35,15,15,34
509,0.5151515151515151,0.4166666666666667,0.25,0.36363636363636365,0.16666666666666666,0.53125,0.6,0.3333333333333333,0.6363636363636364,0.43478260869565216,0.7,0.5,0.42857142857142855,1.1521841287612915,33,12,8,11,6,32,10,12,11,23,10,6,14,0.8823529411764706,0.9166666666666666,0.9230769230769231,0.9375,1.0,0.8775510204081632,0.8888888888888888,0.875,0.8823529411764706,0.9142857142857143,0.8,0.8666666666666667,0.9117647058823529,0.3738235831260681,51,12,13,16,9,49,18,16,17,35,15,15,34
510,0.48484848484848486,0.4166666666666667,0.25,0.36363636363636365,0.16666666666666666,0.5,0.6,0.25,0.6363636363636364,0.43478260869565216,0.6,0.5,0.42857142857142855,1.1547601222991943,33,12,8,11,6,32,10,12,11,23,10,6,14,0.9019607843137255,0.75,0.9230769230769231,0.9375,0.7777777777777778,0.9183673469387755,0.9444444444444444,0.8125,0.9411764705882353,0.8857142857142857,0.9333333333333333,0.9333333333333333,0.8823529411764706,0.38243281841278076,51,12,13,16,9,49,18,16,17,35,15,15,34
511,0.5151515151515151,0.4166666666666667,0.25,0.36363636363636365,0.16666666666666666,0.53125,0.6,0.3333333333333333,0.6363636363636364,0.43478260869565216,0.7,0.5,0.42857142857142855,1.1501145362854004,33,12,8,11,6,32,10,12,11,23,10,6,14,0.8431372549019608,0.8333333333333334,0.6153846153846154,0.6875,0.6666666666666666,0.8571428571428571,0.7777777777777778,0.75,1.0,0.8,0.9333333333333333,0.8,0.8529411764705882,0.4474073648452759,51,12,13,16,9,49,18,16,17,35,15,15,34
512,0.48484848484848486,0.4166666666666667,0.25,0.36363636363636365,0.16666666666666666,0.5,0.6,0.25,0.6363636363636364,0.43478260869565216,0.6,0.5,0.42857142857142855,1.1548985242843628,33,12,8,11,6,32,10,12,11,23,10,6,14,0.8627450980392157,0.75,0.7692307692307693,0.875,0.6666666666666666,0.8571428571428571,0.9444444444444444,0.875,0.7647058823529411,0.8285714285714286,0.9333333333333333,0.8,0.8823529411764706,0.36062243580818176,51,12,13,16,9,49,18,16,17,35,15,15,34
513,0.45454545454545453,0.4166666666666667,0.25,0.2727272727272727,0.0,0.46875,0.5,0.25,0.6363636363636364,0.391304347826087,0.6,0.5,0.42857142857142855,1.1573251485824585,33,12,8,11,6,32,10,12,11,23,10,6,14,0.8823529411764706,1.0,0.7692307692307693,0.9375,1.0,0.8775510204081632,0.8888888888888888,0.75,1.0,0.8571428571428571,0.9333333333333333,0.9333333333333333,0.8529411764705882,0.3825463652610779,51,12,13,16,9,49,18,16,17,35,15,15,34
514,0.45454545454545453,0.4166666666666667,0.25,0.2727272727272727,0.0,0.46875,0.5,0.25,0.6363636363636364,0.391304347826087,0.6,0.5,0.42857142857142855,1.1595737934112549,33,12,8,11,6,32,10,12,11,23,10,6,14,0.7843137254901961,0.9166666666666666,0.7692307692307693,0.8125,0.8888888888888888,0.7755102040816326,0.6666666666666666,0.875,0.8235294117647058,0.7714285714285715,0.8,0.7333333333333333,0.7647058823529411,0.467194527387619,51,12,13,16,9,49,18,16,17,35,15,15,34
515,0.45454545454545453,0.4166666666666667,0.25,0.2727272727272727,0.0,0.46875,0.5,0.25,0.6363636363636364,0.391304347826087,0.6,0.5,0.42857142857142855,1.1665265560150146,33,12,8,11,6,32,10,12,11,23,10,6,14,0.8823529411764706,0.9166666666666666,0.9230769230769231,0.9375,0.8888888888888888,0.8775510204081632,0.8333333333333334,0.9375,0.8823529411764706,0.8285714285714286,1.0,0.8666666666666667,0.8823529411764706,0.3802538514137268,51,12,13,16,9,49,18,16,17,35,15,15,34
516,0.42424242424242425,0.4166666666666667,0.25,0.2727272727272727,0.0,0.4375,0.4,0.25,0.6363636363636364,0.34782608695652173,0.6,0.5,0.35714285714285715,1.1755269765853882,33,12,8,11,6,32,10,12,11,23,10,6,14,0.8431372549019608,0.75,0.8461538461538461,0.875,0.8888888888888888,0.8571428571428571,0.8888888888888888,0.8125,0.8235294117647058,0.8285714285714286,0.9333333333333333,0.9333333333333333,0.8235294117647058,0.4023919999599457,51,12,13,16,9,49,18,16,17,35,15,15,34
517,0.42424242424242425,0.4166666666666667,0.25,0.2727272727272727,0.0,0.4375,0.4,0.25,0.6363636363636364,0.34782608695652173,0.6,0.5,0.35714285714285715,1.1713162660598755,33,12,8,11,6,32,10,12,11,23,10,6,14,0.9215686274509803,0.9166666666666666,0.9230769230769231,0.9375,0.8888888888888888,0.9387755102040817,1.0,0.75,1.0,0.8857142857142857,1.0,0.8666666666666667,0.8823529411764706,0.40654638409614563,51,12,13,16,9,49,18,16,17,35,15,15,34
518,0.45454545454545453,0.4166666666666667,0.25,0.2727272727272727,0.0,0.46875,0.5,0.25,0.6363636363636364,0.391304347826087,0.6,0.5,0.42857142857142855,1.165058970451355,33,12,8,11,6,32,10,12,11,23,10,6,14,0.8823529411764706,0.9166666666666666,0.9230769230769231,0.875,0.8888888888888888,0.8775510204081632,0.7777777777777778,0.875,1.0,0.8285714285714286,1.0,0.8,0.8235294117647058,0.39263060688972473,51,12,13,16,9,49,18,16,17,35,15,15,34
519,0.48484848484848486,0.4166666666666667,0.25,0.36363636363636365,0.16666666666666666,0.5,0.6,0.25,0.6363636363636364,0.43478260869565216,0.6,0.5,0.42857142857142855,1.1575987339019775,33,12,8,11,6,32,10,12,11,23,10,6,14,0.9215686274509803,1.0,0.8461538461538461,0.875,1.0,0.9183673469387755,0.8888888888888888,0.875,1.0,0.8857142857142857,1.0,0.9333333333333333,0.9117647058823529,0.4007662236690521,51,12,13,16,9,49,18,16,17,35,15,15,34
520,0.5151515151515151,0.4166666666666667,0.25,0.36363636363636365,0.16666666666666666,0.53125,0.6,0.3333333333333333,0.6363636363636364,0.43478260869565216,0.7,0.5,0.42857142857142855,1.1527067422866821,33,12,8,11,6,32,10,12,11,23,10,6,14,0.9411764705882353,0.9166666666666666,0.9230769230769231,0.875,0.8888888888888888,0.9387755102040817,0.8888888888888888,0.9375,1.0,0.9428571428571428,0.9333333333333333,1.0,0.9411764705882353,0.3217732608318329,51,12,13,16,9,49,18,16,17,35,15,15,34
521,0.5151515151515151,0.4166666666666667,0.25,0.36363636363636365,0.16666666666666666,0.53125,0.6,0.3333333333333333,0.6363636363636364,0.43478260869565216,0.7,0.5,0.42857142857142855,1.1558516025543213,33,12,8,11,6,32,10,12,11,23,10,6,14,0.9019607843137255,0.9166666666666666,0.9230769230769231,0.9375,1.0,0.8979591836734694,0.8333333333333334,0.875,1.0,0.8857142857142857,0.9333333333333333,0.8666666666666667,0.8529411764705882,0.37899959087371826,51,12,13,16,9,49,18,16,17,35,15,15,34
522,0.42424242424242425,0.4166666666666667,0.25,0.2727272727272727,0.0,0.4375,0.4,0.25,0.6363636363636364,0.34782608695652173,0.6,0.5,0.35714285714285715,1.1701693534851074,33,12,8,11,6,32,10,12,11,23,10,6,14,0.8627450980392157,0.6666666666666666,0.9230769230769231,0.875,0.6666666666666666,0.8571428571428571,0.8333333333333334,0.875,0.8823529411764706,0.8285714285714286,0.9333333333333333,0.8,0.8235294117647058,0.3854571580886841,51,12,13,16,9,49,18,16,17,35,15,15,34
523,0.42424242424242425,0.4166666666666667,0.25,0.2727272727272727,0.0,0.4375,0.4,0.25,0.6363636363636364,0.34782608695652173,0.6,0.5,0.35714285714285715,1.1702640056610107,33,12,8,11,6,32,10,12,11,23,10,6,14,0.8627450980392157,0.9166666666666666,0.8461538461538461,0.875,1.0,0.8571428571428571,0.7222222222222222,0.875,1.0,0.8571428571428571,0.8666666666666667,0.8666666666666667,0.8529411764705882,0.4076332747936249,51,12,13,16,9,49,18,16,17,35,15,15,34
524,0.5151515151515151,0.4166666666666667,0.25,0.36363636363636365,0.16666666666666666,0.53125,0.6,0.3333333333333333,0.6363636363636364,0.43478260869565216,0.7,0.5,0.42857142857142855,1.152597427368164,33,12,8,11,6,32,10,12,11,23,10,6,14,0.8431372549019608,0.75,0.7692307692307693,0.6875,0.7777777777777778,0.8367346938775511,0.7222222222222222,0.875,0.9411764705882353,0.8,0.9333333333333333,0.8,0.8823529411764706,0.39486756920814514,51,12,13,16,9,49,18,16,17,35,15,15,34
525,0.5151515151515151,0.4166666666666667,0.25,0.36363636363636365,0.16666666666666666,0.53125,0.6,0.3333333333333333,0.6363636363636364,0.43478260869565216,0.7,0.5,0.42857142857142855,1.1456462144851685,33,12,8,11,6,32,10,12,11,23,10,6,14,0.8235294117647058,0.75,0.9230769230769231,0.875,0.8888888888888888,0.8163265306122449,0.7777777777777778,0.9375,0.7647058823529411,0.7714285714285715,0.9333333333333333,0.8,0.8235294117647058,0.3801807463169098,51,12,13,16,9,49,18,16,17,35,15,15,34
526,0.5151515151515151,0.4166666666666667,0.25,0.36363636363636365,0.16666666666666666,0.53125,0.6,0.3333333333333333,0.6363636363636364,0.43478260869565216,0.7,0.5,0.42857142857142855,1.1479781866073608,33,12,8,11,6,32,10,12,11,23,10,6,14,0.8627450980392157,0.75,0.9230769230769231,0.75,0.8888888888888888,0.8571428571428571,0.7777777777777778,0.9375,0.8823529411764706,0.8,1.0,0.8,0.8235294117647058,0.39520397782325745,51,12,13,16,9,49,18,16,17,35,15,15,34
527,0.5151515151515151,0.4166666666666667,0.25,0.36363636363636365,0.16666666666666666,0.53125,0.6,0.3333333333333333,0.6363636363636364,0.43478260869565216,0.7,0.5,0.42857142857142855,1.1530429124832153,33,12,8,11,6,32,10,12,11,23,10,6,14,0.7843137254901961,0.6666666666666666,0.8461538461538461,0.875,0.6666666666666666,0.7755102040816326,0.8888888888888888,0.75,0.7058823529411765,0.7428571428571429,0.8666666666666667,0.7333333333333333,0.7647058823529411,0.5019785761833191,51,12,13,16,9,49,18,16,17,35,15,15,34
528,0.48484848484848486,0.4166666666666667,0.25,0.36363636363636365,0.16666666666666666,0.5,0.6,0.25,0.6363636363636364,0.43478260869565216,0.6,0.5,0.42857142857142855,1.1633533239364624,33,12,8,11,6,32,10,12,11,23,10,6,14,0.8235294117647058,0.75,0.9230769230769231,0.8125,0.7777777777777778,0.8163265306122449,0.7777777777777778,0.8125,0.8823529411764706,0.8,0.8666666666666667,0.8,0.7647058823529411,0.44339409470558167,51,12,13,16,9,49,18,16,17,35,15,15,34
529,0.48484848484848486,0.4166666666666667,0.25,0.36363636363636365,0.16666666666666666,0.5,0.6,0.25,0.6363636363636364,0.43478260869565216,0.6,0.5,0.42857142857142855,1.1755136251449585,33,12,8,11,6,32,10,12,11,23,10,6,14,0.803921568627451,0.5833333333333334,0.9230769230769231,0.875,0.4444444444444444,0.8163265306122449,0.7222222222222222,0.8125,0.8823529411764706,0.8285714285714286,0.7333333333333333,0.9333333333333333,0.7941176470588235,0.41421279311180115,51,12,13,16,9,49,18,16,17,35,15,15,34
530,0.48484848484848486,0.4166666666666667,0.25,0.36363636363636365,0.16666666666666666,0.5,0.6,0.25,0.6363636363636364,0.43478260869565216,0.6,0.5,0.42857142857142855,1.1724594831466675,33,12,8,11,6,32,10,12,11,23,10,6,14,0.803921568627451,0.8333333333333334,0.7692307692307693,0.75,0.8888888888888888,0.8163265306122449,0.7777777777777778,0.6875,0.9411764705882353,0.8285714285714286,0.8,0.8666666666666667,0.8235294117647058,0.4699639678001404,51,12,13,16,9,49,18,16,17,35,15,15,34
531,0.48484848484848486,0.4166666666666667,0.25,0.36363636363636365,0.16666666666666666,0.5,0.6,0.25,0.6363636363636364,0.43478260869565216,0.6,0.5,0.42857142857142855,1.1618801355361938,33,12,8,11,6,32,10,12,11,23,10,6,14,0.9019607843137255,0.9166666666666666,0.9230769230769231,0.875,0.8888888888888888,0.9183673469387755,0.8888888888888888,0.875,0.9411764705882353,0.9142857142857143,0.9333333333333333,0.8666666666666667,0.9117647058823529,0.4004192352294922,51,12,13,16,9,49,18,16,17,35,15,15,34
532,0.48484848484848486,0.3333333333333333,0.125,0.36363636363636365,0.16666666666666666,0.5,0.6,0.3333333333333333,0.5454545454545454,0.391304347826087,0.7,0.5,0.42857142857142855,1.1557925939559937,33,12,8,11,6,32,10,12,11,23,10,6,14,0.9019607843137255,0.9166666666666666,0.9230769230769231,0.9375,0.8888888888888888,0.8979591836734694,0.8888888888888888,0.875,0.9411764705882353,0.8571428571428571,1.0,0.8666666666666667,0.8823529411764706,0.32665953040122986,51,12,13,16,9,49,18,16,17,35,15,15,34
533,0.48484848484848486,0.3333333333333333,0.125,0.36363636363636365,0.16666666666666666,0.5,0.6,0.3333333333333333,0.5454545454545454,0.391304347826087,0.7,0.5,0.42857142857142855,1.1486754417419434,33,12,8,11,6,32,10,12,11,23,10,6,14,0.9215686274509803,0.9166666666666666,0.8461538461538461,0.8125,0.7777777777777778,0.9183673469387755,0.8888888888888888,0.9375,0.9411764705882353,0.8857142857142857,1.0,0.8,0.9117647058823529,0.34598425030708313,51,12,13,16,9,49,18,16,17,35,15,15,34
534,0.48484848484848486,0.3333333333333333,0.125,0.36363636363636365,0.16666666666666666,0.5,0.6,0.3333333333333333,0.5454545454545454,0.391304347826087,0.7,0.5,0.42857142857142855,1.1463388204574585,33,12,8,11,6,32,10,12,11,23,10,6,14,0.9019607843137255,0.8333333333333334,0.9230769230769231,0.875,0.7777777777777778,0.8979591836734694,0.8333333333333334,0.9375,0.9411764705882353,0.8857142857142857,0.9333333333333333,0.8666666666666667,0.8823529411764706,0.3342195153236389,51,12,13,16,9,49,18,16,17,35,15,15,34
535,0.48484848484848486,0.3333333333333333,0.125,0.36363636363636365,0.16666666666666666,0.5,0.6,0.3333333333333333,0.5454545454545454,0.391304347826087,0.7,0.5,0.42857142857142855,1.148777961730957,33,12,8,11,6,32,10,12,11,23,10,6,14,0.8627450980392157,0.9166666666666666,0.7692307692307693,0.8125,0.8888888888888888,0.8571428571428571,0.7777777777777778,0.9375,0.8823529411764706,0.8285714285714286,0.9333333333333333,0.8666666666666667,0.8823529411764706,0.38687893748283386,51,12,13,16,9,49,18,16,17,35,15,15,34
536,0.48484848484848486,0.3333333333333333,0.125,0.36363636363636365,0.16666666666666666,0.5,0.6,0.3333333333333333,0.5454545454545454,0.391304347826087,0.7,0.5,0.42857142857142855,1.1518479585647583,33,12,8,11,6,32,10,12,11,23,10,6,14,0.8235294117647058,0.75,0.6923076923076923,0.8125,0.8888888888888888,0.8163265306122449,0.8333333333333334,0.75,0.8823529411764706,0.8,0.8666666666666667,0.8666666666666667,0.8529411764705882,0.4454101026058197,51,12,13,16,9,49,18,16,17,35,15,15,34
537,0.48484848484848486,0.3333333333333333,0.125,0.36363636363636365,0.16666666666666666,0.5,0.6,0.3333333333333333,0.5454545454545454,0.391304347826087,0.7,0.5,0.42857142857142855,1.1604961156845093,33,12,8,11,6,32,10,12,11,23,10,6,14,0.8627450980392157,0.75,0.9230769230769231,0.8125,0.6666666666666666,0.8571428571428571,0.8333333333333334,0.875,0.8823529411764706,0.8285714285714286,0.9333333333333333,0.8,0.8529411764705882,0.394053190946579,51,12,13,16,9,49,18,16,17,35,15,15,34
538,0.45454545454545453,0.3333333333333333,0.125,0.36363636363636365,0.16666666666666666,0.46875,0.6,0.25,0.5454545454545454,0.391304347826087,0.6,0.5,0.42857142857142855,1.1678273677825928,33,12,8,11,6,32,10,12,11,23,10,6,14,0.8823529411764706,0.9166666666666666,0.8461538461538461,0.9375,0.8888888888888888,0.8775510204081632,0.8888888888888888,0.8125,0.9411764705882353,0.8285714285714286,1.0,0.8666666666666667,0.8235294117647058,0.3497028648853302,51,12,13,16,9,49,18,16,17,35,15,15,34
539,0.48484848484848486,0.4166666666666667,0.25,0.36363636363636365,0.16666666666666666,0.5,0.6,0.25,0.6363636363636364,0.43478260869565216,0.6,0.5,0.42857142857142855,1.1744508743286133,33,12,8,11,6,32,10,12,11,23,10,6,14,0.9019607843137255,0.9166666666666666,0.9230769230769231,0.875,0.7777777777777778,0.8979591836734694,0.8888888888888888,0.875,0.9411764705882353,0.8857142857142857,0.9333333333333333,0.8,0.8823529411764706,0.3439415693283081,51,12,13,16,9,49,18,16,17,35,15,15,34
540,0.48484848484848486,0.4166666666666667,0.25,0.36363636363636365,0.16666666666666666,0.5,0.6,0.25,0.6363636363636364,0.43478260869565216,0.6,0.5,0.42857142857142855,1.1789767742156982,33,12,8,11,6,32,10,12,11,23,10,6,14,0.8823529411764706,0.75,0.8461538461538461,0.9375,0.7777777777777778,0.8775510204081632,0.8333333333333334,0.875,0.9411764705882353,0.8857142857142857,0.8666666666666667,0.9333333333333333,0.9117647058823529,0.354947954416275,51,12,13,16,9,49,18,16,17,35,15,15,34
541,0.48484848484848486,0.4166666666666667,0.25,0.36363636363636365,0.16666666666666666,0.5,0.6,0.25,0.6363636363636364,0.43478260869565216,0.6,0.5,0.42857142857142855,1.1838626861572266,33,12,8,11,6,32,10,12,11,23,10,6,14,0.8823529411764706,0.8333333333333334,0.9230769230769231,0.9375,0.8888888888888888,0.8775510204081632,0.8333333333333334,0.875,0.9411764705882353,0.8857142857142857,0.8666666666666667,0.8666666666666667,0.8529411764705882,0.3611162304878235,51,12,13,16,9,49,18,16,17,35,15,15,34
542,0.48484848484848486,0.4166666666666667,0.25,0.36363636363636365,0.16666666666666666,0.5,0.6,0.25,0.6363636363636364,0.43478260869565216,0.6,0.5,0.42857142857142855,1.1920726299285889,33,12,8,11,6,32,10,12,11,23,10,6,14,0.9019607843137255,0.9166666666666666,0.9230769230769231,0.875,0.8888888888888888,0.8979591836734694,0.8888888888888888,0.8125,1.0,0.8571428571428571,1.0,0.8,0.8529411764705882,0.35772618651390076,51,12,13,16,9,49,18,16,17,35,15,15,34
543,0.48484848484848486,0.4166666666666667,0.25,0.36363636363636365,0.16666666666666666,0.5,0.6,0.25,0.6363636363636364,0.43478260869565216,0.6,0.5,0.42857142857142855,1.1898679733276367,33,12,8,11,6,32,10,12,11,23,10,6,14,0.803921568627451,0.5833333333333334,0.8461538461538461,0.6875,0.5555555555555556,0.8163265306122449,0.7777777777777778,0.8125,0.8235294117647058,0.7714285714285715,0.9333333333333333,0.8666666666666667,0.7352941176470589,0.4479600191116333,51,12,13,16,9,49,18,16,17,35,15,15,34
544,0.48484848484848486,0.4166666666666667,0.25,0.36363636363636365,0.16666666666666666,0.5,0.6,0.25,0.6363636363636364,0.43478260869565216,0.6,0.5,0.42857142857142855,1.1752015352249146,33,12,8,11,6,32,10,12,11,23,10,6,14,0.8823529411764706,0.8333333333333334,0.6923076923076923,0.6875,0.7777777777777778,0.8979591836734694,0.8888888888888888,0.8125,0.9411764705882353,0.8857142857142857,0.9333333333333333,0.9333333333333333,0.9117647058823529,0.3820137083530426,51,12,13,16,9,49,18,16,17,35,15,15,34
545,0.48484848484848486,0.3333333333333333,0.125,0.36363636363636365,0.16666666666666666,0.5,0.6,0.3333333333333333,0.5454545454545454,0.391304347826087,0.7,0.5,0.42857142857142855,1.1569331884384155,33,12,8,11,6,32,10,12,11,23,10,6,14,0.8823529411764706,0.9166666666666666,0.9230769230769231,0.875,0.8888888888888888,0.8775510204081632,0.8888888888888888,0.75,1.0,0.8571428571428571,0.9333333333333333,0.8666666666666667,0.8235294117647058,0.3855132758617401,51,12,13,16,9,49,18,16,17,35,15,15,34
546,0.45454545454545453,0.3333333333333333,0.125,0.36363636363636365,0.16666666666666666,0.46875,0.6,0.3333333333333333,0.45454545454545453,0.391304347826087,0.6,0.5,0.42857142857142855,1.1500500440597534,33,12,8,11,6,32,10,12,11,23,10,6,14,0.8431372549019608,0.8333333333333334,0.7692307692307693,0.75,0.7777777777777778,0.8367346938775511,0.7777777777777778,0.875,0.8823529411764706,0.8,0.9333333333333333,0.8666666666666667,0.8235294117647058,0.37681519985198975,51,12,13,16,9,49,18,16,17,35,15,15,34
547,0.45454545454545453,0.3333333333333333,0.125,0.36363636363636365,0.16666666666666666,0.46875,0.6,0.3333333333333333,0.45454545454545453,0.391304347826087,0.6,0.5,0.42857142857142855,1.1473920345306396,33,12,8,11,6,32,10,12,11,23,10,6,14,0.7450980392156863,0.75,0.8461538461538461,0.75,0.6666666666666666,0.7346938775510204,0.5555555555555556,0.8125,0.8823529411764706,0.6857142857142857,0.8666666666666667,0.7333333333333333,0.6764705882352942,0.48527809977531433,51,12,13,16,9,49,18,16,17,35,15,15,34
548,0.5151515151515151,0.4166666666666667,0.25,0.36363636363636365,0.16666666666666666,0.53125,0.6,0.3333333333333333,0.6363636363636364,0.43478260869565216,0.7,0.5,0.42857142857142855,1.1628611087799072,33,12,8,11,6,32,10,12,11,23,10,6,14,0.7647058823529411,0.6666666666666666,0.9230769230769231,0.875,0.5555555555555556,0.7551020408163265,0.5555555555555556,0.9375,0.8235294117647058,0.7428571428571429,0.8,0.7333333333333333,0.7352941176470589,0.4405986964702606,51,12,13,16,9,49,18,16,17,35,15,15,34
549,0.45454545454545453,0.4166666666666667,0.25,0.36363636363636365,0.16666666666666666,0.46875,0.5,0.25,0.6363636363636364,0.391304347826087,0.6,0.5,0.35714285714285715,1.1910563707351685,33,12,8,11,6,32,10,12,11,23,10,6,14,0.803921568627451,0.6666666666666666,0.9230769230769231,0.9375,0.6666666666666666,0.8163265306122449,0.8333333333333334,0.875,0.7058823529411765,0.7428571428571429,0.9333333333333333,0.7333333333333333,0.7941176470588235,0.3839621841907501,51,12,13,16,9,49,18,16,17,35,15,15,34
550,0.3939393939393939,0.4166666666666667,0.25,0.2727272727272727,0.0,0.40625,0.3,0.25,0.6363636363636364,0.34782608695652173,0.5,0.5,0.2857142857142857,1.2174519300460815,33,12,8,11,6,32,10,12,11,23,10,6,14,0.8627450980392157,0.8333333333333334,0.9230769230769231,0.9375,1.0,0.8571428571428571,0.8888888888888888,0.8125,0.8823529411764706,0.8285714285714286,0.9333333333333333,0.7333333333333333,0.8235294117647058,0.3752939999103546,51,12,13,16,9,49,18,16,17,35,15,15,34
551,0.3939393939393939,0.4166666666666667,0.25,0.2727272727272727,0.0,0.40625,0.3,0.25,0.6363636363636364,0.34782608695652173,0.5,0.5,0.2857142857142857,1.218436598777771,33,12,8,11,6,32,10,12,11,23,10,6,14,0.803921568627451,0.8333333333333334,0.8461538461538461,0.75,0.6666666666666666,0.7959183673469388,0.6666666666666666,0.75,1.0,0.7428571428571429,0.9333333333333333,0.8,0.7647058823529411,0.3852323591709137,51,12,13,16,9,49,18,16,17,35,15,15,34
552,0.45454545454545453,0.4166666666666667,0.25,0.36363636363636365,0.16666666666666666,0.46875,0.5,0.25,0.6363636363636364,0.391304347826087,0.6,0.5,0.35714285714285715,1.1951699256896973,33,12,8,11,6,32,10,12,11,23,10,6,14,0.9019607843137255,0.9166666666666666,0.9230769230769231,1.0,1.0,0.8979591836734694,0.8888888888888888,0.8125,1.0,0.9428571428571428,0.8,0.9333333333333333,0.9117647058823529,0.39599165320396423,51,12,13,16,9,49,18,16,17,35,15,15,34
553,0.48484848484848486,0.4166666666666667,0.25,0.36363636363636365,0.16666666666666666,0.5,0.6,0.3333333333333333,0.5454545454545454,0.43478260869565216,0.6,0.5,0.42857142857142855,1.1617789268493652,33,12,8,11,6,32,10,12,11,23,10,6,14,0.8823529411764706,0.8333333333333334,0.9230769230769231,0.875,0.8888888888888888,0.8979591836734694,0.8333333333333334,0.8125,1.0,0.8285714285714286,1.0,0.7333333333333333,0.8529411764705882,0.4819950461387634,51,12,13,16,9,49,18,16,17,35,15,15,34
554,0.48484848484848486,0.4166666666666667,0.125,0.45454545454545453,0.16666666666666666,0.5,0.7,0.3333333333333333,0.45454545454545453,0.43478260869565216,0.6,0.5,0.42857142857142855,1.1465888023376465,33,12,8,11,6,32,10,12,11,23,10,6,14,0.803921568627451,0.6666666666666666,0.9230769230769231,0.875,0.8888888888888888,0.7959183673469388,0.7222222222222222,0.875,0.8235294117647058,0.8285714285714286,0.7333333333333333,0.8,0.7647058823529411,0.4073571562767029,51,12,13,16,9,49,18,16,17,35,15,15,34
555,0.45454545454545453,0.3333333333333333,0.125,0.36363636363636365,0.16666666666666666,0.46875,0.6,0.3333333333333333,0.45454545454545453,0.391304347826087,0.6,0.5,0.42857142857142855,1.1573419570922852,33,12,8,11,6,32,10,12,11,23,10,6,14,0.7843137254901961,0.5833333333333334,0.9230769230769231,0.875,0.6666666666666666,0.7755102040816326,0.6111111111111112,1.0,0.7647058823529411,0.7142857142857143,0.9333333333333333,0.8,0.7352941176470589,0.41625452041625977,51,12,13,16,9,49,18,16,17,35,15,15,34
556,0.48484848484848486,0.4166666666666667,0.25,0.36363636363636365,0.16666666666666666,0.5,0.6,0.25,0.6363636363636364,0.43478260869565216,0.6,0.5,0.42857142857142855,1.177242398262024,33,12,8,11,6,32,10,12,11,23,10,6,14,0.8235294117647058,0.9166666666666666,0.7692307692307693,0.8125,0.6666666666666666,0.8163265306122449,0.7777777777777778,0.875,0.8235294117647058,0.7714285714285715,0.9333333333333333,0.8666666666666667,0.8235294117647058,0.38627684116363525,51,12,13,16,9,49,18,16,17,35,15,15,34
557,0.48484848484848486,0.4166666666666667,0.25,0.36363636363636365,0.16666666666666666,0.5,0.6,0.25,0.6363636363636364,0.43478260869565216,0.6,0.5,0.42857142857142855,1.1950629949569702,33,12,8,11,6,32,10,12,11,23,10,6,14,0.9019607843137255,0.9166666666666666,0.7692307692307693,0.8125,0.7777777777777778,0.8979591836734694,0.8333333333333334,0.9375,0.9411764705882353,0.8857142857142857,0.9333333333333333,0.8666666666666667,0.9411764705882353,0.34722861647605896,51,12,13,16,9,49,18,16,17,35,15,15,34
558,0.42424242424242425,0.4166666666666667,0.25,0.2727272727272727,0.0,0.4375,0.4,0.25,0.6363636363636364,0.34782608695652173,0.6,0.5,0.35714285714285715,1.211421251296997,33,12,8,11,6,32,10,12,11,23,10,6,14,0.8627450980392157,0.6666666666666666,0.9230769230769231,0.9375,0.7777777777777778,0.8775510204081632,0.8888888888888888,0.8125,0.8823529411764706,0.8285714285714286,0.9333333333333333,0.8,0.7941176470588235,0.3810875117778778,51,12,13,16,9,49,18,16,17,35,15,15,34
559,0.42424242424242425,0.4166666666666667,0.25,0.2727272727272727,0.0,0.4375,0.4,0.25,0.6363636363636364,0.34782608695652173,0.6,0.5,0.35714285714285715,1.2203502655029297,33,12,8,11,6,32,10,12,11,23,10,6,14,0.9019607843137255,0.8333333333333334,0.8461538461538461,0.875,0.8888888888888888,0.8979591836734694,0.8888888888888888,0.9375,0.8823529411764706,0.8857142857142857,0.9333333333333333,0.8666666666666667,0.9117647058823529,0.3377392292022705,51,12,13,16,9,49,18,16,17,35,15,15,34
560,0.42424242424242425,0.4166666666666667,0.25,0.2727272727272727,0.0,0.4375,0.4,0.25,0.6363636363636364,0.34782608695652173,0.6,0.5,0.35714285714285715,1.2141494750976562,33,12,8,11,6,32,10,12,11,23,10,6,14,0.8431372549019608,0.75,0.7692307692307693,0.8125,0.8888888888888888,0.8367346938775511,0.8333333333333334,0.75,0.9411764705882353,0.8571428571428571,0.8,0.9333333333333333,0.8529411764705882,0.48537677526474,51,12,13,16,9,49,18,16,17,35,15,15,34
561,0.48484848484848486,0.4166666666666667,0.25,0.36363636363636365,0.16666666666666666,0.5,0.6,0.25,0.6363636363636364,0.43478260869565216,0.6,0.5,0.42857142857142855,1.2029541730880737,33,12,8,11,6,32,10,12,11,23,10,6,14,0.8823529411764706,0.8333333333333334,0.8461538461538461,0.8125,0.7777777777777778,0.8979591836734694,1.0,0.8125,0.8235294117647058,0.8571428571428571,1.0,0.8,0.9117647058823529,0.3761224150657654,51,12,13,16,9,49,18,16,17,35,15,15,34
562,0.45454545454545453,0.3333333333333333,0.125,0.36363636363636365,0.16666666666666666,0.46875,0.6,0.25,0.5454545454545454,0.391304347826087,0.6,0.5,0.42857142857142855,1.185586929321289,33,12,8,11,6,32,10,12,11,23,10,6,14,0.8823529411764706,0.9166666666666666,0.8461538461538461,0.875,0.8888888888888888,0.8775510204081632,0.9444444444444444,0.8125,0.8823529411764706,0.8285714285714286,1.0,0.8,0.8529411764705882,0.368984192609787,51,12,13,16,9,49,18,16,17,35,15,15,34
563,0.45454545454545453,0.3333333333333333,0.125,0.36363636363636365,0.16666666666666666,0.46875,0.6,0.3333333333333333,0.45454545454545453,0.391304347826087,0.6,0.5,0.42857142857142855,1.163968801498413,33,12,8,11,6,32,10,12,11,23,10,6,14,0.8823529411764706,0.9166666666666666,0.8461538461538461,0.875,0.6666666666666666,0.8979591836734694,0.8333333333333334,0.8125,1.0,0.8285714285714286,1.0,0.8666666666666667,0.8529411764705882,0.3627654016017914,51,12,13,16,9,49,18,16,17,35,15,15,34
564,0.45454545454545453,0.3333333333333333,0.125,0.36363636363636365,0.16666666666666666,0.46875,0.6,0.3333333333333333,0.45454545454545453,0.391304347826087,0.6,0.5,0.42857142857142855,1.1529282331466675,33,12,8,11,6,32,10,12,11,23,10,6,14,0.9411764705882353,1.0,0.9230769230769231,0.9375,1.0,0.9387755102040817,0.8888888888888888,0.9375,1.0,0.9142857142857143,1.0,0.9333333333333333,0.9117647058823529,0.3066362142562866,51,12,13,16,9,49,18,16,17,35,15,15,34
565,0.45454545454545453,0.3333333333333333,0.125,0.36363636363636365,0.16666666666666666,0.46875,0.6,0.3333333333333333,0.45454545454545453,0.391304347826087,0.6,0.5,0.42857142857142855,1.1633803844451904,33,12,8,11,6,32,10,12,11,23,10,6,14,0.7843137254901961,0.6666666666666666,0.7692307692307693,0.8125,0.6666666666666666,0.7755102040816326,0.6111111111111112,0.875,0.8823529411764706,0.7428571428571429,0.8666666666666667,0.8,0.7352941176470589,0.4209992289543152,51,12,13,16,9,49,18,16,17,35,15,15,34
566,0.42424242424242425,0.3333333333333333,0.125,0.36363636363636365,0.16666666666666666,0.4375,0.6,0.25,0.45454545454545453,0.391304347826087,0.5,0.5,0.42857142857142855,1.174498200416565,33,12,8,11,6,32,10,12,11,23,10,6,14,0.9019607843137255,0.75,0.8461538461538461,0.875,0.6666666666666666,0.9183673469387755,0.8888888888888888,0.875,0.9411764705882353,0.8571428571428571,1.0,0.9333333333333333,0.8823529411764706,0.3971955478191376,51,12,13,16,9,49,18,16,17,35,15,15,34
567,0.48484848484848486,0.4166666666666667,0.25,0.36363636363636365,0.16666666666666666,0.5,0.6,0.25,0.6363636363636364,0.43478260869565216,0.6,0.5,0.42857142857142855,1.1959115266799927,33,12,8,11,6,32,10,12,11,23,10,6,14,0.8431372549019608,0.75,0.7692307692307693,0.75,0.6666666666666666,0.8367346938775511,0.8333333333333334,0.875,0.8235294117647058,0.8,0.9333333333333333,0.8666666666666667,0.7941176470588235,0.370803564786911,51,12,13,16,9,49,18,16,17,35,15,15,34
568,0.42424242424242425,0.4166666666666667,0.25,0.2727272727272727,0.0,0.4375,0.4,0.25,0.6363636363636364,0.34782608695652173,0.6,0.5,0.35714285714285715,1.22308349609375,33,12,8,11,6,32,10,12,11,23,10,6,14,0.9215686274509803,0.9166666666666666,1.0,1.0,0.8888888888888888,0.9183673469387755,0.8888888888888888,0.9375,0.9411764705882353,0.8857142857142857,1.0,0.8666666666666667,0.8823529411764706,0.3533379137516022,51,12,13,16,9,49,18,16,17,35,15,15,34
569,0.3939393939393939,0.4166666666666667,0.25,0.2727272727272727,0.0,0.40625,0.3,0.25,0.6363636363636364,0.34782608695652173,0.5,0.5,0.2857142857142857,1.2345640659332275,33,12,8,11,6,32,10,12,11,23,10,6,14,0.8823529411764706,0.8333333333333334,0.8461538461538461,0.75,0.8888888888888888,0.8979591836734694,0.7777777777777778,0.875,1.0,0.9142857142857143,0.8666666666666667,0.9333333333333333,0.9117647058823529,0.3856346309185028,51,12,13,16,9,49,18,16,17,35,15,15,34
570,0.3939393939393939,0.4166666666666667,0.25,0.2727272727272727,0.0,0.40625,0.3,0.25,0.6363636363636364,0.34782608695652173,0.5,0.5,0.2857142857142857,1.2415248155593872,33,12,8,11,6,32,10,12,11,23,10,6,14,0.8627450980392157,0.8333333333333334,0.7692307692307693,0.8125,0.7777777777777778,0.8571428571428571,0.9444444444444444,0.8125,0.8235294117647058,0.8,1.0,0.7333333333333333,0.8529411764705882,0.3555300831794739,51,12,13,16,9,49,18,16,17,35,15,15,34
571,0.42424242424242425,0.4166666666666667,0.25,0.2727272727272727,0.0,0.4375,0.4,0.25,0.6363636363636364,0.34782608695652173,0.6,0.5,0.35714285714285715,1.2336703538894653,33,12,8,11,6,32,10,12,11,23,10,6,14,0.9607843137254902,0.9166666666666666,1.0,1.0,1.0,0.9591836734693877,0.8888888888888888,1.0,1.0,1.0,0.8666666666666667,1.0,1.0,0.3182487487792969,51,12,13,16,9,49,18,16,17,35,15,15,34
572,0.48484848484848486,0.4166666666666667,0.25,0.36363636363636365,0.16666666666666666,0.5,0.6,0.25,0.6363636363636364,0.43478260869565216,0.6,0.5,0.42857142857142855,1.2066066265106201,33,12,8,11,6,32,10,12,11,23,10,6,14,0.9215686274509803,1.0,0.8461538461538461,0.8125,0.8888888888888888,0.9183673469387755,0.8888888888888888,0.875,1.0,0.8857142857142857,1.0,0.7333333333333333,0.9117647058823529,0.33946478366851807,51,12,13,16,9,49,18,16,17,35,15,15,34
573,0.48484848484848486,0.3333333333333333,0.125,0.36363636363636365,0.16666666666666666,0.5,0.6,0.3333333333333333,0.5454545454545454,0.391304347826087,0.7,0.5,0.42857142857142855,1.1737035512924194,33,12,8,11,6,32,10,12,11,23,10,6,14,0.8431372549019608,0.8333333333333334,0.8461538461538461,0.8125,0.8888888888888888,0.8367346938775511,0.8333333333333334,0.8125,0.8823529411764706,0.7714285714285715,1.0,0.7333333333333333,0.8529411764705882,0.42298048734664917,51,12,13,16,9,49,18,16,17,35,15,15,34
574,0.45454545454545453,0.3333333333333333,0.125,0.36363636363636365,0.16666666666666666,0.46875,0.6,0.3333333333333333,0.45454545454545453,0.391304347826087,0.6,0.5,0.42857142857142855,1.1558125019073486,33,12,8,11,6,32,10,12,11,23,10,6,14,0.8823529411764706,0.8333333333333334,0.7692307692307693,0.75,0.7777777777777778,0.8775510204081632,0.8888888888888888,0.875,0.8823529411764706,0.8571428571428571,0.9333333333333333,0.8,0.8823529411764706,0.3546035885810852,51,12,13,16,9,49,18,16,17,35,15,15,34
575,0.5151515151515151,0.5,0.125,0.45454545454545453,0.3333333333333333,0.53125,0.7,0.4166666666666667,0.45454545454545453,0.43478260869565216,0.7,0.5,0.5,1.1514110565185547,33,12,8,11,6,32,10,12,11,23,10,6,14,0.8823529411764706,0.8333333333333334,1.0,0.9375,0.8888888888888888,0.8775510204081632,0.7777777777777778,1.0,0.8823529411764706,0.8285714285714286,1.0,0.9333333333333333,0.8235294117647058,0.33795681595802307,51,12,13,16,9,49,18,16,17,35,15,15,34
576,0.45454545454545453,0.3333333333333333,0.125,0.36363636363636365,0.16666666666666666,0.46875,0.6,0.3333333333333333,0.45454545454545453,0.391304347826087,0.6,0.5,0.42857142857142855,1.1590619087219238,33,12,8,11,6,32,10,12,11,23,10,6,14,0.8235294117647058,0.75,0.8461538461538461,0.75,0.5555555555555556,0.8367346938775511,0.7777777777777778,0.9375,0.7647058823529411,0.8,0.9333333333333333,0.8666666666666667,0.7941176470588235,0.39396026730537415,51,12,13,16,9,49,18,16,17,35,15,15,34
577,0.48484848484848486,0.3333333333333333,0.125,0.36363636363636365,0.16666666666666666,0.5,0.6,0.3333333333333333,0.5454545454545454,0.391304347826087,0.7,0.5,0.42857142857142855,1.17098867893219,33,12,8,11,6,32,10,12,11,23,10,6,14,0.8235294117647058,0.9166666666666666,0.7692307692307693,0.875,0.8888888888888888,0.8367346938775511,0.8333333333333334,0.75,0.8823529411764706,0.8,0.8666666666666667,0.8,0.8235294117647058,0.36014676094055176,51,12,13,16,9,49,18,16,17,35,15,15,34
578,0.45454545454545453,0.3333333333333333,0.125,0.36363636363636365,0.16666666666666666,0.46875,0.6,0.25,0.5454545454545454,0.391304347826087,0.6,0.5,0.42857142857142855,1.199114441871643,33,12,8,11,6,32,10,12,11,23,10,6,14,0.8627450980392157,0.8333333333333334,0.9230769230769231,0.9375,0.8888888888888888,0.8571428571428571,0.7777777777777778,0.9375,0.8823529411764706,0.8571428571428571,0.8666666666666667,0.9333333333333333,0.8529411764705882,0.3500138819217682,51,12,13,16,9,49,18,16,17,35,15,15,34
579,0.42424242424242425,0.4166666666666667,0.25,0.2727272727272727,0.0,0.4375,0.4,0.25,0.6363636363636364,0.34782608695652173,0.6,0.5,0.35714285714285715,1.2334357500076294,33,12,8,11,6,32,10,12,11,23,10,6,14,0.9215686274509803,1.0,0.8461538461538461,0.875,1.0,0.9183673469387755,1.0,0.875,0.8823529411764706,0.9428571428571428,0.8666666666666667,0.9333333333333333,0.9117647058823529,0.342734694480896,51,12,13,16,9,49,18,16,17,35,15,15,34
580,0.3939393939393939,0.4166666666666667,0.25,0.2727272727272727,0.0,0.40625,0.3,0.25,0.6363636363636364,0.34782608695652173,0.5,0.5,0.2857142857142857,1.2556811571121216,33,12,8,11,6,32,10,12,11,23,10,6,14,0.9215686274509803,0.9166666666666666,0.9230769230769231,0.875,0.8888888888888888,0.9183673469387755,0.8888888888888888,0.875,1.0,0.8857142857142857,1.0,0.8666666666666667,0.8823529411764706,0.37759360671043396,51,12,13,16,9,49,18,16,17,35,15,15,34
581,0.42424242424242425,0.4166666666666667,0.25,0.2727272727272727,0.0,0.4375,0.4,0.25,0.6363636363636364,0.34782608695652173,0.6,0.5,0.35714285714285715,1.2476978302001953,33,12,8,11,6,32,10,12,11,23,10,6,14,0.8431372549019608,0.9166666666666666,0.8461538461538461,0.8125,0.7777777777777778,0.8367346938775511,0.7777777777777778,0.8125,0.9411764705882353,0.8285714285714286,0.8666666666666667,0.6666666666666666,0.8235294117647058,0.39526957273483276,51,12,13,16,9,49,18,16,17,35,15,15,34
582,0.48484848484848486,0.4166666666666667,0.25,0.36363636363636365,0.16666666666666666,0.5,0.6,0.25,0.6363636363636364,0.43478260869565216,0.6,0.5,0.42857142857142855,1.2168221473693848,33,12,8,11,6,32,10,12,11,23,10,6,14,0.8627450980392157,0.9166666666666666,0.8461538461538461,0.8125,0.7777777777777778,0.8775510204081632,0.8333333333333334,0.75,1.0,0.8571428571428571,0.9333333333333333,0.7333333333333333,0.8529411764705882,0.4341393709182739,51,12,13,16,9,49,18,16,17,35,15,15,34
583,0.48484848484848486,0.3333333333333333,0.125,0.36363636363636365,0.16666666666666666,0.5,0.6,0.3333333333333333,0.5454545454545454,0.391304347826087,0.7,0.5,0.42857142857142855,1.1840832233428955,33,12,8,11,6,32,10,12,11,23,10,6,14,0.8627450980392157,0.8333333333333334,0.7692307692307693,0.8125,0.6666666666666666,0.8571428571428571,0.7777777777777778,0.875,0.9411764705882353,0.8285714285714286,0.9333333333333333,0.8,0.9117647058823529,0.3825860917568207,51,12,13,16,9,49,18,16,17,35,15,15,34
584,0.45454545454545453,0.3333333333333333,0.125,0.36363636363636365,0.16666666666666666,0.46875,0.6,0.3333333333333333,0.45454545454545453,0.391304347826087,0.6,0.5,0.42857142857142855,1.1717416048049927,33,12,8,11,6,32,10,12,11,23,10,6,14,0.8627450980392157,0.75,0.8461538461538461,0.8125,0.7777777777777778,0.8571428571428571,0.8333333333333334,0.9375,0.8235294117647058,0.8285714285714286,0.9333333333333333,0.8,0.8529411764705882,0.4395798444747925,51,12,13,16,9,49,18,16,17,35,15,15,34
585,0.45454545454545453,0.3333333333333333,0.125,0.36363636363636365,0.16666666666666666,0.46875,0.6,0.3333333333333333,0.45454545454545453,0.391304347826087,0.6,0.5,0.42857142857142855,1.1718028783798218,33,12,8,11,6,32,10,12,11,23,10,6,14,0.9019607843137255,0.8333333333333334,0.8461538461538461,0.875,0.8888888888888888,0.8979591836734694,0.8888888888888888,0.9375,0.8823529411764706,0.8857142857142857,0.9333333333333333,0.8666666666666667,0.8823529411764706,0.3335314989089966,51,12,13,16,9,49,18,16,17,35,15,15,34
586,0.45454545454545453,0.3333333333333333,0.125,0.36363636363636365,0.16666666666666666,0.46875,0.6,0.3333333333333333,0.45454545454545453,0.391304347826087,0.6,0.5,0.42857142857142855,1.180761456489563,33,12,8,11,6,32,10,12,11,23,10,6,14,0.8235294117647058,0.6666666666666666,1.0,0.9375,0.5555555555555556,0.8163265306122449,0.6111111111111112,0.9375,0.9411764705882353,0.8,0.8666666666666667,1.0,0.7941176470588235,0.36685889959335327,51,12,13,16,9,49,18,16,17,35,15,15,34
587,0.42424242424242425,0.3333333333333333,0.125,0.36363636363636365,0.16666666666666666,0.4375,0.6,0.25,0.45454545454545453,0.391304347826087,0.5,0.5,0.42857142857142855,1.1925173997879028,33,12,8,11,6,32,10,12,11,23,10,6,14,0.8627450980392157,0.75,0.7692307692307693,0.75,0.6666666666666666,0.8775510204081632,0.8888888888888888,0.875,0.8235294117647058,0.8285714285714286,0.9333333333333333,0.8,0.8529411764705882,0.36717453598976135,51,12,13,16,9,49,18,16,17,35,15,15,34
588,0.45454545454545453,0.3333333333333333,0.125,0.36363636363636365,0.16666666666666666,0.46875,0.6,0.25,0.5454545454545454,0.391304347826087,0.6,0.5,0.42857142857142855,1.211530089378357,33,12,8,11,6,32,10,12,11,23,10,6,14,0.9019607843137255,0.9166666666666666,0.9230769230769231,0.9375,1.0,0.8979591836734694,0.8333333333333334,0.9375,0.9411764705882353,0.9142857142857143,0.8666666666666667,0.8666666666666667,0.8823529411764706,0.32012248039245605,51,12,13,16,9,49,18,16,17,35,15,15,34
589,0.48484848484848486,0.4166666666666667,0.25,0.36363636363636365,0.16666666666666666,0.5,0.6,0.25,0.6363636363636364,0.43478260869565216,0.6,0.5,0.42857142857142855,1.2376412153244019,33,12,8,11,6,32,10,12,11,23,10,6,14,0.9215686274509803,0.8333333333333334,1.0,0.9375,0.6666666666666666,0.9183673469387755,0.8888888888888888,1.0,0.8823529411764706,0.9142857142857143,0.9333333333333333,0.9333333333333333,0.9411764705882353,0.341510534286499,51,12,13,16,9,49,18,16,17,35,15,15,34
590,0.42424242424242425,0.4166666666666667,0.25,0.2727272727272727,0.0,0.4375,0.4,0.25,0.6363636363636364,0.34782608695652173,0.6,0.5,0.35714285714285715,1.2580161094665527,33,12,8,11,6,32,10,12,11,23,10,6,14,0.9215686274509803,1.0,0.9230769230769231,0.9375,0.8888888888888888,0.9183673469387755,0.8888888888888888,0.9375,0.9411764705882353,0.8857142857142857,1.0,0.8,0.8823529411764706,0.32338133454322815,51,12,13,16,9,49,18,16,17,35,15,15,34
591,0.48484848484848486,0.4166666666666667,0.25,0.36363636363636365,0.16666666666666666,0.5,0.6,0.25,0.6363636363636364,0.43478260869565216,0.6,0.5,0.42857142857142855,1.2442282438278198,33,12,8,11,6,32,10,12,11,23,10,6,14,0.7647058823529411,0.75,0.6923076923076923,0.6875,0.7777777777777778,0.7551020408163265,0.6666666666666666,0.6875,0.9411764705882353,0.7142857142857143,0.8666666666666667,0.6,0.7647058823529411,0.4686456322669983,51,12,13,16,9,49,18,16,17,35,15,15,34
592,0.45454545454545453,0.3333333333333333,0.125,0.36363636363636365,0.16666666666666666,0.46875,0.6,0.25,0.5454545454545454,0.391304347826087,0.6,0.5,0.42857142857142855,1.2139273881912231,33,12,8,11,6,32,10,12,11,23,10,6,14,0.8235294117647058,0.6666666666666666,0.8461538461538461,0.8125,0.6666666666666666,0.8367346938775511,0.7222222222222222,0.75,1.0,0.8,0.8666666666666667,0.8,0.7647058823529411,0.4193536639213562,51,12,13,16,9,49,18,16,17,35,15,15,34
593,0.42424242424242425,0.3333333333333333,0.125,0.36363636363636365,0.16666666666666666,0.4375,0.6,0.25,0.45454545454545453,0.391304347826087,0.5,0.5,0.42857142857142855,1.1936365365982056,33,12,8,11,6,32,10,12,11,23,10,6,14,0.8627450980392157,0.8333333333333334,0.8461538461538461,0.9375,1.0,0.8571428571428571,0.8888888888888888,0.8125,0.8823529411764706,0.8571428571428571,0.8666666666666667,0.9333333333333333,0.8235294117647058,0.3793635666370392,51,12,13,16,9,49,18,16,17,35,15,15,34
594,0.42424242424242425,0.3333333333333333,0.125,0.36363636363636365,0.16666666666666666,0.4375,0.6,0.25,0.45454545454545453,0.391304347826087,0.5,0.5,0.42857142857142855,1.1863293647766113,33,12,8,11,6,32,10,12,11,23,10,6,14,0.8627450980392157,0.9166666666666666,0.9230769230769231,0.875,0.8888888888888888,0.8571428571428571,0.8333333333333334,0.9375,0.8235294117647058,0.8285714285714286,0.9333333333333333,0.7333333333333333,0.8529411764705882,0.3672473728656769,51,12,13,16,9,49,18,16,17,35,15,15,34
595,0.42424242424242425,0.3333333333333333,0.125,0.36363636363636365,0.16666666666666666,0.4375,0.6,0.25,0.45454545454545453,0.391304347826087,0.5,0.5,0.42857142857142855,1.1835120916366577,33,12,8,11,6,32,10,12,11,23,10,6,14,0.9215686274509803,0.8333333333333334,1.0,1.0,0.8888888888888888,0.9387755102040817,0.8888888888888888,0.9375,0.9411764705882353,0.9142857142857143,0.9333333333333333,0.9333333333333333,0.8823529411764706,0.36600884795188904,51,12,13,16,9,49,18,16,17,35,15,15,34
596,0.42424242424242425,0.3333333333333333,0.125,0.36363636363636365,0.16666666666666666,0.4375,0.6,0.25,0.45454545454545453,0.391304347826087,0.5,0.5,0.42857142857142855,1.1957581043243408,33,12,8,11,6,32,10,12,11,23,10,6,14,0.7647058823529411,0.5833333333333334,0.7692307692307693,0.75,0.5555555555555556,0.7551020408163265,0.6666666666666666,1.0,0.6470588235294118,0.7428571428571429,0.8,0.8666666666666667,0.7352941176470589,0.4099191725254059,51,12,13,16,9,49,18,16,17,35,15,15,34
597,0.45454545454545453,0.3333333333333333,0.125,0.36363636363636365,0.16666666666666666,0.46875,0.6,0.25,0.5454545454545454,0.391304347826087,0.6,0.5,0.42857142857142855,1.2139652967453003,33,12,8,11,6,32,10,12,11,23,10,6,14,0.9019607843137255,0.9166666666666666,0.9230769230769231,0.9375,1.0,0.8979591836734694,0.8333333333333334,0.9375,0.9411764705882353,0.8857142857142857,0.9333333333333333,0.8666666666666667,0.8529411764705882,0.3387889564037323,51,12,13,16,9,49,18,16,17,35,15,15,34
598,0.45454545454545453,0.3333333333333333,0.125,0.36363636363636365,0.16666666666666666,0.46875,0.6,0.25,0.5454545454545454,0.391304347826087,0.6,0.5,0.42857142857142855,1.2370861768722534,33,12,8,11,6,32,10,12,11,23,10,6,14,0.8823529411764706,0.8333333333333334,0.9230769230769231,0.9375,0.8888888888888888,0.8775510204081632,0.9444444444444444,0.875,0.8235294117647058,0.8571428571428571,0.9333333333333333,0.9333333333333333,0.8823529411764706,0.3255034387111664,51,12,13,16,9,49,18,16,17,35,15,15,34
599,0.45454545454545453,0.3333333333333333,0.125,0.36363636363636365,0.16666666666666666,0.46875,0.6,0.25,0.5454545454545454,0.391304347826087,0.6,0.5,0.42857142857142855,1.2501466274261475,33,12,8,11,6,32,10,12,11,23,10,6,14,0.803921568627451,0.6666666666666666,0.9230769230769231,0.875,0.6666666666666666,0.8163265306122449,0.8888888888888888,0.8125,0.7058823529411765,0.7428571428571429,0.9333333333333333,0.6666666666666666,0.7647058823529411,0.4489789605140686,51,12,13,16,9,49,18,16,17,35,15,15,34
600,0.45454545454545453,0.3333333333333333,0.125,0.36363636363636365,0.16666666666666666,0.46875,0.6,0.25,0.5454545454545454,0.391304347826087,0.6,0.5,0.42857142857142855,1.2440991401672363,33,12,8,11,6,32,10,12,11,23,10,6,14,0.8235294117647058,0.8333333333333334,0.6923076923076923,0.8125,0.8888888888888888,0.8163265306122449,0.7777777777777778,0.75,0.9411764705882353,0.8,0.8666666666666667,0.8,0.7941176470588235,0.4226757884025574,51,12,13,16,9,49,18,16,17,35,15,15,34
601,0.45454545454545453,0.3333333333333333,0.125,0.36363636363636365,0.16666666666666666,0.46875,0.6,0.25,0.5454545454545454,0.391304347826087,0.6,0.5,0.42857142857142855,1.2274479866027832,33,12,8,11,6,32,10,12,11,23,10,6,14,0.803921568627451,0.8333333333333334,0.6923076923076923,0.75,0.6666666666666666,0.7959183673469388,0.7222222222222222,0.8125,0.8823529411764706,0.7714285714285715,0.8666666666666667,0.7333333333333333,0.8235294117647058,0.4178709387779236,51,12,13,16,9,49,18,16,17,35,15,15,34
602,0.45454545454545453,0.3333333333333333,0.125,0.36363636363636365,0.16666666666666666,0.46875,0.6,0.25,0.5454545454545454,0.391304347826087,0.6,0.5,0.42857142857142855,1.2157775163650513,33,12,8,11,6,32,10,12,11,23,10,6,14,0.9019607843137255,1.0,0.9230769230769231,0.9375,1.0,0.8979591836734694,0.9444444444444444,0.8125,0.9411764705882353,0.8571428571428571,1.0,0.8,0.8529411764705882,0.31978026032447815,51,12,13,16,9,49,18,16,17,35,15,15,34
603,0.45454545454545453,0.3333333333333333,0.125,0.36363636363636365,0.16666666666666666,0.46875,0.6,0.25,0.5454545454545454,0.391304347826087,0.6,0.5,0.42857142857142855,1.2015163898468018,33,12,8,11,6,32,10,12,11,23,10,6,14,0.9019607843137255,0.9166666666666666,0.9230769230769231,0.9375,1.0,0.8979591836734694,0.9444444444444444,0.8125,0.9411764705882353,0.9142857142857143,0.8666666666666667,0.8,0.8823529411764706,0.3411436676979065,51,12,13,16,9,49,18,16,17,35,15,15,34
604,0.48484848484848486,0.3333333333333333,0.125,0.36363636363636365,0.16666666666666666,0.5,0.6,0.3333333333333333,0.5454545454545454,0.391304347826087,0.7,0.5,0.42857142857142855,1.196284532546997,33,12,8,11,6,32,10,12,11,23,10,6,14,0.9019607843137255,0.9166666666666666,0.8461538461538461,0.875,0.8888888888888888,0.8979591836734694,1.0,0.8125,0.8823529411764706,0.8571428571428571,1.0,0.8,0.8823529411764706,0.3242075443267822,51,12,13,16,9,49,18,16,17,35,15,15,34
605,0.48484848484848486,0.3333333333333333,0.125,0.36363636363636365,0.16666666666666666,0.5,0.6,0.3333333333333333,0.5454545454545454,0.391304347826087,0.7,0.5,0.42857142857142855,1.1961710453033447,33,12,8,11,6,32,10,12,11,23,10,6,14,0.803921568627451,0.6666666666666666,1.0,0.9375,0.5555555555555556,0.7959183673469388,0.6666666666666666,0.9375,0.8235294117647058,0.7428571428571429,0.9333333333333333,0.8,0.7647058823529411,0.39546576142311096,51,12,13,16,9,49,18,16,17,35,15,15,34
606,0.48484848484848486,0.3333333333333333,0.125,0.36363636363636365,0.16666666666666666,0.5,0.6,0.3333333333333333,0.5454545454545454,0.391304347826087,0.7,0.5,0.42857142857142855,1.1979198455810547,33,12,8,11,6,32,10,12,11,23,10,6,14,0.7843137254901961,0.5,0.9230769230769231,0.75,0.6666666666666666,0.7755102040816326,0.6111111111111112,0.875,0.8823529411764706,0.8,0.7333333333333333,0.8,0.7941176470588235,0.443948894739151,51,12,13,16,9,49,18,16,17,35,15,15,34
607,0.48484848484848486,0.3333333333333333,0.125,0.36363636363636365,0.16666666666666666,0.5,0.6,0.3333333333333333,0.5454545454545454,0.391304347826087,0.7,0.5,0.42857142857142855,1.1981441974639893,33,12,8,11,6,32,10,12,11,23,10,6,14,0.9215686274509803,0.8333333333333334,0.9230769230769231,0.9375,0.8888888888888888,0.9183673469387755,0.8333333333333334,0.9375,1.0,0.9142857142857143,0.9333333333333333,0.8666666666666667,0.9117647058823529,0.26648685336112976,51,12,13,16,9,49,18,16,17,35,15,15,34
608,0.48484848484848486,0.3333333333333333,0.125,0.36363636363636365,0.16666666666666666,0.5,0.6,0.3333333333333333,0.5454545454545454,0.391304347826087,0.7,0.5,0.42857142857142855,1.1984713077545166,33,12,8,11,6,32,10,12,11,23,10,6,14,0.9019607843137255,0.8333333333333334,0.9230769230769231,0.875,0.7777777777777778,0.8979591836734694,0.8333333333333334,1.0,0.8823529411764706,0.9142857142857143,0.8666666666666667,0.8666666666666667,0.9411764705882353,0.30704399943351746,51,12,13,16,9,49,18,16,17,35,15,15,34
609,0.48484848484848486,0.3333333333333333,0.125,0.36363636363636365,0.16666666666666666,0.5,0.6,0.3333333333333333,0.5454545454545454,0.391304347826087,0.7,0.5,0.42857142857142855,1.1945234537124634,33,12,8,11,6,32,10,12,11,23,10,6,14,0.8823529411764706,0.6666666666666666,0.9230769230769231,0.875,0.6666666666666666,0.8979591836734694,0.7777777777777778,0.875,1.0,0.8571428571428571,0.9333333333333333,0.9333333333333333,0.8529411764705882,0.3679571747779846,51,12,13,16,9,49,18,16,17,35,15,15,34
610,0.48484848484848486,0.3333333333333333,0.125,0.36363636363636365,0.16666666666666666,0.5,0.6,0.3333333333333333,0.5454545454545454,0.391304347826087,0.7,0.5,0.42857142857142855,1.1925517320632935,33,12,8,11,6,32,10,12,11,23,10,6,14,0.8627450980392157,0.8333333333333334,1.0,0.9375,0.7777777777777778,0.8571428571428571,0.8888888888888888,0.875,0.8235294117647058,0.8285714285714286,0.9333333333333333,0.6666666666666666,0.8529411764705882,0.3377038836479187,51,12,13,16,9,49,18,16,17,35,15,15,34
611,0.48484848484848486,0.3333333333333333,0.125,0.36363636363636365,0.16666666666666666,0.5,0.6,0.3333333333333333,0.5454545454545454,0.391304347826087,0.7,0.5,0.42857142857142855,1.200529932975769,33,12,8,11,6,32,10,12,11,23,10,6,14,0.9411764705882353,1.0,1.0,1.0,1.0,0.9387755102040817,0.9444444444444444,0.9375,0.9411764705882353,0.9142857142857143,1.0,0.8666666666666667,0.9117647058823529,0.35070762038230896,51,12,13,16,9,49,18,16,17,35,15,15,34
612,0.45454545454545453,0.3333333333333333,0.125,0.36363636363636365,0.16666666666666666,0.46875,0.6,0.25,0.5454545454545454,0.391304347826087,0.6,0.5,0.42857142857142855,1.2067208290100098,33,12,8,11,6,32,10,12,11,23,10,6,14,0.8627450980392157,0.8333333333333334,0.9230769230769231,0.9375,0.8888888888888888,0.8571428571428571,0.8333333333333334,0.8125,0.9411764705882353,0.8285714285714286,0.9333333333333333,0.6666666666666666,0.7941176470588235,0.397595077753067,51,12,13,16,9,49,18,16,17,35,15,15,34
613,0.45454545454545453,0.3333333333333333,0.125,0.36363636363636365,0.16666666666666666,0.46875,0.6,0.25,0.5454545454545454,0.391304347826087,0.6,0.5,0.42857142857142855,1.2262670993804932,33,12,8,11,6,32,10,12,11,23,10,6,14,0.8431372549019608,0.75,0.9230769230769231,0.875,0.7777777777777778,0.8367346938775511,0.7222222222222222,1.0,0.8235294117647058,0.8285714285714286,0.8666666666666667,0.8,0.8529411764705882,0.3400062620639801,51,12,13,16,9,49,18,16,17,35,15,15,34
614,0.48484848484848486,0.4166666666666667,0.25,0.36363636363636365,0.16666666666666666,0.5,0.6,0.25,0.6363636363636364,0.43478260869565216,0.6,0.5,0.42857142857142855,1.2490408420562744,33,12,8,11,6,32,10,12,11,23,10,6,14,0.9019607843137255,0.9166666666666666,0.9230769230769231,0.9375,0.8888888888888888,0.8979591836734694,0.9444444444444444,0.8125,0.9411764705882353,0.8571428571428571,1.0,0.8,0.8529411764705882,0.31529146432876587,51,12,13,16,9,49,18,16,17,35,15,15,34
615,0.45454545454545453,0.4166666666666667,0.25,0.2727272727272727,0.0,0.46875,0.5,0.25,0.6363636363636364,0.391304347826087,0.6,0.5,0.42857142857142855,1.2541744709014893,33,12,8,11,6,32,10,12,11,23,10,6,14,0.8627450980392157,1.0,0.7692307692307693,0.8125,0.7777777777777778,0.8571428571428571,0.7777777777777778,0.875,0.9411764705882353,0.8285714285714286,0.9333333333333333,0.8,0.8823529411764706,0.3346984088420868,51,12,13,16,9,49,18,16,17,35,15,15,34
616,0.45454545454545453,0.4166666666666667,0.25,0.2727272727272727,0.0,0.46875,0.5,0.25,0.6363636363636364,0.391304347826087,0.6,0.5,0.42857142857142855,1.2572238445281982,33,12,8,11,6,32,10,12,11,23,10,6,14,0.9803921568627451,1.0,1.0,0.9375,1.0,1.0,1.0,0.9375,1.0,1.0,1.0,1.0,0.9705882352941176,0.28994256258010864,51,12,13,16,9,49,18,16,17,35,15,15,34
617,0.48484848484848486,0.4166666666666667,0.25,0.36363636363636365,0.16666666666666666,0.5,0.6,0.25,0.6363636363636364,0.43478260869565216,0.6,0.5,0.42857142857142855,1.2480305433273315,33,12,8,11,6,32,10,12,11,23,10,6,14,0.8627450980392157,0.9166666666666666,0.8461538461538461,0.75,1.0,0.8571428571428571,0.8333333333333334,0.8125,0.9411764705882353,0.8,1.0,0.6,0.8235294117647058,0.4065060317516327,51,12,13,16,9,49,18,16,17,35,15,15,34
618,0.48484848484848486,0.4166666666666667,0.25,0.36363636363636365,0.16666666666666666,0.5,0.6,0.25,0.6363636363636364,0.43478260869565216,0.6,0.5,0.42857142857142855,1.2265446186065674,33,12,8,11,6,32,10,12,11,23,10,6,14,0.9019607843137255,0.8333333333333334,0.9230769230769231,0.875,0.8888888888888888,0.8979591836734694,0.8888888888888888,0.875,0.9411764705882353,0.9428571428571428,0.8,0.8666666666666667,0.9117647058823529,0.30622485280036926,51,12,13,16,9,49,18,16,17,35,15,15,34
619,0.45454545454545453,0.3333333333333333,0.125,0.36363636363636365,0.16666666666666666,0.46875,0.6,0.25,0.5454545454545454,0.391304347826087,0.6,0.5,0.42857142857142855,1.2070643901824951,33,12,8,11,6,32,10,12,11,23,10,6,14,0.9411764705882353,1.0,0.9230769230769231,0.9375,1.0,0.9387755102040817,1.0,0.875,0.9411764705882353,0.9142857142857143,1.0,0.8666666666666667,0.9117647058823529,0.28920939564704895,51,12,13,16,9,49,18,16,17,35,15,15,34
620,0.45454545454545453,0.3333333333333333,0.125,0.36363636363636365,0.16666666666666666,0.46875,0.6,0.25,0.5454545454545454,0.391304347826087,0.6,0.5,0.42857142857142855,1.2019768953323364,33,12,8,11,6,32,10,12,11,23,10,6,14,0.8823529411764706,0.8333333333333334,0.8461538461538461,0.875,0.8888888888888888,0.8775510204081632,0.8333333333333334,0.9375,0.8823529411764706,0.8571428571428571,0.9333333333333333,0.8666666666666667,0.9411764705882353,0.3606884479522705,51,12,13,16,9,49,18,16,17,35,15,15,34
621,0.45454545454545453,0.3333333333333333,0.125,0.36363636363636365,0.16666666666666666,0.46875,0.6,0.3333333333333333,0.45454545454545453,0.391304347826087,0.6,0.5,0.42857142857142855,1.1991636753082275,33,12,8,11,6,32,10,12,11,23,10,6,14,0.8627450980392157,0.8333333333333334,0.9230769230769231,0.875,0.8888888888888888,0.8775510204081632,0.8333333333333334,0.875,0.8823529411764706,0.8857142857142857,0.8666666666666667,0.8,0.8529411764705882,0.3862193524837494,51,12,13,16,9,49,18,16,17,35,15,15,34
622,0.45454545454545453,0.3333333333333333,0.125,0.36363636363636365,0.16666666666666666,0.46875,0.6,0.25,0.5454545454545454,0.391304347826087,0.6,0.5,0.42857142857142855,1.211183786392212,33,12,8,11,6,32,10,12,11,23,10,6,14,0.9215686274509803,0.9166666666666666,0.9230769230769231,0.875,0.8888888888888888,0.9183673469387755,0.8333333333333334,0.9375,1.0,0.9142857142857143,0.9333333333333333,0.9333333333333333,0.9117647058823529,0.3238612115383148,51,12,13,16,9,49,18,16,17,35,15,15,34
623,0.48484848484848486,0.4166666666666667,0.25,0.36363636363636365,0.16666666666666666,0.5,0.6,0.25,0.6363636363636364,0.43478260869565216,0.6,0.5,0.42857142857142855,1.2280164957046509,33,12,8,11,6,32,10,12,11,23,10,6,14,0.8627450980392157,0.9166666666666666,0.7692307692307693,0.8125,0.8888888888888888,0.8571428571428571,0.8333333333333334,0.9375,0.8235294117647058,0.8857142857142857,0.8,0.7333333333333333,0.9411764705882353,0.3417368233203888,51,12,13,16,9,49,18,16,17,35,15,15,34
624,0.48484848484848486,0.4166666666666667,0.25,0.36363636363636365,0.16666666666666666,0.5,0.6,0.25,0.6363636363636364,0.43478260869565216,0.6,0.5,0.42857142857142855,1.2404391765594482,33,12,8,11,6,32,10,12,11,23,10,6,14,0.9215686274509803,0.9166666666666666,0.8461538461538461,0.875,0.7777777777777778,0.9183673469387755,0.8333333333333334,1.0,0.9411764705882353,0.8857142857142857,1.0,0.9333333333333333,0.9705882352941176,0.3264448940753937,51,12,13,16,9,49,18,16,17,35,15,15,34
625,0.48484848484848486,0.4166666666666667,0.25,0.36363636363636365,0.16666666666666666,0.5,0.6,0.25,0.6363636363636364,0.43478260869565216,0.6,0.5,0.42857142857142855,1.244110107421875,33,12,8,11,6,32,10,12,11,23,10,6,14,0.8823529411764706,0.8333333333333334,0.9230769230769231,0.875,0.8888888888888888,0.8775510204081632,0.8333333333333334,0.8125,1.0,0.8571428571428571,0.9333333333333333,0.8666666666666667,0.8529411764705882,0.4077402353286743,51,12,13,16,9,49,18,16,17,35,15,15,34
626,0.48484848484848486,0.4166666666666667,0.25,0.36363636363636365,0.16666666666666666,0.5,0.6,0.25,0.6363636363636364,0.43478260869565216,0.6,0.5,0.42857142857142855,1.2413221597671509,33,12,8,11,6,32,10,12,11,23,10,6,14,0.8235294117647058,0.8333333333333334,0.7692307692307693,0.875,0.8888888888888888,0.8163265306122449,0.7222222222222222,0.8125,0.9411764705882353,0.8,0.8666666666666667,0.8666666666666667,0.7941176470588235,0.3552689254283905,51,12,13,16,9,49,18,16,17,35,15,15,34
627,0.48484848484848486,0.4166666666666667,0.25,0.36363636363636365,0.16666666666666666,0.5,0.6,0.25,0.6363636363636364,0.43478260869565216,0.6,0.5,0.42857142857142855,1.2324212789535522,33,12,8,11,6,32,10,12,11,23,10,6,14,0.9019607843137255,0.9166666666666666,0.7692307692307693,0.875,0.8888888888888888,0.8979591836734694,0.9444444444444444,0.8125,0.9411764705882353,0.8857142857142857,0.9333333333333333,0.8666666666666667,0.9117647058823529,0.3290832042694092,51,12,13,16,9,49,18,16,17,35,15,15,34
628,0.45454545454545453,0.3333333333333333,0.125,0.36363636363636365,0.16666666666666666,0.46875,0.6,0.25,0.5454545454545454,0.391304347826087,0.6,0.5,0.42857142857142855,1.2258942127227783,33,12,8,11,6,32,10,12,11,23,10,6,14,0.803921568627451,0.6666666666666666,0.9230769230769231,0.875,0.7777777777777778,0.7959183673469388,0.8333333333333334,0.8125,0.7647058823529411,0.8,0.8,0.8,0.7941176470588235,0.36892321705818176,51,12,13,16,9,49,18,16,17,35,15,15,34
629,0.42424242424242425,0.3333333333333333,0.125,0.36363636363636365,0.16666666666666666,0.4375,0.6,0.25,0.45454545454545453,0.391304347826087,0.5,0.5,0.42857142857142855,1.2153297662734985,33,12,8,11,6,32,10,12,11,23,10,6,14,0.8235294117647058,0.75,0.8461538461538461,0.875,0.6666666666666666,0.8367346938775511,0.7222222222222222,0.875,0.8823529411764706,0.7714285714285715,0.9333333333333333,0.7333333333333333,0.8235294117647058,0.35303765535354614,51,12,13,16,9,49,18,16,17,35,15,15,34
630,0.42424242424242425,0.3333333333333333,0.125,0.36363636363636365,0.16666666666666666,0.4375,0.6,0.25,0.45454545454545453,0.391304347826087,0.5,0.5,0.42857142857142855,1.2093565464019775,33,12,8,11,6,32,10,12,11,23,10,6,14,0.8823529411764706,0.6666666666666666,1.0,0.875,0.6666666666666666,0.8775510204081632,0.7222222222222222,1.0,0.9411764705882353,0.8285714285714286,1.0,1.0,0.8823529411764706,0.3238856792449951,51,12,13,16,9,49,18,16,17,35,15,15,34
631,0.42424242424242425,0.3333333333333333,0.125,0.36363636363636365,0.16666666666666666,0.4375,0.6,0.25,0.45454545454545453,0.391304347826087,0.5,0.5,0.42857142857142855,1.2058889865875244,33,12,8,11,6,32,10,12,11,23,10,6,14,0.8627450980392157,0.6666666666666666,0.8461538461538461,0.875,0.6666666666666666,0.8775510204081632,0.8888888888888888,0.8125,0.8823529411764706,0.8857142857142857,0.8,0.9333333333333333,0.9117647058823529,0.3244289457798004,51,12,13,16,9,49,18,16,17,35,15,15,34
632,0.45454545454545453,0.3333333333333333,0.125,0.36363636363636365,0.16666666666666666,0.46875,0.6,0.25,0.5454545454545454,0.391304347826087,0.6,0.5,0.42857142857142855,1.219224452972412,33,12,8,11,6,32,10,12,11,23,10,6,14,0.803921568627451,0.75,0.8461538461538461,0.8125,0.5555555555555556,0.7959183673469388,0.7777777777777778,0.8125,0.8235294117647058,0.7428571428571429,0.9333333333333333,0.6666666666666666,0.7941176470588235,0.3747729957103729,51,12,13,16,9,49,18,16,17,35,15,15,34
633,0.45454545454545453,0.3333333333333333,0.125,0.36363636363636365,0.16666666666666666,0.46875,0.6,0.25,0.5454545454545454,0.391304347826087,0.6,0.5,0.42857142857142855,1.2306773662567139,33,12,8,11,6,32,10,12,11,23,10,6,14,0.8627450980392157,0.75,0.7692307692307693,0.75,0.5555555555555556,0.8571428571428571,0.8333333333333334,0.875,0.8823529411764706,0.8,1.0,0.8,0.8529411764705882,0.37822869420051575,51,12,13,16,9,49,18,16,17,35,15,15,34
634,0.45454545454545453,0.3333333333333333,0.125,0.36363636363636365,0.16666666666666666,0.46875,0.6,0.25,0.5454545454545454,0.391304347826087,0.6,0.5,0.42857142857142855,1.2362087965011597,33,12,8,11,6,32,10,12,11,23,10,6,14,0.9215686274509803,0.9166666666666666,0.9230769230769231,0.875,1.0,0.9183673469387755,0.8333333333333334,0.9375,1.0,0.9142857142857143,0.9333333333333333,0.8,0.9411764705882353,0.30520546436309814,51,12,13,16,9,49,18,16,17,35,15,15,34
635,0.45454545454545453,0.3333333333333333,0.125,0.36363636363636365,0.16666666666666666,0.46875,0.6,0.25,0.5454545454545454,0.391304347826087,0.6,0.5,0.42857142857142855,1.2289822101593018,33,12,8,11,6,32,10,12,11,23,10,6,14,0.8627450980392157,0.9166666666666666,0.9230769230769231,0.875,1.0,0.8571428571428571,0.8333333333333334,0.8125,0.9411764705882353,0.8285714285714286,0.9333333333333333,0.7333333333333333,0.8235294117647058,0.33824262022972107,51,12,13,16,9,49,18,16,17,35,15,15,34
636,0.45454545454545453,0.3333333333333333,0.125,0.36363636363636365,0.16666666666666666,0.46875,0.6,0.25,0.5454545454545454,0.391304347826087,0.6,0.5,0.42857142857142855,1.2209439277648926,33,12,8,11,6,32,10,12,11,23,10,6,14,0.8823529411764706,0.6666666666666666,0.9230769230769231,0.8125,0.4444444444444444,0.8775510204081632,0.7777777777777778,1.0,0.8823529411764706,0.8285714285714286,1.0,0.9333333333333333,0.8823529411764706,0.3553788363933563,51,12,13,16,9,49,18,16,17,35,15,15,34
637,0.45454545454545453,0.3333333333333333,0.125,0.36363636363636365,0.16666666666666666,0.46875,0.6,0.25,0.5454545454545454,0.391304347826087,0.6,0.5,0.42857142857142855,1.2093145847320557,33,12,8,11,6,32,10,12,11,23,10,6,14,0.9019607843137255,0.9166666666666666,0.9230769230769231,0.9375,1.0,0.8979591836734694,0.9444444444444444,0.875,0.8823529411764706,0.8571428571428571,1.0,0.8,0.8529411764705882,0.32524991035461426,51,12,13,16,9,49,18,16,17,35,15,15,34
638,0.48484848484848486,0.3333333333333333,0.125,0.36363636363636365,0.16666666666666666,0.5,0.6,0.3333333333333333,0.5454545454545454,0.391304347826087,0.7,0.5,0.42857142857142855,1.209066390991211,33,12,8,11,6,32,10,12,11,23,10,6,14,0.8823529411764706,0.9166666666666666,0.8461538461538461,0.875,1.0,0.8775510204081632,0.9444444444444444,0.875,0.8235294117647058,0.8857142857142857,0.8666666666666667,0.8,0.8235294117647058,0.3604084849357605,51,12,13,16,9,49,18,16,17,35,15,15,34
639,0.45454545454545453,0.3333333333333333,0.125,0.36363636363636365,0.16666666666666666,0.46875,0.6,0.25,0.5454545454545454,0.391304347826087,0.6,0.5,0.42857142857142855,1.2163405418395996,33,12,8,11,6,32,10,12,11,23,10,6,14,0.9411764705882353,0.8333333333333334,1.0,1.0,1.0,0.9387755102040817,0.9444444444444444,1.0,0.8823529411764706,0.9428571428571428,0.9333333333333333,0.9333333333333333,0.9117647058823529,0.2752651274204254,51,12,13,16,9,49,18,16,17,35,15,15,34
640,0.45454545454545453,0.3333333333333333,0.125,0.36363636363636365,0.16666666666666666,0.46875,0.6,0.25,0.5454545454545454,0.391304347826087,0.6,0.5,0.42857142857142855,1.2149831056594849,33,12,8,11,6,32,10,12,11,23,10,6,14,0.803921568627451,0.75,0.7692307692307693,0.8125,0.6666666666666666,0.8163265306122449,0.8333333333333334,0.6875,0.8823529411764706,0.8,0.8666666666666667,0.8666666666666667,0.7941176470588235,0.46647873520851135,51,12,13,16,9,49,18,16,17,35,15,15,34
641,0.48484848484848486,0.3333333333333333,0.125,0.36363636363636365,0.16666666666666666,0.5,0.6,0.3333333333333333,0.5454545454545454,0.391304347826087,0.7,0.5,0.42857142857142855,1.2112144231796265,33,12,8,11,6,32,10,12,11,23,10,6,14,0.8823529411764706,0.8333333333333334,1.0,0.9375,0.8888888888888888,0.8775510204081632,0.8333333333333334,0.9375,0.8823529411764706,0.8857142857142857,0.8666666666666667,0.8,0.8823529411764706,0.3040640950202942,51,12,13,16,9,49,18,16,17,35,15,15,34
642,0.45454545454545453,0.3333333333333333,0.125,0.36363636363636365,0.16666666666666666,0.46875,0.6,0.25,0.5454545454545454,0.391304347826087,0.6,0.5,0.42857142857142855,1.2207063436508179,33,12,8,11,6,32,10,12,11,23,10,6,14,0.9215686274509803,0.9166666666666666,0.9230769230769231,0.875,0.8888888888888888,0.9183673469387755,0.9444444444444444,1.0,0.8235294117647058,0.8857142857142857,1.0,0.8666666666666667,0.9117647058823529,0.2914489805698395,51,12,13,16,9,49,18,16,17,35,15,15,34
643,0.45454545454545453,0.3333333333333333,0.125,0.36363636363636365,0.16666666666666666,0.46875,0.6,0.25,0.5454545454545454,0.391304347826087,0.6,0.5,0.42857142857142855,1.2449827194213867,33,12,8,11,6,32,10,12,11,23,10,6,14,0.8627450980392157,0.8333333333333334,0.7692307692307693,0.8125,0.7777777777777778,0.8571428571428571,0.9444444444444444,0.9375,0.7058823529411765,0.8285714285714286,0.9333333333333333,0.8,0.8823529411764706,0.34987592697143555,51,12,13,16,9,49,18,16,17,35,15,15,34
644,0.45454545454545453,0.3333333333333333,0.125,0.36363636363636365,0.16666666666666666,0.46875,0.6,0.25,0.5454545454545454,0.391304347826087,0.6,0.5,0.42857142857142855,1.2598599195480347,33,12,8,11,6,32,10,12,11,23,10,6,14,0.8235294117647058,0.9166666666666666,0.8461538461538461,0.875,0.8888888888888888,0.8163265306122449,0.7222222222222222,0.8125,0.9411764705882353,0.7714285714285715,0.9333333333333333,0.8,0.7941176470588235,0.36847060918807983,51,12,13,16,9,49,18,16,17,35,15,15,34
645,0.45454545454545453,0.3333333333333333,0.125,0.36363636363636365,0.16666666666666666,0.46875,0.6,0.25,0.5454545454545454,0.391304347826087,0.6,0.5,0.42857142857142855,1.260727047920227,33,12,8,11,6,32,10,12,11,23,10,6,14,0.9019607843137255,0.8333333333333334,0.9230769230769231,0.9375,0.7777777777777778,0.8979591836734694,0.8888888888888888,0.875,0.9411764705882353,0.8857142857142857,0.9333333333333333,0.9333333333333333,0.9117647058823529,0.3065755367279053,51,12,13,16,9,49,18,16,17,35,15,15,34
646,0.45454545454545453,0.3333333333333333,0.125,0.36363636363636365,0.16666666666666666,0.46875,0.6,0.25,0.5454545454545454,0.391304347826087,0.6,0.5,0.42857142857142855,1.2541424036026,33,12,8,11,6,32,10,12,11,23,10,6,14,0.8823529411764706,0.8333333333333334,0.9230769230769231,0.875,0.8888888888888888,0.8775510204081632,0.7777777777777778,0.9375,0.9411764705882353,0.8857142857142857,0.8666666666666667,0.9333333333333333,0.9117647058823529,0.330780029296875,51,12,13,16,9,49,18,16,17,35,15,15,34
647,0.45454545454545453,0.3333333333333333,0.125,0.36363636363636365,0.16666666666666666,0.46875,0.6,0.25,0.5454545454545454,0.391304347826087,0.6,0.5,0.42857142857142855,1.2363346815109253,33,12,8,11,6,32,10,12,11,23,10,6,14,0.8431372549019608,0.9166666666666666,0.8461538461538461,0.875,0.8888888888888888,0.8367346938775511,0.7777777777777778,0.8125,0.9411764705882353,0.8285714285714286,0.8666666666666667,0.8666666666666667,0.8235294117647058,0.3582933843135834,51,12,13,16,9,49,18,16,17,35,15,15,34
648,0.48484848484848486,0.3333333333333333,0.125,0.36363636363636365,0.16666666666666666,0.5,0.6,0.3333333333333333,0.5454545454545454,0.391304347826087,0.7,0.5,0.42857142857142855,1.2183293104171753,33,12,8,11,6,32,10,12,11,23,10,6,14,0.8823529411764706,0.9166666666666666,0.8461538461538461,0.875,0.8888888888888888,0.8775510204081632,0.7777777777777778,0.9375,0.9411764705882353,0.8857142857142857,0.8666666666666667,0.8666666666666667,0.9117647058823529,0.3002082109451294,51,12,13,16,9,49,18,16,17,35,15,15,34
649,0.48484848484848486,0.3333333333333333,0.125,0.36363636363636365,0.16666666666666666,0.5,0.6,0.3333333333333333,0.5454545454545454,0.391304347826087,0.7,0.5,0.42857142857142855,1.2057160139083862,33,12,8,11,6,32,10,12,11,23,10,6,14,0.8823529411764706,0.9166666666666666,0.8461538461538461,0.875,0.7777777777777778,0.8775510204081632,0.7777777777777778,0.875,1.0,0.8285714285714286,1.0,0.8666666666666667,0.8235294117647058,0.3449743390083313,51,12,13,16,9,49,18,16,17,35,15,15,34
650,0.48484848484848486,0.3333333333333333,0.125,0.36363636363636365,0.16666666666666666,0.5,0.6,0.3333333333333333,0.5454545454545454,0.391304347826087,0.7,0.5,0.42857142857142855,1.1984580755233765,33,12,8,11,6,32,10,12,11,23,10,6,14,0.8235294117647058,0.75,0.8461538461538461,0.75,0.5555555555555556,0.8367346938775511,0.7777777777777778,0.8125,0.8823529411764706,0.8,0.8666666666666667,0.7333333333333333,0.8235294117647058,0.41509515047073364,51,12,13,16,9,49,18,16,17,35,15,15,34
651,0.48484848484848486,0.3333333333333333,0.125,0.36363636363636365,0.16666666666666666,0.5,0.6,0.3333333333333333,0.5454545454545454,0.391304347826087,0.7,0.5,0.42857142857142855,1.2087448835372925,33,12,8,11,6,32,10,12,11,23,10,6,14,0.8627450980392157,0.75,0.8461538461538461,0.8125,0.7777777777777778,0.8571428571428571,0.8888888888888888,0.875,0.8235294117647058,0.8571428571428571,0.8666666666666667,0.7333333333333333,0.8529411764705882,0.3955484926700592,51,12,13,16,9,49,18,16,17,35,15,15,34
652,0.45454545454545453,0.3333333333333333,0.125,0.36363636363636365,0.16666666666666666,0.46875,0.6,0.25,0.5454545454545454,0.391304347826087,0.6,0.5,0.42857142857142855,1.2220665216445923,33,12,8,11,6,32,10,12,11,23,10,6,14,0.9019607843137255,0.8333333333333334,0.8461538461538461,0.8125,0.6666666666666666,0.8979591836734694,0.8333333333333334,0.9375,0.9411764705882353,0.8571428571428571,1.0,0.9333333333333333,0.8823529411764706,0.32454603910446167,51,12,13,16,9,49,18,16,17,35,15,15,34
653,0.45454545454545453,0.3333333333333333,0.125,0.36363636363636365,0.16666666666666666,0.46875,0.6,0.25,0.5454545454545454,0.391304347826087,0.6,0.5,0.42857142857142855,1.2419542074203491,33,12,8,11,6,32,10,12,11,23,10,6,14,0.8235294117647058,0.8333333333333334,0.9230769230769231,0.875,0.7777777777777778,0.8163265306122449,0.7222222222222222,0.875,0.8823529411764706,0.8,0.8666666666666667,0.8,0.7647058823529411,0.38321220874786377,51,12,13,16,9,49,18,16,17,35,15,15,34
654,0.45454545454545453,0.3333333333333333,0.125,0.36363636363636365,0.16666666666666666,0.46875,0.6,0.25,0.5454545454545454,0.391304347826087,0.6,0.5,0.42857142857142855,1.251181721687317,33,12,8,11,6,32,10,12,11,23,10,6,14,0.7843137254901961,0.6666666666666666,0.7692307692307693,0.6875,0.7777777777777778,0.7755102040816326,0.7222222222222222,0.75,0.8823529411764706,0.8,0.7333333333333333,0.7333333333333333,0.7941176470588235,0.4240184426307678,51,12,13,16,9,49,18,16,17,35,15,15,34
655,0.45454545454545453,0.3333333333333333,0.125,0.36363636363636365,0.16666666666666666,0.46875,0.6,0.25,0.5454545454545454,0.391304347826087,0.6,0.5,0.42857142857142855,1.2550163269042969,33,12,8,11,6,32,10,12,11,23,10,6,14,0.9411764705882353,0.9166666666666666,0.9230769230769231,0.9375,1.0,0.9387755102040817,0.9444444444444444,0.875,1.0,0.9428571428571428,0.9333333333333333,0.9333333333333333,0.9411764705882353,0.30682823061943054,51,12,13,16,9,49,18,16,17,35,15,15,34
656,0.45454545454545453,0.3333333333333333,0.125,0.36363636363636365,0.16666666666666666,0.46875,0.6,0.25,0.5454545454545454,0.391304347826087,0.6,0.5,0.42857142857142855,1.2390670776367188,33,12,8,11,6,32,10,12,11,23,10,6,14,0.8627450980392157,0.9166666666666666,0.9230769230769231,0.9375,1.0,0.8571428571428571,0.8333333333333334,0.75,1.0,0.8571428571428571,0.8666666666666667,0.8666666666666667,0.7941176470588235,0.37095409631729126,51,12,13,16,9,49,18,16,17,35,15,15,34
657,0.45454545454545453,0.3333333333333333,0.125,0.36363636363636365,0.16666666666666666,0.46875,0.6,0.25,0.5454545454545454,0.391304347826087,0.6,0.5,0.42857142857142855,1.222493052482605,33,12,8,11,6,32,10,12,11,23,10,6,14,0.9019607843137255,0.8333333333333334,0.8461538461538461,0.875,0.8888888888888888,0.8979591836734694,0.8333333333333334,0.9375,0.9411764705882353,0.8857142857142857,0.9333333333333333,0.8666666666666667,0.9117647058823529,0.30869734287261963,51,12,13,16,9,49,18,16,17,35,15,15,34
658,0.48484848484848486,0.3333333333333333,0.125,0.36363636363636365,0.16666666666666666,0.5,0.6,0.3333333333333333,0.5454545454545454,0.391304347826087,0.7,0.5,0.42857142857142855,1.215926170349121,33,12,8,11,6,32,10,12,11,23,10,6,14,0.8823529411764706,0.9166666666666666,1.0,1.0,1.0,0.8775510204081632,0.8888888888888888,0.9375,0.8235294117647058,0.8857142857142857,0.8666666666666667,0.8666666666666667,0.8823529411764706,0.32921889424324036,51,12,13,16,9,49,18,16,17,35,15,15,34
659,0.45454545454545453,0.3333333333333333,0.125,0.36363636363636365,0.16666666666666666,0.46875,0.6,0.25,0.5454545454545454,0.391304347826087,0.6,0.5,0.42857142857142855,1.223192572593689,33,12,8,11,6,32,10,12,11,23,10,6,14,0.8627450980392157,0.8333333333333334,0.8461538461538461,0.8125,0.7777777777777778,0.8571428571428571,0.9444444444444444,0.9375,0.7058823529411765,0.8285714285714286,0.9333333333333333,0.7333333333333333,0.8529411764705882,0.34039539098739624,51,12,13,16,9,49,18,16,17,35,15,15,34
660,0.45454545454545453,0.3333333333333333,0.125,0.36363636363636365,0.16666666666666666,0.46875,0.6,0.25,0.5454545454545454,0.391304347826087,0.6,0.5,0.42857142857142855,1.236814260482788,33,12,8,11,6,32,10,12,11,23,10,6,14,0.9019607843137255,0.9166666666666666,0.9230769230769231,0.9375,0.7777777777777778,0.8979591836734694,0.8888888888888888,0.9375,0.8823529411764706,0.8571428571428571,1.0,0.8,0.8529411764705882,0.32130196690559387,51,12,13,16,9,49,18,16,17,35,15,15,34
661,0.45454545454545453,0.3333333333333333,0.125,0.36363636363636365,0.16666666666666666,0.46875,0.6,0.25,0.5454545454545454,0.391304347826087,0.6,0.5,0.42857142857142855,1.2593202590942383,33,12,8,11,6,32,10,12,11,23,10,6,14,0.8235294117647058,0.9166666666666666,0.8461538461538461,0.8125,0.6666666666666666,0.8163265306122449,0.6666666666666666,0.9375,0.8823529411764706,0.7714285714285715,0.9333333333333333,0.8,0.7941176470588235,0.3508366644382477,51,12,13,16,9,49,18,16,17,35,15,15,34
662,0.48484848484848486,0.4166666666666667,0.25,0.36363636363636365,0.16666666666666666,0.5,0.6,0.25,0.6363636363636364,0.43478260869565216,0.6,0.5,0.42857142857142855,1.2727487087249756,33,12,8,11,6,32,10,12,11,23,10,6,14,0.9019607843137255,0.9166666666666666,0.7692307692307693,0.875,0.8888888888888888,0.8979591836734694,0.8888888888888888,0.875,0.9411764705882353,0.8571428571428571,1.0,0.8666666666666667,0.9117647058823529,0.3028842508792877,51,12,13,16,9,49,18,16,17,35,15,15,34
663,0.48484848484848486,0.4166666666666667,0.25,0.36363636363636365,0.16666666666666666,0.5,0.6,0.25,0.6363636363636364,0.43478260869565216,0.6,0.5,0.42857142857142855,1.2711272239685059,33,12,8,11,6,32,10,12,11,23,10,6,14,0.8823529411764706,0.9166666666666666,0.8461538461538461,0.875,1.0,0.8775510204081632,0.9444444444444444,0.75,0.9411764705882353,0.8571428571428571,0.9333333333333333,0.8,0.8823529411764706,0.3768831491470337,51,12,13,16,9,49,18,16,17,35,15,15,34
664,0.48484848484848486,0.4166666666666667,0.25,0.36363636363636365,0.16666666666666666,0.5,0.6,0.25,0.6363636363636364,0.43478260869565216,0.6,0.5,0.42857142857142855,1.2656441926956177,33,12,8,11,6,32,10,12,11,23,10,6,14,0.8823529411764706,0.75,0.7692307692307693,0.75,0.7777777777777778,0.8775510204081632,0.7777777777777778,0.875,1.0,0.8857142857142857,0.8666666666666667,0.9333333333333333,0.8823529411764706,0.35050514340400696,51,12,13,16,9,49,18,16,17,35,15,15,34
665,0.45454545454545453,0.3333333333333333,0.125,0.36363636363636365,0.16666666666666666,0.46875,0.6,0.25,0.5454545454545454,0.391304347826087,0.6,0.5,0.42857142857142855,1.2542532682418823,33,12,8,11,6,32,10,12,11,23,10,6,14,0.8627450980392157,0.9166666666666666,0.7692307692307693,0.875,0.8888888888888888,0.8571428571428571,0.8888888888888888,0.8125,0.8823529411764706,0.8,1.0,0.8666666666666667,0.8529411764705882,0.30575403571128845,51,12,13,16,9,49,18,16,17,35,15,15,34
666,0.45454545454545453,0.3333333333333333,0.125,0.36363636363636365,0.16666666666666666,0.46875,0.6,0.25,0.5454545454545454,0.391304347826087,0.6,0.5,0.42857142857142855,1.2469611167907715,33,12,8,11,6,32,10,12,11,23,10,6,14,0.9019607843137255,1.0,0.8461538461538461,0.875,1.0,0.8979591836734694,0.8888888888888888,0.875,0.9411764705882353,0.8571428571428571,1.0,0.8666666666666667,0.8529411764705882,0.2838703691959381,51,12,13,16,9,49,18,16,17,35,15,15,34
667,0.45454545454545453,0.3333333333333333,0.125,0.36363636363636365,0.16666666666666666,0.46875,0.6,0.25,0.5454545454545454,0.391304347826087,0.6,0.5,0.42857142857142855,1.2539732456207275,33,12,8,11,6,32,10,12,11,23,10,6,14,0.8235294117647058,0.6666666666666666,0.9230769230769231,0.875,0.7777777777777778,0.8367346938775511,0.7777777777777778,0.875,0.8235294117647058,0.7714285714285715,0.9333333333333333,0.8,0.7647058823529411,0.4656572639942169,51,12,13,16,9,49,18,16,17,35,15,15,34
668,0.45454545454545453,0.3333333333333333,0.125,0.36363636363636365,0.16666666666666666,0.46875,0.6,0.25,0.5454545454545454,0.391304347826087,0.6,0.5,0.42857142857142855,1.2604615688323975,33,12,8,11,6,32,10,12,11,23,10,6,14,0.9215686274509803,1.0,0.9230769230769231,0.9375,1.0,0.9183673469387755,0.9444444444444444,0.8125,1.0,0.9142857142857143,0.9333333333333333,0.8666666666666667,0.8823529411764706,0.29360923171043396,51,12,13,16,9,49,18,16,17,35,15,15,34
669,0.48484848484848486,0.4166666666666667,0.25,0.36363636363636365,0.16666666666666666,0.5,0.6,0.25,0.6363636363636364,0.43478260869565216,0.6,0.5,0.42857142857142855,1.269785761833191,33,12,8,11,6,32,10,12,11,23,10,6,14,0.9215686274509803,0.9166666666666666,0.8461538461538461,0.875,0.8888888888888888,0.9183673469387755,1.0,0.875,0.8823529411764706,0.8857142857142857,1.0,0.8,0.9117647058823529,0.301665723323822,51,12,13,16,9,49,18,16,17,35,15,15,34
670,0.48484848484848486,0.4166666666666667,0.25,0.36363636363636365,0.16666666666666666,0.5,0.6,0.25,0.6363636363636364,0.43478260869565216,0.6,0.5,0.42857142857142855,1.2700824737548828,33,12,8,11,6,32,10,12,11,23,10,6,14,0.9019607843137255,0.9166666666666666,0.9230769230769231,0.9375,1.0,0.8979591836734694,0.7222222222222222,1.0,1.0,0.9142857142857143,0.8666666666666667,1.0,0.9411764705882353,0.2901611626148224,51,12,13,16,9,49,18,16,17,35,15,15,34
671,0.48484848484848486,0.4166666666666667,0.25,0.36363636363636365,0.16666666666666666,0.5,0.6,0.25,0.6363636363636364,0.43478260869565216,0.6,0.5,0.42857142857142855,1.26102614402771,33,12,8,11,6,32,10,12,11,23,10,6,14,0.8431372549019608,0.6666666666666666,0.9230769230769231,0.8125,0.6666666666666666,0.8367346938775511,0.8333333333333334,0.8125,0.8823529411764706,0.8,0.9333333333333333,0.8666666666666667,0.8529411764705882,0.3694815933704376,51,12,13,16,9,49,18,16,17,35,15,15,34
672,0.48484848484848486,0.4166666666666667,0.25,0.36363636363636365,0.16666666666666666,0.5,0.6,0.25,0.6363636363636364,0.43478260869565216,0.6,0.5,0.42857142857142855,1.2521227598190308,33,12,8,11,6,32,10,12,11,23,10,6,14,0.8823529411764706,0.9166666666666666,0.8461538461538461,0.9375,1.0,0.8775510204081632,0.8888888888888888,0.8125,0.9411764705882353,0.8857142857142857,0.8666666666666667,0.8,0.8529411764705882,0.3373245894908905,51,12,13,16,9,49,18,16,17,35,15,15,34
673,0.45454545454545453,0.3333333333333333,0.125,0.36363636363636365,0.16666666666666666,0.46875,0.6,0.25,0.5454545454545454,0.391304347826087,0.6,0.5,0.42857142857142855,1.2453711032867432,33,12,8,11,6,32,10,12,11,23,10,6,14,0.9019607843137255,0.8333333333333334,0.8461538461538461,0.8125,0.8888888888888888,0.8979591836734694,0.8333333333333334,0.875,1.0,0.8571428571428571,1.0,0.9333333333333333,0.9117647058823529,0.30080342292785645,51,12,13,16,9,49,18,16,17,35,15,15,34
674,0.48484848484848486,0.4166666666666667,0.25,0.36363636363636365,0.16666666666666666,0.5,0.6,0.25,0.6363636363636364,0.43478260869565216,0.6,0.5,0.42857142857142855,1.249834418296814,33,12,8,11,6,32,10,12,11,23,10,6,14,0.8627450980392157,0.75,0.8461538461538461,0.8125,0.7777777777777778,0.8571428571428571,0.8888888888888888,0.8125,0.8823529411764706,0.8571428571428571,0.8666666666666667,0.8,0.8235294117647058,0.3629506528377533,51,12,13,16,9,49,18,16,17,35,15,15,34
675,0.48484848484848486,0.4166666666666667,0.25,0.36363636363636365,0.16666666666666666,0.5,0.6,0.25,0.6363636363636364,0.43478260869565216,0.6,0.5,0.42857142857142855,1.258608341217041,33,12,8,11,6,32,10,12,11,23,10,6,14,0.9411764705882353,0.9166666666666666,0.9230769230769231,0.875,0.8888888888888888,0.9387755102040817,0.9444444444444444,0.875,1.0,0.9142857142857143,1.0,0.8666666666666667,0.9117647058823529,0.3036095201969147,51,12,13,16,9,49,18,16,17,35,15,15,34
676,0.48484848484848486,0.4166666666666667,0.25,0.36363636363636365,0.16666666666666666,0.5,0.6,0.25,0.6363636363636364,0.43478260869565216,0.6,0.5,0.42857142857142855,1.258338212966919,33,12,8,11,6,32,10,12,11,23,10,6,14,0.8431372549019608,0.75,0.8461538461538461,0.6875,0.8888888888888888,0.8367346938775511,0.7222222222222222,0.875,0.9411764705882353,0.8,0.9333333333333333,0.8,0.8235294117647058,0.3243328630924225,51,12,13,16,9,49,18,16,17,35,15,15,34
677,0.45454545454545453,0.4166666666666667,0.25,0.36363636363636365,0.16666666666666666,0.46875,0.5,0.25,0.6363636363636364,0.391304347826087,0.6,0.5,0.35714285714285715,1.2744218111038208,33,12,8,11,6,32,10,12,11,23,10,6,14,0.9215686274509803,0.9166666666666666,0.9230769230769231,0.9375,0.8888888888888888,0.9183673469387755,0.9444444444444444,0.9375,0.8823529411764706,0.8857142857142857,1.0,0.8666666666666667,0.9117647058823529,0.29740938544273376,51,12,13,16,9,49,18,16,17,35,15,15,34
678,0.42424242424242425,0.4166666666666667,0.25,0.36363636363636365,0.16666666666666666,0.4375,0.4,0.25,0.6363636363636364,0.391304347826087,0.5,0.5,0.2857142857142857,1.2879657745361328,33,12,8,11,6,32,10,12,11,23,10,6,14,0.8823529411764706,0.8333333333333334,0.9230769230769231,0.875,0.7777777777777778,0.8775510204081632,0.8333333333333334,0.8125,1.0,0.8857142857142857,0.8666666666666667,0.9333333333333333,0.8529411764705882,0.29841378331184387,51,12,13,16,9,49,18,16,17,35,15,15,34
679,0.42424242424242425,0.4166666666666667,0.25,0.36363636363636365,0.16666666666666666,0.4375,0.4,0.25,0.6363636363636364,0.391304347826087,0.5,0.5,0.2857142857142857,1.2971807718276978,33,12,8,11,6,32,10,12,11,23,10,6,14,0.9411764705882353,1.0,0.9230769230769231,0.9375,1.0,0.9387755102040817,0.8888888888888888,0.9375,1.0,0.9428571428571428,0.9333333333333333,0.8666666666666667,0.9411764705882353,0.27336564660072327,51,12,13,16,9,49,18,16,17,35,15,15,34
680,0.42424242424242425,0.4166666666666667,0.25,0.36363636363636365,0.16666666666666666,0.4375,0.4,0.25,0.6363636363636364,0.391304347826087,0.5,0.5,0.2857142857142857,1.2978278398513794,33,12,8,11,6,32,10,12,11,23,10,6,14,0.9411764705882353,0.9166666666666666,0.8461538461538461,0.875,0.8888888888888888,0.9387755102040817,0.9444444444444444,0.9375,0.9411764705882353,0.9142857142857143,1.0,0.9333333333333333,0.9411764705882353,0.27556049823760986,51,12,13,16,9,49,18,16,17,35,15,15,34
681,0.42424242424242425,0.4166666666666667,0.25,0.36363636363636365,0.16666666666666666,0.4375,0.4,0.25,0.6363636363636364,0.391304347826087,0.5,0.5,0.2857142857142857,1.290723443031311,33,12,8,11,6,32,10,12,11,23,10,6,14,0.8431372549019608,0.75,0.9230769230769231,0.8125,0.8888888888888888,0.8367346938775511,0.7222222222222222,0.875,0.9411764705882353,0.8,0.9333333333333333,0.8,0.8235294117647058,0.3758458197116852,51,12,13,16,9,49,18,16,17,35,15,15,34
682,0.48484848484848486,0.4166666666666667,0.25,0.36363636363636365,0.16666666666666666,0.5,0.6,0.25,0.6363636363636364,0.43478260869565216,0.6,0.5,0.42857142857142855,1.2779165506362915,33,12,8,11,6,32,10,12,11,23,10,6,14,0.9019607843137255,0.8333333333333334,0.8461538461538461,0.875,1.0,0.8979591836734694,0.7777777777777778,1.0,0.9411764705882353,0.9142857142857143,0.8666666666666667,1.0,0.9117647058823529,0.3654266893863678,51,12,13,16,9,49,18,16,17,35,15,15,34
683,0.48484848484848486,0.4166666666666667,0.25,0.36363636363636365,0.16666666666666666,0.5,0.6,0.25,0.6363636363636364,0.43478260869565216,0.6,0.5,0.42857142857142855,1.2611706256866455,33,12,8,11,6,32,10,12,11,23,10,6,14,0.9215686274509803,0.8333333333333334,0.9230769230769231,1.0,0.8888888888888888,0.9183673469387755,0.8888888888888888,0.9375,0.9411764705882353,0.9428571428571428,0.8666666666666667,0.9333333333333333,0.9705882352941176,0.2829318940639496,51,12,13,16,9,49,18,16,17,35,15,15,34
684,0.48484848484848486,0.4166666666666667,0.25,0.36363636363636365,0.16666666666666666,0.5,0.6,0.25,0.6363636363636364,0.43478260869565216,0.6,0.5,0.42857142857142855,1.2461873292922974,33,12,8,11,6,32,10,12,11,23,10,6,14,0.9411764705882353,0.8333333333333334,0.9230769230769231,1.0,0.6666666666666666,0.9387755102040817,0.9444444444444444,1.0,0.8823529411764706,0.9142857142857143,1.0,1.0,0.9705882352941176,0.25512588024139404,51,12,13,16,9,49,18,16,17,35,15,15,34
685,0.45454545454545453,0.3333333333333333,0.125,0.36363636363636365,0.16666666666666666,0.46875,0.6,0.25,0.5454545454545454,0.391304347826087,0.6,0.5,0.42857142857142855,1.2345316410064697,33,12,8,11,6,32,10,12,11,23,10,6,14,0.9019607843137255,1.0,0.6923076923076923,0.8125,1.0,0.8979591836734694,0.8888888888888888,0.875,0.9411764705882353,0.8571428571428571,1.0,0.9333333333333333,0.8823529411764706,0.28884807229042053,51,12,13,16,9,49,18,16,17,35,15,15,34
686,0.45454545454545453,0.3333333333333333,0.125,0.36363636363636365,0.16666666666666666,0.46875,0.6,0.25,0.5454545454545454,0.391304347826087,0.6,0.5,0.42857142857142855,1.2317848205566406,33,12,8,11,6,32,10,12,11,23,10,6,14,0.9019607843137255,0.8333333333333334,0.8461538461538461,0.875,0.6666666666666666,0.8979591836734694,0.8333333333333334,0.9375,0.9411764705882353,0.8571428571428571,1.0,0.8666666666666667,0.9117647058823529,0.3180164396762848,51,12,13,16,9,49,18,16,17,35,15,15,34
687,0.45454545454545453,0.3333333333333333,0.125,0.36363636363636365,0.16666666666666666,0.46875,0.6,0.25,0.5454545454545454,0.391304347826087,0.6,0.5,0.42857142857142855,1.239912509918213,33,12,8,11,6,32,10,12,11,23,10,6,14,0.9019607843137255,1.0,1.0,1.0,1.0,0.8979591836734694,0.8888888888888888,0.875,0.9411764705882353,0.8857142857142857,0.9333333333333333,0.8666666666666667,0.8823529411764706,0.30350223183631897,51,12,13,16,9,49,18,16,17,35,15,15,34
688,0.45454545454545453,0.3333333333333333,0.125,0.36363636363636365,0.16666666666666666,0.46875,0.6,0.25,0.5454545454545454,0.391304347826087,0.6,0.5,0.42857142857142855,1.2479552030563354,33,12,8,11,6,32,10,12,11,23,10,6,14,0.9019607843137255,0.9166666666666666,0.9230769230769231,0.9375,1.0,0.8979591836734694,0.9444444444444444,0.9375,0.8235294117647058,0.8857142857142857,0.9333333333333333,0.8,0.8823529411764706,0.3565163016319275,51,12,13,16,9,49,18,16,17,35,15,15,34
689,0.45454545454545453,0.3333333333333333,0.125,0.36363636363636365,0.16666666666666666,0.46875,0.6,0.25,0.5454545454545454,0.391304347826087,0.6,0.5,0.42857142857142855,1.2576531171798706,33,12,8,11,6,32,10,12,11,23,10,6,14,0.8627450980392157,0.9166666666666666,0.9230769230769231,0.9375,0.8888888888888888,0.8571428571428571,0.8333333333333334,0.9375,0.8235294117647058,0.8857142857142857,0.8,0.8,0.8823529411764706,0.37359365820884705,51,12,13,16,9,49,18,16,17,35,15,15,34
690,0.48484848484848486,0.4166666666666667,0.25,0.36363636363636365,0.16666666666666666,0.5,0.6,0.25,0.6363636363636364,0.43478260869565216,0.6,0.5,0.42857142857142855,1.273565411567688,33,12,8,11,6,32,10,12,11,23,10,6,14,0.9607843137254902,1.0,1.0,1.0,1.0,0.9591836734693877,0.9444444444444444,0.9375,1.0,0.9428571428571428,1.0,1.0,0.9411764705882353,0.23514321446418762,51,12,13,16,9,49,18,16,17,35,15,15,34
691,0.48484848484848486,0.4166666666666667,0.25,0.36363636363636365,0.16666666666666666,0.5,0.6,0.25,0.6363636363636364,0.43478260869565216,0.6,0.5,0.42857142857142855,1.275265097618103,33,12,8,11,6,32,10,12,11,23,10,6,14,0.9215686274509803,1.0,0.9230769230769231,0.9375,1.0,0.9183673469387755,0.8888888888888888,0.9375,0.9411764705882353,0.9428571428571428,0.8666666666666667,0.8666666666666667,0.9705882352941176,0.27345913648605347,51,12,13,16,9,49,18,16,17,35,15,15,34
692,0.48484848484848486,0.4166666666666667,0.25,0.36363636363636365,0.16666666666666666,0.5,0.6,0.25,0.6363636363636364,0.43478260869565216,0.6,0.5,0.42857142857142855,1.2778363227844238,33,12,8,11,6,32,10,12,11,23,10,6,14,0.9019607843137255,0.8333333333333334,1.0,0.875,0.8888888888888888,0.8979591836734694,0.8888888888888888,0.9375,0.8823529411764706,0.8857142857142857,0.9333333333333333,0.8666666666666667,0.9117647058823529,0.3415542542934418,51,12,13,16,9,49,18,16,17,35,15,15,34
693,0.45454545454545453,0.3333333333333333,0.125,0.36363636363636365,0.16666666666666666,0.46875,0.6,0.25,0.5454545454545454,0.391304347826087,0.6,0.5,0.42857142857142855,1.2803535461425781,33,12,8,11,6,32,10,12,11,23,10,6,14,0.8823529411764706,0.9166666666666666,0.8461538461538461,0.875,1.0,0.8775510204081632,0.8888888888888888,0.8125,0.9411764705882353,0.8285714285714286,1.0,0.8666666666666667,0.8529411764705882,0.36788952350616455,51,12,13,16,9,49,18,16,17,35,15,15,34
694,0.45454545454545453,0.3333333333333333,0.125,0.36363636363636365,0.16666666666666666,0.46875,0.6,0.25,0.5454545454545454,0.391304347826087,0.6,0.5,0.42857142857142855,1.2757518291473389,33,12,8,11,6,32,10,12,11,23,10,6,14,0.9019607843137255,1.0,0.8461538461538461,0.875,1.0,0.8979591836734694,0.9444444444444444,0.875,0.8823529411764706,0.9142857142857143,0.8666666666666667,0.7333333333333333,0.9117647058823529,0.30006837844848633,51,12,13,16,9,49,18,16,17,35,15,15,34
695,0.45454545454545453,0.3333333333333333,0.125,0.36363636363636365,0.16666666666666666,0.46875,0.6,0.25,0.5454545454545454,0.391304347826087,0.6,0.5,0.42857142857142855,1.2689862251281738,33,12,8,11,6,32,10,12,11,23,10,6,14,0.8235294117647058,1.0,0.8461538461538461,0.8125,0.8888888888888888,0.8163265306122449,0.7222222222222222,0.875,0.8823529411764706,0.7714285714285715,0.9333333333333333,0.6666666666666666,0.7941176470588235,0.3332802951335907,51,12,13,16,9,49,18,16,17,35,15,15,34
696,0.45454545454545453,0.3333333333333333,0.125,0.36363636363636365,0.16666666666666666,0.46875,0.6,0.25,0.5454545454545454,0.391304347826087,0.6,0.5,0.42857142857142855,1.2577811479568481,33,12,8,11,6,32,10,12,11,23,10,6,14,0.9607843137254902,1.0,0.8461538461538461,0.875,1.0,0.9591836734693877,0.9444444444444444,0.9375,1.0,0.9428571428571428,1.0,0.9333333333333333,0.9705882352941176,0.23256932199001312,51,12,13,16,9,49,18,16,17,35,15,15,34
697,0.45454545454545453,0.3333333333333333,0.125,0.36363636363636365,0.16666666666666666,0.46875,0.6,0.25,0.5454545454545454,0.391304347826087,0.6,0.5,0.42857142857142855,1.2421845197677612,33,12,8,11,6,32,10,12,11,23,10,6,14,0.8627450980392157,0.9166666666666666,0.8461538461538461,0.875,1.0,0.8571428571428571,0.8333333333333334,0.8125,0.9411764705882353,0.8571428571428571,0.8666666666666667,0.8666666666666667,0.8529411764705882,0.34005850553512573,51,12,13,16,9,49,18,16,17,35,15,15,34
698,0.45454545454545453,0.3333333333333333,0.125,0.36363636363636365,0.16666666666666666,0.46875,0.6,0.25,0.5454545454545454,0.391304347826087,0.6,0.5,0.42857142857142855,1.2393369674682617,33,12,8,11,6,32,10,12,11,23,10,6,14,0.8823529411764706,1.0,0.8461538461538461,0.875,1.0,0.8775510204081632,0.8333333333333334,0.9375,0.8823529411764706,0.8571428571428571,0.9333333333333333,0.8,0.8529411764705882,0.2927745580673218,51,12,13,16,9,49,18,16,17,35,15,15,34
699,0.45454545454545453,0.3333333333333333,0.125,0.36363636363636365,0.16666666666666666,0.46875,0.6,0.25,0.5454545454545454,0.391304347826087,0.6,0.5,0.42857142857142855,1.2421237230300903,33,12,8,11,6,32,10,12,11,23,10,6,14,0.9019607843137255,0.8333333333333334,1.0,1.0,0.7777777777777778,0.9183673469387755,0.9444444444444444,0.875,0.8823529411764706,0.9142857142857143,0.8666666666666667,0.9333333333333333,0.8823529411764706,0.3279480040073395,51,12,13,16,9,49,18,16,17,35,15,15,34
700,0.45454545454545453,0.3333333333333333,0.125,0.36363636363636365,0.16666666666666666,0.46875,0.6,0.25,0.5454545454545454,0.391304347826087,0.6,0.5,0.42857142857142855,1.2456138134002686,33,12,8,11,6,32,10,12,11,23,10,6,14,0.8823529411764706,0.8333333333333334,0.7692307692307693,0.8125,0.7777777777777778,0.8775510204081632,0.8888888888888888,0.875,0.8823529411764706,0.8285714285714286,1.0,0.9333333333333333,0.8529411764705882,0.34124740958213806,51,12,13,16,9,49,18,16,17,35,15,15,34
701,0.45454545454545453,0.3333333333333333,0.125,0.36363636363636365,0.16666666666666666,0.46875,0.6,0.25,0.5454545454545454,0.391304347826087,0.6,0.5,0.42857142857142855,1.244049310684204,33,12,8,11,6,32,10,12,11,23,10,6,14,0.8235294117647058,0.75,0.9230769230769231,0.875,0.7777777777777778,0.8163265306122449,0.7777777777777778,0.75,0.9411764705882353,0.8285714285714286,0.8,0.6666666666666666,0.7941176470588235,0.5323684811592102,51,12,13,16,9,49,18,16,17,35,15,15,34
702,0.45454545454545453,0.3333333333333333,0.125,0.36363636363636365,0.16666666666666666,0.46875,0.6,0.25,0.5454545454545454,0.391304347826087,0.6,0.5,0.42857142857142855,1.2456557750701904,33,12,8,11,6,32,10,12,11,23,10,6,14,0.8235294117647058,0.8333333333333334,0.8461538461538461,0.8125,0.7777777777777778,0.8163265306122449,0.8333333333333334,0.8125,0.8235294117647058,0.7714285714285715,0.9333333333333333,0.8,0.7647058823529411,0.41113072633743286,51,12,13,16,9,49,18,16,17,35,15,15,34
703,0.45454545454545453,0.3333333333333333,0.125,0.36363636363636365,0.16666666666666666,0.46875,0.6,0.25,0.5454545454545454,0.391304347826087,0.6,0.5,0.42857142857142855,1.260931372642517,33,12,8,11,6,32,10,12,11,23,10,6,14,0.9411764705882353,0.9166666666666666,0.8461538461538461,0.875,0.8888888888888888,0.9387755102040817,0.9444444444444444,0.9375,0.9411764705882353,0.9142857142857143,1.0,0.9333333333333333,0.9411764705882353,0.2740665376186371,51,12,13,16,9,49,18,16,17,35,15,15,34
704,0.45454545454545453,0.3333333333333333,0.125,0.36363636363636365,0.16666666666666666,0.46875,0.6,0.25,0.5454545454545454,0.391304347826087,0.6,0.5,0.42857142857142855,1.271915078163147,33,12,8,11,6,32,10,12,11,23,10,6,14,0.8823529411764706,0.6666666666666666,1.0,0.875,0.7777777777777778,0.8979591836734694,0.7777777777777778,0.9375,0.9411764705882353,0.8571428571428571,0.9333333333333333,0.9333333333333333,0.8823529411764706,0.3409325182437897,51,12,13,16,9,49,18,16,17,35,15,15,34
705,0.45454545454545453,0.3333333333333333,0.125,0.36363636363636365,0.16666666666666666,0.46875,0.6,0.25,0.5454545454545454,0.391304347826087,0.6,0.5,0.42857142857142855,1.281182885169983,33,12,8,11,6,32,10,12,11,23,10,6,14,0.8823529411764706,1.0,0.9230769230769231,0.9375,1.0,0.8775510204081632,0.8888888888888888,0.8125,0.9411764705882353,0.8857142857142857,0.8666666666666667,0.8666666666666667,0.8529411764705882,0.29467537999153137,51,12,13,16,9,49,18,16,17,35,15,15,34
706,0.45454545454545453,0.3333333333333333,0.125,0.36363636363636365,0.16666666666666666,0.46875,0.6,0.25,0.5454545454545454,0.391304347826087,0.6,0.5,0.42857142857142855,1.2765101194381714,33,12,8,11,6,32,10,12,11,23,10,6,14,0.9215686274509803,0.9166666666666666,0.9230769230769231,0.9375,1.0,0.9183673469387755,1.0,0.8125,0.9411764705882353,0.9142857142857143,0.9333333333333333,0.8666666666666667,0.8823529411764706,0.28003987669944763,51,12,13,16,9,49,18,16,17,35,15,15,34
707,0.45454545454545453,0.3333333333333333,0.125,0.36363636363636365,0.16666666666666666,0.46875,0.6,0.25,0.5454545454545454,0.391304347826087,0.6,0.5,0.42857142857142855,1.269735336303711,33,12,8,11,6,32,10,12,11,23,10,6,14,0.8823529411764706,0.8333333333333334,0.9230769230769231,0.9375,0.7777777777777778,0.8775510204081632,0.8888888888888888,0.9375,0.8235294117647058,0.8285714285714286,1.0,0.8666666666666667,0.8823529411764706,0.31027013063430786,51,12,13,16,9,49,18,16,17,35,15,15,34
708,0.45454545454545453,0.3333333333333333,0.125,0.36363636363636365,0.16666666666666666,0.46875,0.6,0.25,0.5454545454545454,0.391304347826087,0.6,0.5,0.42857142857142855,1.2542263269424438,33,12,8,11,6,32,10,12,11,23,10,6,14,0.9019607843137255,0.9166666666666666,0.8461538461538461,0.875,0.8888888888888888,0.8979591836734694,0.9444444444444444,0.875,0.8823529411764706,0.8571428571428571,1.0,0.8666666666666667,0.9117647058823529,0.3770392835140228,51,12,13,16,9,49,18,16,17,35,15,15,34
709,0.45454545454545453,0.3333333333333333,0.125,0.36363636363636365,0.16666666666666666,0.46875,0.6,0.25,0.5454545454545454,0.391304347826087,0.6,0.5,0.42857142857142855,1.2428174018859863,33,12,8,11,6,32,10,12,11,23,10,6,14,0.8823529411764706,0.8333333333333334,0.9230769230769231,0.875,0.7777777777777778,0.8775510204081632,0.8888888888888888,0.8125,0.9411764705882353,0.8285714285714286,1.0,0.8666666666666667,0.8529411764705882,0.3828752934932709,51,12,13,16,9,49,18,16,17,35,15,15,34
710,0.48484848484848486,0.3333333333333333,0.125,0.36363636363636365,0.16666666666666666,0.5,0.6,0.3333333333333333,0.5454545454545454,0.391304347826087,0.7,0.5,0.42857142857142855,1.2333217859268188,33,12,8,11,6,32,10,12,11,23,10,6,14,0.8235294117647058,0.8333333333333334,0.8461538461538461,0.875,0.8888888888888888,0.8163265306122449,0.7222222222222222,0.875,0.8823529411764706,0.8285714285714286,0.8,0.8666666666666667,0.8235294117647058,0.47161728143692017,51,12,13,16,9,49,18,16,17,35,15,15,34
711,0.48484848484848486,0.3333333333333333,0.125,0.36363636363636365,0.16666666666666666,0.5,0.6,0.3333333333333333,0.5454545454545454,0.391304347826087,0.7,0.5,0.42857142857142855,1.231296181678772,33,12,8,11,6,32,10,12,11,23,10,6,14,0.9019607843137255,0.9166666666666666,0.9230769230769231,0.875,0.8888888888888888,0.8979591836734694,0.8888888888888888,0.875,0.9411764705882353,0.8571428571428571,1.0,0.8,0.8529411764705882,0.296652615070343,51,12,13,16,9,49,18,16,17,35,15,15,34
712,0.48484848484848486,0.3333333333333333,0.125,0.36363636363636365,0.16666666666666666,0.5,0.6,0.3333333333333333,0.5454545454545454,0.391304347826087,0.7,0.5,0.42857142857142855,1.2337018251419067,33,12,8,11,6,32,10,12,11,23,10,6,14,0.8431372549019608,0.6666666666666666,0.8461538461538461,0.8125,0.5555555555555556,0.8367346938775511,0.7222222222222222,0.9375,0.8823529411764706,0.7714285714285715,1.0,1.0,0.7941176470588235,0.3552722632884979,51,12,13,16,9,49,18,16,17,35,15,15,34
713,0.48484848484848486,0.3333333333333333,0.125,0.36363636363636365,0.16666666666666666,0.5,0.6,0.3333333333333333,0.5454545454545454,0.391304347826087,0.7,0.5,0.42857142857142855,1.2406394481658936,33,12,8,11,6,32,10,12,11,23,10,6,14,0.8823529411764706,0.9166666666666666,0.9230769230769231,0.875,0.8888888888888888,0.8775510204081632,0.8333333333333334,0.8125,1.0,0.8571428571428571,0.9333333333333333,0.8666666666666667,0.8529411764705882,0.3148713707923889,51,12,13,16,9,49,18,16,17,35,15,15,34
714,0.45454545454545453,0.3333333333333333,0.125,0.36363636363636365,0.16666666666666666,0.46875,0.6,0.25,0.5454545454545454,0.391304347826087,0.6,0.5,0.42857142857142855,1.249479055404663,33,12,8,11,6,32,10,12,11,23,10,6,14,0.8823529411764706,0.8333333333333334,0.8461538461538461,0.875,0.6666666666666666,0.8979591836734694,0.9444444444444444,0.875,0.8235294117647058,0.8571428571428571,0.9333333333333333,0.8,0.8823529411764706,0.33282339572906494,51,12,13,16,9,49,18,16,17,35,15,15,34
715,0.45454545454545453,0.3333333333333333,0.125,0.36363636363636365,0.16666666666666666,0.46875,0.6,0.25,0.5454545454545454,0.391304347826087,0.6,0.5,0.42857142857142855,1.2670778036117554,33,12,8,11,6,32,10,12,11,23,10,6,14,0.803921568627451,0.75,0.8461538461538461,0.875,0.8888888888888888,0.7959183673469388,0.7777777777777778,0.8125,0.8235294117647058,0.8571428571428571,0.6666666666666666,0.7333333333333333,0.8235294117647058,0.3660155236721039,51,12,13,16,9,49,18,16,17,35,15,15,34
716,0.45454545454545453,0.3333333333333333,0.125,0.36363636363636365,0.16666666666666666,0.46875,0.6,0.25,0.5454545454545454,0.391304347826087,0.6,0.5,0.42857142857142855,1.2595951557159424,33,12,8,11,6,32,10,12,11,23,10,6,14,0.7843137254901961,0.6666666666666666,0.9230769230769231,0.8125,0.8888888888888888,0.7755102040816326,0.7222222222222222,0.8125,0.8235294117647058,0.7428571428571429,0.8666666666666667,0.6,0.7058823529411765,0.475644052028656,51,12,13,16,9,49,18,16,17,35,15,15,34
717,0.45454545454545453,0.3333333333333333,0.125,0.36363636363636365,0.16666666666666666,0.46875,0.6,0.25,0.5454545454545454,0.391304347826087,0.6,0.5,0.42857142857142855,1.2512561082839966,33,12,8,11,6,32,10,12,11,23,10,6,14,0.8627450980392157,0.8333333333333334,0.7692307692307693,0.75,0.7777777777777778,0.8571428571428571,0.8333333333333334,0.8125,0.9411764705882353,0.8285714285714286,0.9333333333333333,0.9333333333333333,0.8529411764705882,0.3292279839515686,51,12,13,16,9,49,18,16,17,35,15,15,34
718,0.48484848484848486,0.3333333333333333,0.125,0.36363636363636365,0.16666666666666666,0.5,0.6,0.3333333333333333,0.5454545454545454,0.391304347826087,0.7,0.5,0.42857142857142855,1.23911452293396,33,12,8,11,6,32,10,12,11,23,10,6,14,0.9607843137254902,0.9166666666666666,0.9230769230769231,0.875,0.8888888888888888,0.9591836734693877,0.9444444444444444,0.9375,1.0,0.9428571428571428,1.0,0.9333333333333333,0.9411764705882353,0.259169340133667,51,12,13,16,9,49,18,16,17,35,15,15,34
719,0.48484848484848486,0.3333333333333333,0.125,0.36363636363636365,0.16666666666666666,0.5,0.6,0.3333333333333333,0.5454545454545454,0.391304347826087,0.7,0.5,0.42857142857142855,1.241358995437622,33,12,8,11,6,32,10,12,11,23,10,6,14,0.8627450980392157,0.9166666666666666,0.7692307692307693,0.8125,0.8888888888888888,0.8571428571428571,0.8888888888888888,0.8125,0.8823529411764706,0.8,1.0,0.8,0.7941176470588235,0.33762988448143005,51,12,13,16,9,49,18,16,17,35,15,15,34
720,0.45454545454545453,0.3333333333333333,0.125,0.36363636363636365,0.16666666666666666,0.46875,0.6,0.25,0.5454545454545454,0.391304347826087,0.6,0.5,0.42857142857142855,1.2488775253295898,33,12,8,11,6,32,10,12,11,23,10,6,14,0.8627450980392157,0.75,0.7692307692307693,0.875,0.7777777777777778,0.8571428571428571,0.7777777777777778,0.8125,1.0,0.8571428571428571,0.8666666666666667,0.9333333333333333,0.8529411764705882,0.3685559928417206,51,12,13,16,9,49,18,16,17,35,15,15,34
721,0.45454545454545453,0.3333333333333333,0.125,0.36363636363636365,0.16666666666666666,0.46875,0.6,0.25,0.5454545454545454,0.391304347826087,0.6,0.5,0.42857142857142855,1.2599174976348877,33,12,8,11,6,32,10,12,11,23,10,6,14,0.8823529411764706,0.75,0.8461538461538461,0.875,0.6666666666666666,0.8775510204081632,0.8333333333333334,0.875,0.9411764705882353,0.8571428571428571,0.9333333333333333,0.8666666666666667,0.8529411764705882,0.3353863060474396,51,12,13,16,9,49,18,16,17,35,15,15,34
722,0.45454545454545453,0.3333333333333333,0.125,0.36363636363636365,0.16666666666666666,0.46875,0.6,0.25,0.5454545454545454,0.391304347826087,0.6,0.5,0.42857142857142855,1.2496660947799683,33,12,8,11,6,32,10,12,11,23,10,6,14,0.8431372549019608,0.8333333333333334,0.9230769230769231,0.875,0.8888888888888888,0.8367346938775511,0.7777777777777778,0.8125,0.9411764705882353,0.8285714285714286,0.8666666666666667,0.8,0.8235294117647058,0.4044761657714844,51,12,13,16,9,49,18,16,17,35,15,15,34
723,0.48484848484848486,0.3333333333333333,0.125,0.36363636363636365,0.16666666666666666,0.5,0.6,0.3333333333333333,0.5454545454545454,0.391304347826087,0.7,0.5,0.42857142857142855,1.2401809692382812,33,12,8,11,6,32,10,12,11,23,10,6,14,0.9019607843137255,0.9166666666666666,0.9230769230769231,0.9375,0.8888888888888888,0.8979591836734694,0.8888888888888888,0.8125,1.0,0.8857142857142857,0.9333333333333333,0.9333333333333333,0.8529411764705882,0.36807534098625183,51,12,13,16,9,49,18,16,17,35,15,15,34
724,0.48484848484848486,0.3333333333333333,0.125,0.36363636363636365,0.16666666666666666,0.5,0.6,0.3333333333333333,0.5454545454545454,0.391304347826087,0.7,0.5,0.42857142857142855,1.2406712770462036,33,12,8,11,6,32,10,12,11,23,10,6,14,0.9019607843137255,0.8333333333333334,1.0,1.0,0.8888888888888888,0.8979591836734694,0.8333333333333334,1.0,0.8823529411764706,0.8857142857142857,0.9333333333333333,0.8,0.9117647058823529,0.3355148136615753,51,12,13,16,9,49,18,16,17,35,15,15,34
725,0.45454545454545453,0.3333333333333333,0.125,0.36363636363636365,0.16666666666666666,0.46875,0.6,0.25,0.5454545454545454,0.391304347826087,0.6,0.5,0.42857142857142855,1.2631248235702515,33,12,8,11,6,32,10,12,11,23,10,6,14,0.8431372549019608,0.75,1.0,0.9375,0.6666666666666666,0.8367346938775511,0.8333333333333334,0.9375,0.7647058823529411,0.8285714285714286,0.8666666666666667,0.8666666666666667,0.8529411764705882,0.3349241018295288,51,12,13,16,9,49,18,16,17,35,15,15,34
726,0.45454545454545453,0.3333333333333333,0.125,0.36363636363636365,0.16666666666666666,0.46875,0.6,0.25,0.5454545454545454,0.391304347826087,0.6,0.5,0.42857142857142855,1.2937631607055664,33,12,8,11,6,32,10,12,11,23,10,6,14,0.8431372549019608,0.8333333333333334,0.9230769230769231,0.9375,0.8888888888888888,0.8367346938775511,0.7777777777777778,0.9375,0.8235294117647058,0.8857142857142857,0.7333333333333333,0.8,0.9117647058823529,0.3250323235988617,51,12,13,16,9,49,18,16,17,35,15,15,34
727,0.45454545454545453,0.3333333333333333,0.125,0.36363636363636365,0.16666666666666666,0.46875,0.6,0.25,0.5454545454545454,0.391304347826087,0.6,0.5,0.42857142857142855,1.3033932447433472,33,12,8,11,6,32,10,12,11,23,10,6,14,0.9019607843137255,1.0,0.8461538461538461,0.75,0.8888888888888888,0.9183673469387755,0.7777777777777778,0.9375,1.0,0.8857142857142857,1.0,0.8666666666666667,0.9117647058823529,0.29945844411849976,51,12,13,16,9,49,18,16,17,35,15,15,34
728,0.45454545454545453,0.3333333333333333,0.125,0.36363636363636365,0.16666666666666666,0.46875,0.6,0.25,0.5454545454545454,0.391304347826087,0.6,0.5,0.42857142857142855,1.287825584411621,33,12,8,11,6,32,10,12,11,23,10,6,14,0.9215686274509803,0.9166666666666666,0.9230769230769231,0.875,1.0,0.9183673469387755,0.8888888888888888,0.875,1.0,0.8857142857142857,1.0,0.8666666666666667,0.9117647058823529,0.2761971652507782,51,12,13,16,9,49,18,16,17,35,15,15,34
729,0.45454545454545453,0.3333333333333333,0.125,0.36363636363636365,0.16666666666666666,0.46875,0.6,0.25,0.5454545454545454,0.391304347826087,0.6,0.5,0.42857142857142855,1.27805495262146,33,12,8,11,6,32,10,12,11,23,10,6,14,0.9019607843137255,1.0,0.8461538461538461,0.875,0.8888888888888888,0.8979591836734694,0.8333333333333334,0.9375,0.9411764705882353,0.8857142857142857,0.9333333333333333,0.8666666666666667,0.9117647058823529,0.29382386803627014,51,12,13,16,9,49,18,16,17,35,15,15,34
730,0.45454545454545453,0.3333333333333333,0.125,0.36363636363636365,0.16666666666666666,0.46875,0.6,0.25,0.5454545454545454,0.391304347826087,0.6,0.5,0.42857142857142855,1.2757072448730469,33,12,8,11,6,32,10,12,11,23,10,6,14,0.8431372549019608,0.6666666666666666,0.7692307692307693,0.8125,0.6666666666666666,0.8571428571428571,0.9444444444444444,0.8125,0.7647058823529411,0.8,0.9333333333333333,0.8,0.8529411764705882,0.4338935315608978,51,12,13,16,9,49,18,16,17,35,15,15,34
731,0.45454545454545453,0.3333333333333333,0.125,0.36363636363636365,0.16666666666666666,0.46875,0.6,0.25,0.5454545454545454,0.391304347826087,0.6,0.5,0.42857142857142855,1.2784210443496704,33,12,8,11,6,32,10,12,11,23,10,6,14,0.8235294117647058,0.5833333333333334,0.8461538461538461,0.75,0.6666666666666666,0.8163265306122449,0.7777777777777778,0.875,0.8235294117647058,0.7714285714285715,0.9333333333333333,0.8666666666666667,0.7647058823529411,0.3679720163345337,51,12,13,16,9,49,18,16,17,35,15,15,34
732,0.45454545454545453,0.3333333333333333,0.125,0.36363636363636365,0.16666666666666666,0.46875,0.6,0.25,0.5454545454545454,0.391304347826087,0.6,0.5,0.42857142857142855,1.2870970964431763,33,12,8,11,6,32,10,12,11,23,10,6,14,0.9607843137254902,0.9166666666666666,0.9230769230769231,0.9375,0.8888888888888888,0.9591836734693877,1.0,0.9375,0.9411764705882353,0.9714285714285714,0.9333333333333333,1.0,0.9705882352941176,0.2583642899990082,51,12,13,16,9,49,18,16,17,35,15,15,34
733,0.45454545454545453,0.3333333333333333,0.125,0.36363636363636365,0.16666666666666666,0.46875,0.6,0.25,0.5454545454545454,0.391304347826087,0.6,0.5,0.42857142857142855,1.2864893674850464,33,12,8,11,6,32,10,12,11,23,10,6,14,0.9411764705882353,0.9166666666666666,0.9230769230769231,0.9375,1.0,0.9387755102040817,1.0,0.875,0.9411764705882353,0.9142857142857143,1.0,0.8666666666666667,0.9117647058823529,0.2382989078760147,51,12,13,16,9,49,18,16,17,35,15,15,34
734,0.45454545454545453,0.3333333333333333,0.125,0.36363636363636365,0.16666666666666666,0.46875,0.6,0.25,0.5454545454545454,0.391304347826087,0.6,0.5,0.42857142857142855,1.28486168384552,33,12,8,11,6,32,10,12,11,23,10,6,14,0.9411764705882353,0.8333333333333334,0.8461538461538461,0.8125,0.8888888888888888,0.9387755102040817,0.9444444444444444,0.9375,0.9411764705882353,0.9142857142857143,1.0,0.9333333333333333,0.9705882352941176,0.2708772122859955,51,12,13,16,9,49,18,16,17,35,15,15,34
735,0.45454545454545453,0.3333333333333333,0.125,0.36363636363636365,0.16666666666666666,0.46875,0.6,0.25,0.5454545454545454,0.391304347826087,0.6,0.5,0.42857142857142855,1.285114049911499,33,12,8,11,6,32,10,12,11,23,10,6,14,0.9019607843137255,0.9166666666666666,0.8461538461538461,0.875,0.8888888888888888,0.8979591836734694,0.8888888888888888,0.9375,0.8823529411764706,0.8571428571428571,1.0,0.8666666666666667,0.9117647058823529,0.270236998796463,51,12,13,16,9,49,18,16,17,35,15,15,34
736,0.45454545454545453,0.3333333333333333,0.125,0.36363636363636365,0.16666666666666666,0.46875,0.6,0.25,0.5454545454545454,0.391304347826087,0.6,0.5,0.42857142857142855,1.2908966541290283,33,12,8,11,6,32,10,12,11,23,10,6,14,0.9019607843137255,0.8333333333333334,0.9230769230769231,0.875,0.8888888888888888,0.9183673469387755,0.9444444444444444,0.875,0.8823529411764706,0.9142857142857143,0.9333333333333333,0.8666666666666667,0.9117647058823529,0.25588932633399963,51,12,13,16,9,49,18,16,17,35,15,15,34
737,0.45454545454545453,0.3333333333333333,0.125,0.36363636363636365,0.16666666666666666,0.46875,0.6,0.25,0.5454545454545454,0.391304347826087,0.6,0.5,0.42857142857142855,1.2839646339416504,33,12,8,11,6,32,10,12,11,23,10,6,14,0.8823529411764706,0.8333333333333334,0.7692307692307693,0.75,0.8888888888888888,0.8775510204081632,0.7777777777777778,0.875,1.0,0.8285714285714286,1.0,0.8,0.8823529411764706,0.39133569598197937,51,12,13,16,9,49,18,16,17,35,15,15,34
738,0.45454545454545453,0.3333333333333333,0.125,0.36363636363636365,0.16666666666666666,0.46875,0.6,0.25,0.5454545454545454,0.391304347826087,0.6,0.5,0.42857142857142855,1.2820717096328735,33,12,8,11,6,32,10,12,11,23,10,6,14,0.8431372549019608,0.8333333333333334,0.8461538461538461,0.875,0.6666666666666666,0.8367346938775511,0.7222222222222222,0.8125,1.0,0.8285714285714286,0.8666666666666667,0.8666666666666667,0.8235294117647058,0.3522177040576935,51,12,13,16,9,49,18,16,17,35,15,15,34
739,0.45454545454545453,0.3333333333333333,0.125,0.36363636363636365,0.16666666666666666,0.46875,0.6,0.25,0.5454545454545454,0.391304347826087,0.6,0.5,0.42857142857142855,1.277072548866272,33,12,8,11,6,32,10,12,11,23,10,6,14,0.7843137254901961,0.8333333333333334,0.7692307692307693,0.75,0.7777777777777778,0.7755102040816326,0.7222222222222222,0.75,0.8823529411764706,0.7142857142857143,0.9333333333333333,0.6,0.7647058823529411,0.35545769333839417,51,12,13,16,9,49,18,16,17,35,15,15,34
740,0.45454545454545453,0.3333333333333333,0.125,0.36363636363636365,0.16666666666666666,0.46875,0.6,0.25,0.5454545454545454,0.391304347826087,0.6,0.5,0.42857142857142855,1.282615065574646,33,12,8,11,6,32,10,12,11,23,10,6,14,0.9411764705882353,0.9166666666666666,1.0,0.9375,1.0,0.9387755102040817,0.8333333333333334,1.0,1.0,0.9714285714285714,0.8666666666666667,0.9333333333333333,0.9705882352941176,0.2813785672187805,51,12,13,16,9,49,18,16,17,35,15,15,34
741,0.45454545454545453,0.3333333333333333,0.125,0.36363636363636365,0.16666666666666666,0.46875,0.6,0.25,0.5454545454545454,0.391304347826087,0.6,0.5,0.42857142857142855,1.2895690202713013,33,12,8,11,6,32,10,12,11,23,10,6,14,0.9215686274509803,0.9166666666666666,1.0,1.0,0.8888888888888888,0.9183673469387755,0.8888888888888888,0.9375,0.9411764705882353,0.9142857142857143,0.9333333333333333,0.9333333333333333,0.9117647058823529,0.3725028932094574,51,12,13,16,9,49,18,16,17,35,15,15,34
742,0.45454545454545453,0.3333333333333333,0.125,0.36363636363636365,0.16666666666666666,0.46875,0.6,0.25,0.5454545454545454,0.391304347826087,0.6,0.5,0.42857142857142855,1.2944668531417847,33,12,8,11,6,32,10,12,11,23,10,6,14,0.8431372549019608,0.8333333333333334,0.9230769230769231,0.8125,0.7777777777777778,0.8367346938775511,0.7777777777777778,0.875,0.8823529411764706,0.8,0.9333333333333333,0.6666666666666666,0.7941176470588235,0.34859681129455566,51,12,13,16,9,49,18,16,17,35,15,15,34
743,0.45454545454545453,0.3333333333333333,0.125,0.36363636363636365,0.16666666666666666,0.46875,0.6,0.25,0.5454545454545454,0.391304347826087,0.6,0.5,0.42857142857142855,1.2912710905075073,33,12,8,11,6,32,10,12,11,23,10,6,14,0.9019607843137255,0.9166666666666666,0.9230769230769231,0.8125,0.8888888888888888,0.8979591836734694,0.8888888888888888,0.875,0.9411764705882353,0.8857142857142857,0.9333333333333333,0.8,0.8529411764705882,0.34380820393562317,51,12,13,16,9,49,18,16,17,35,15,15,34
744,0.45454545454545453,0.3333333333333333,0.125,0.36363636363636365,0.16666666666666666,0.46875,0.6,0.25,0.5454545454545454,0.391304347826087,0.6,0.5,0.42857142857142855,1.3020728826522827,33,12,8,11,6,32,10,12,11,23,10,6,14,0.9215686274509803,0.8333333333333334,0.9230769230769231,0.9375,0.8888888888888888,0.9183673469387755,0.9444444444444444,1.0,0.8235294117647058,0.8857142857142857,1.0,0.9333333333333333,0.9117647058823529,0.2666964530944824,51,12,13,16,9,49,18,16,17,35,15,15,34
745,0.45454545454545453,0.3333333333333333,0.125,0.36363636363636365,0.16666666666666666,0.46875,0.6,0.25,0.5454545454545454,0.391304347826087,0.6,0.5,0.42857142857142855,1.3025805950164795,33,12,8,11,6,32,10,12,11,23,10,6,14,0.9411764705882353,0.9166666666666666,1.0,1.0,1.0,0.9387755102040817,0.8888888888888888,0.9375,1.0,0.9428571428571428,0.9333333333333333,0.9333333333333333,0.9117647058823529,0.24602557718753815,51,12,13,16,9,49,18,16,17,35,15,15,34
746,0.45454545454545453,0.3333333333333333,0.125,0.36363636363636365,0.16666666666666666,0.46875,0.6,0.25,0.5454545454545454,0.391304347826087,0.6,0.5,0.42857142857142855,1.2970364093780518,33,12,8,11,6,32,10,12,11,23,10,6,14,0.9215686274509803,1.0,0.9230769230769231,0.875,1.0,0.9387755102040817,0.9444444444444444,0.8125,1.0,0.9142857142857143,1.0,0.8666666666666667,0.8823529411764706,0.282892107963562,51,12,13,16,9,49,18,16,17,35,15,15,34
747,0.45454545454545453,0.3333333333333333,0.125,0.36363636363636365,0.16666666666666666,0.46875,0.6,0.25,0.5454545454545454,0.391304347826087,0.6,0.5,0.42857142857142855,1.290459156036377,33,12,8,11,6,32,10,12,11,23,10,6,14,0.8823529411764706,1.0,0.8461538461538461,0.875,1.0,0.8775510204081632,0.9444444444444444,0.75,0.9411764705882353,0.8571428571428571,0.9333333333333333,0.7333333333333333,0.8529411764705882,0.3284330666065216,51,12,13,16,9,49,18,16,17,35,15,15,34
748,0.45454545454545453,0.3333333333333333,0.125,0.36363636363636365,0.16666666666666666,0.46875,0.6,0.25,0.5454545454545454,0.391304347826087,0.6,0.5,0.42857142857142855,1.2848267555236816,33,12,8,11,6,32,10,12,11,23,10,6,14,0.9607843137254902,0.9166666666666666,0.9230769230769231,0.9375,0.8888888888888888,0.9591836734693877,1.0,0.9375,0.9411764705882353,0.9428571428571428,1.0,0.9333333333333333,0.9705882352941176,0.2513502240180969,51,12,13,16,9,49,18,16,17,35,15,15,34
749,0.45454545454545453,0.3333333333333333,0.125,0.36363636363636365,0.16666666666666666,0.46875,0.6,0.25,0.5454545454545454,0.391304347826087,0.6,0.5,0.42857142857142855,1.2854214906692505,33,12,8,11,6,32,10,12,11,23,10,6,14,0.9411764705882353,0.9166666666666666,1.0,1.0,0.8888888888888888,0.9591836734693877,1.0,0.9375,0.8823529411764706,0.9428571428571428,0.9333333333333333,0.9333333333333333,0.9411764705882353,0.2825561463832855,51,12,13,16,9,49,18,16,17,35,15,15,34
750,0.45454545454545453,0.3333333333333333,0.125,0.36363636363636365,0.16666666666666666,0.46875,0.6,0.25,0.5454545454545454,0.391304347826087,0.6,0.5,0.42857142857142855,1.2837976217269897,33,12,8,11,6,32,10,12,11,23,10,6,14,0.8823529411764706,0.9166666666666666,0.9230769230769231,0.9375,0.8888888888888888,0.8775510204081632,0.8333333333333334,0.875,0.9411764705882353,0.8285714285714286,1.0,0.8,0.8235294117647058,0.33875903487205505,51,12,13,16,9,49,18,16,17,35,15,15,34
751,0.45454545454545453,0.3333333333333333,0.125,0.36363636363636365,0.16666666666666666,0.46875,0.6,0.25,0.5454545454545454,0.391304347826087,0.6,0.5,0.42857142857142855,1.279715657234192,33,12,8,11,6,32,10,12,11,23,10,6,14,0.9607843137254902,0.9166666666666666,1.0,1.0,1.0,0.9591836734693877,0.9444444444444444,1.0,0.9411764705882353,1.0,0.8666666666666667,0.9333333333333333,1.0,0.25651031732559204,51,12,13,16,9,49,18,16,17,35,15,15,34
752,0.45454545454545453,0.3333333333333333,0.125,0.36363636363636365,0.16666666666666666,0.46875,0.6,0.25,0.5454545454545454,0.391304347826087,0.6,0.5,0.42857142857142855,1.2819281816482544,33,12,8,11,6,32,10,12,11,23,10,6,14,0.8823529411764706,0.9166666666666666,0.9230769230769231,0.9375,0.8888888888888888,0.8775510204081632,0.8333333333333334,0.8125,1.0,0.8571428571428571,0.9333333333333333,0.8666666666666667,0.8235294117647058,0.35217592120170593,51,12,13,16,9,49,18,16,17,35,15,15,34
753,0.45454545454545453,0.3333333333333333,0.125,0.36363636363636365,0.16666666666666666,0.46875,0.6,0.25,0.5454545454545454,0.391304347826087,0.6,0.5,0.42857142857142855,1.3002630472183228,33,12,8,11,6,32,10,12,11,23,10,6,14,0.8823529411764706,0.75,0.8461538461538461,0.875,0.6666666666666666,0.8775510204081632,0.8888888888888888,0.875,0.8823529411764706,0.8285714285714286,1.0,0.9333333333333333,0.8529411764705882,0.3150099217891693,51,12,13,16,9,49,18,16,17,35,15,15,34
754,0.45454545454545453,0.3333333333333333,0.125,0.36363636363636365,0.16666666666666666,0.46875,0.6,0.25,0.5454545454545454,0.391304347826087,0.6,0.5,0.42857142857142855,1.329714298248291,33,12,8,11,6,32,10,12,11,23,10,6,14,0.8823529411764706,0.6666666666666666,1.0,0.875,0.7777777777777778,0.8775510204081632,0.7777777777777778,0.9375,0.9411764705882353,0.9142857142857143,0.8,0.8666666666666667,0.8823529411764706,0.3554058372974396,51,12,13,16,9,49,18,16,17,35,15,15,34
755,0.42424242424242425,0.3333333333333333,0.125,0.36363636363636365,0.16666666666666666,0.4375,0.5,0.25,0.5454545454545454,0.391304347826087,0.5,0.5,0.35714285714285715,1.3478169441223145,33,12,8,11,6,32,10,12,11,23,10,6,14,0.9215686274509803,0.8333333333333334,0.8461538461538461,0.875,0.7777777777777778,0.9183673469387755,0.9444444444444444,0.875,0.9411764705882353,0.9142857142857143,0.9333333333333333,0.9333333333333333,0.9411764705882353,0.2661904990673065,51,12,13,16,9,49,18,16,17,35,15,15,34
756,0.45454545454545453,0.3333333333333333,0.125,0.36363636363636365,0.16666666666666666,0.46875,0.6,0.25,0.5454545454545454,0.391304347826087,0.6,0.5,0.42857142857142855,1.3303546905517578,33,12,8,11,6,32,10,12,11,23,10,6,14,0.7843137254901961,0.75,0.8461538461538461,0.6875,0.7777777777777778,0.7959183673469388,0.7777777777777778,0.75,0.8235294117647058,0.7714285714285715,0.8666666666666667,0.8,0.7941176470588235,0.39624476432800293,51,12,13,16,9,49,18,16,17,35,15,15,34
757,0.45454545454545453,0.3333333333333333,0.125,0.36363636363636365,0.16666666666666666,0.46875,0.6,0.25,0.5454545454545454,0.391304347826087,0.6,0.5,0.42857142857142855,1.3119934797286987,33,12,8,11,6,32,10,12,11,23,10,6,14,0.9215686274509803,0.9166666666666666,0.8461538461538461,0.875,0.8888888888888888,0.9183673469387755,0.8888888888888888,0.875,1.0,0.8857142857142857,1.0,0.8666666666666667,0.9117647058823529,0.29794633388519287,51,12,13,16,9,49,18,16,17,35,15,15,34
758,0.45454545454545453,0.3333333333333333,0.125,0.36363636363636365,0.16666666666666666,0.46875,0.6,0.25,0.5454545454545454,0.391304347826087,0.6,0.5,0.42857142857142855,1.2952810525894165,33,12,8,11,6,32,10,12,11,23,10,6,14,0.9803921568627451,1.0,1.0,1.0,1.0,0.9795918367346939,1.0,1.0,0.9411764705882353,1.0,0.9333333333333333,1.0,1.0,0.21701201796531677,51,12,13,16,9,49,18,16,17,35,15,15,34
759,0.45454545454545453,0.3333333333333333,0.125,0.36363636363636365,0.16666666666666666,0.46875,0.6,0.25,0.5454545454545454,0.391304347826087,0.6,0.5,0.42857142857142855,1.2822586297988892,33,12,8,11,6,32,10,12,11,23,10,6,14,0.8431372549019608,0.75,0.7692307692307693,0.6875,0.6666666666666666,0.8367346938775511,0.8888888888888888,0.875,0.7647058823529411,0.7714285714285715,1.0,0.7333333333333333,0.7941176470588235,0.3150331377983093,51,12,13,16,9,49,18,16,17,35,15,15,34
760,0.45454545454545453,0.3333333333333333,0.125,0.36363636363636365,0.16666666666666666,0.46875,0.6,0.25,0.5454545454545454,0.391304347826087,0.6,0.5,0.42857142857142855,1.2776706218719482,33,12,8,11,6,32,10,12,11,23,10,6,14,0.9411764705882353,0.9166666666666666,0.9230769230769231,0.9375,1.0,0.9387755102040817,1.0,0.9375,0.8823529411764706,0.9142857142857143,1.0,0.8666666666666667,0.9117647058823529,0.3330877721309662,51,12,13,16,9,49,18,16,17,35,15,15,34
761,0.45454545454545453,0.3333333333333333,0.125,0.36363636363636365,0.16666666666666666,0.46875,0.6,0.25,0.5454545454545454,0.391304347826087,0.6,0.5,0.42857142857142855,1.276407241821289,33,12,8,11,6,32,10,12,11,23,10,6,14,0.8823529411764706,0.9166666666666666,0.9230769230769231,0.875,1.0,0.8775510204081632,0.8333333333333334,0.8125,1.0,0.8571428571428571,0.9333333333333333,0.8666666666666667,0.8529411764705882,0.3018811047077179,51,12,13,16,9,49,18,16,17,35,15,15,34
762,0.45454545454545453,0.3333333333333333,0.125,0.36363636363636365,0.16666666666666666,0.46875,0.6,0.25,0.5454545454545454,0.391304347826087,0.6,0.5,0.42857142857142855,1.276543140411377,33,12,8,11,6,32,10,12,11,23,10,6,14,0.8823529411764706,1.0,0.7692307692307693,0.8125,0.8888888888888888,0.8775510204081632,0.8888888888888888,0.875,0.8823529411764706,0.8571428571428571,0.9333333333333333,0.8,0.8529411764705882,0.28357818722724915,51,12,13,16,9,49,18,16,17,35,15,15,34
763,0.45454545454545453,0.3333333333333333,0.125,0.36363636363636365,0.16666666666666666,0.46875,0.6,0.25,0.5454545454545454,0.391304347826087,0.6,0.5,0.42857142857142855,1.2814315557479858,33,12,8,11,6,32,10,12,11,23,10,6,14,0.9215686274509803,0.75,0.9230769230769231,0.8125,0.6666666666666666,0.9183673469387755,0.8333333333333334,1.0,0.9411764705882353,0.8857142857142857,1.0,0.9333333333333333,0.9117647058823529,0.270558625459671,51,12,13,16,9,49,18,16,17,35,15,15,34
764,0.45454545454545453,0.3333333333333333,0.125,0.36363636363636365,0.16666666666666666,0.46875,0.6,0.25,0.5454545454545454,0.391304347826087,0.6,0.5,0.42857142857142855,1.2818819284439087,33,12,8,11,6,32,10,12,11,23,10,6,14,0.8823529411764706,0.8333333333333334,0.8461538461538461,0.8125,0.7777777777777778,0.8979591836734694,0.8888888888888888,0.875,0.8823529411764706,0.8571428571428571,1.0,0.8666666666666667,0.8823529411764706,0.3321680426597595,51,12,13,16,9,49,18,16,17,35,15,15,34
765,0.45454545454545453,0.3333333333333333,0.125,0.36363636363636365,0.16666666666666666,0.46875,0.6,0.25,0.5454545454545454,0.391304347826087,0.6,0.5,0.42857142857142855,1.276259422302246,33,12,8,11,6,32,10,12,11,23,10,6,14,0.8823529411764706,0.9166666666666666,0.8461538461538461,0.875,0.7777777777777778,0.8775510204081632,0.8888888888888888,0.8125,0.9411764705882353,0.8285714285714286,1.0,0.8666666666666667,0.8529411764705882,0.31396761536598206,51,12,13,16,9,49,18,16,17,35,15,15,34
766,0.45454545454545453,0.3333333333333333,0.125,0.36363636363636365,0.16666666666666666,0.46875,0.6,0.25,0.5454545454545454,0.391304347826087,0.6,0.5,0.42857142857142855,1.2784996032714844,33,12,8,11,6,32,10,12,11,23,10,6,14,0.9607843137254902,0.9166666666666666,0.9230769230769231,0.875,0.7777777777777778,0.9591836734693877,0.8888888888888888,1.0,1.0,0.9428571428571428,1.0,0.9333333333333333,0.9705882352941176,0.2895680069923401,51,12,13,16,9,49,18,16,17,35,15,15,34
767,0.45454545454545453,0.3333333333333333,0.125,0.36363636363636365,0.16666666666666666,0.46875,0.6,0.25,0.5454545454545454,0.391304347826087,0.6,0.5,0.42857142857142855,1.2756009101867676,33,12,8,11,6,32,10,12,11,23,10,6,14,0.8823529411764706,0.75,0.9230769230769231,0.9375,0.7777777777777778,0.8775510204081632,0.8333333333333334,0.875,0.9411764705882353,0.8571428571428571,0.9333333333333333,0.9333333333333333,0.8823529411764706,0.2691512107849121,51,12,13,16,9,49,18,16,17,35,15,15,34
768,0.45454545454545453,0.3333333333333333,0.125,0.36363636363636365,0.16666666666666666,0.46875,0.6,0.25,0.5454545454545454,0.391304347826087,0.6,0.5,0.42857142857142855,1.2794427871704102,33,12,8,11,6,32,10,12,11,23,10,6,14,0.8627450980392157,0.8333333333333334,0.7692307692307693,0.8125,0.7777777777777778,0.8571428571428571,0.7777777777777778,0.9375,0.8823529411764706,0.8857142857142857,0.8,0.7333333333333333,0.9411764705882353,0.3541453182697296,51,12,13,16,9,49,18,16,17,35,15,15,34
769,0.45454545454545453,0.3333333333333333,0.125,0.36363636363636365,0.16666666666666666,0.46875,0.6,0.25,0.5454545454545454,0.391304347826087,0.6,0.5,0.42857142857142855,1.2903321981430054,33,12,8,11,6,32,10,12,11,23,10,6,14,0.8431372549019608,0.9166666666666666,0.9230769230769231,0.8125,0.7777777777777778,0.8367346938775511,0.7222222222222222,0.875,0.9411764705882353,0.8,0.9333333333333333,0.8,0.7941176470588235,0.3137441575527191,51,12,13,16,9,49,18,16,17,35,15,15,34
770,0.45454545454545453,0.3333333333333333,0.125,0.36363636363636365,0.16666666666666666,0.46875,0.6,0.25,0.5454545454545454,0.391304347826087,0.6,0.5,0.42857142857142855,1.306867241859436,33,12,8,11,6,32,10,12,11,23,10,6,14,0.9019607843137255,0.9166666666666666,0.8461538461538461,0.875,0.8888888888888888,0.8979591836734694,0.8888888888888888,0.9375,0.8823529411764706,0.8857142857142857,0.9333333333333333,0.8,0.8823529411764706,0.2930998206138611,51,12,13,16,9,49,18,16,17,35,15,15,34
771,0.45454545454545453,0.3333333333333333,0.125,0.36363636363636365,0.16666666666666666,0.46875,0.6,0.25,0.5454545454545454,0.391304347826087,0.6,0.5,0.42857142857142855,1.3120218515396118,33,12,8,11,6,32,10,12,11,23,10,6,14,0.9411764705882353,1.0,0.8461538461538461,0.9375,1.0,0.9387755102040817,1.0,0.875,0.9411764705882353,0.9428571428571428,0.9333333333333333,0.8666666666666667,0.9411764705882353,0.2766866087913513,51,12,13,16,9,49,18,16,17,35,15,15,34
772,0.45454545454545453,0.3333333333333333,0.125,0.36363636363636365,0.16666666666666666,0.46875,0.6,0.25,0.5454545454545454,0.391304347826087,0.6,0.5,0.42857142857142855,1.3060033321380615,33,12,8,11,6,32,10,12,11,23,10,6,14,0.8823529411764706,0.9166666666666666,0.9230769230769231,0.9375,0.8888888888888888,0.8775510204081632,0.8888888888888888,0.8125,0.9411764705882353,0.8571428571428571,0.9333333333333333,0.8666666666666667,0.8235294117647058,0.2680780589580536,51,12,13,16,9,49,18,16,17,35,15,15,34
773,0.45454545454545453,0.3333333333333333,0.125,0.36363636363636365,0.16666666666666666,0.46875,0.6,0.25,0.5454545454545454,0.391304347826087,0.6,0.5,0.42857142857142855,1.2920745611190796,33,12,8,11,6,32,10,12,11,23,10,6,14,0.8627450980392157,0.9166666666666666,0.8461538461538461,0.875,0.7777777777777778,0.8571428571428571,0.8333333333333334,0.8125,0.9411764705882353,0.8,1.0,0.7333333333333333,0.7941176470588235,0.32731878757476807,51,12,13,16,9,49,18,16,17,35,15,15,34
774,0.45454545454545453,0.3333333333333333,0.125,0.36363636363636365,0.16666666666666666,0.46875,0.6,0.25,0.5454545454545454,0.391304347826087,0.6,0.5,0.42857142857142855,1.2845638990402222,33,12,8,11,6,32,10,12,11,23,10,6,14,0.9019607843137255,0.8333333333333334,1.0,1.0,0.8888888888888888,0.8979591836734694,0.9444444444444444,0.9375,0.8235294117647058,0.9142857142857143,0.8666666666666667,0.8,0.9411764705882353,0.3065544664859772,51,12,13,16,9,49,18,16,17,35,15,15,34
775,0.45454545454545453,0.3333333333333333,0.125,0.36363636363636365,0.16666666666666666,0.46875,0.6,0.25,0.5454545454545454,0.391304347826087,0.6,0.5,0.42857142857142855,1.286942481994629,33,12,8,11,6,32,10,12,11,23,10,6,14,0.9411764705882353,0.9166666666666666,0.8461538461538461,0.875,0.8888888888888888,0.9387755102040817,1.0,0.9375,0.8823529411764706,0.9142857142857143,1.0,0.8666666666666667,0.9411764705882353,0.28726446628570557,51,12,13,16,9,49,18,16,17,35,15,15,34
776,0.45454545454545453,0.3333333333333333,0.125,0.36363636363636365,0.16666666666666666,0.46875,0.6,0.25,0.5454545454545454,0.391304347826087,0.6,0.5,0.42857142857142855,1.2830469608306885,33,12,8,11,6,32,10,12,11,23,10,6,14,0.8627450980392157,0.75,0.8461538461538461,0.875,0.8888888888888888,0.8571428571428571,0.8888888888888888,0.875,0.8235294117647058,0.8571428571428571,0.8666666666666667,0.8666666666666667,0.9117647058823529,0.33710578083992004,51,12,13,16,9,49,18,16,17,35,15,15,34
777,0.45454545454545453,0.3333333333333333,0.125,0.36363636363636365,0.16666666666666666,0.46875,0.6,0.25,0.5454545454545454,0.391304347826087,0.6,0.5,0.42857142857142855,1.288466215133667,33,12,8,11,6,32,10,12,11,23,10,6,14,0.9411764705882353,1.0,1.0,0.9375,0.8888888888888888,0.9387755102040817,0.8333333333333334,1.0,1.0,0.9142857142857143,1.0,0.9333333333333333,0.9117647058823529,0.239775151014328,51,12,13,16,9,49,18,16,17,35,15,15,34
778,0.45454545454545453,0.3333333333333333,0.125,0.36363636363636365,0.16666666666666666,0.46875,0.6,0.25,0.5454545454545454,0.391304347826087,0.6,0.5,0.42857142857142855,1.3061655759811401,33,12,8,11,6,32,10,12,11,23,10,6,14,0.9215686274509803,0.8333333333333334,0.9230769230769231,0.9375,0.8888888888888888,0.9183673469387755,0.8333333333333334,0.9375,1.0,0.9142857142857143,0.9333333333333333,0.9333333333333333,0.8823529411764706,0.25930923223495483,51,12,13,16,9,49,18,16,17,35,15,15,34
779,0.45454545454545453,0.3333333333333333,0.125,0.36363636363636365,0.16666666666666666,0.46875,0.6,0.25,0.5454545454545454,0.391304347826087,0.6,0.5,0.42857142857142855,1.298838496208191,33,12,8,11,6,32,10,12,11,23,10,6,14,0.8627450980392157,0.9166666666666666,0.9230769230769231,0.875,0.8888888888888888,0.8571428571428571,0.8888888888888888,0.75,0.9411764705882353,0.8285714285714286,0.9333333333333333,0.8,0.8235294117647058,0.3255566358566284,51,12,13,16,9,49,18,16,17,35,15,15,34
780,0.45454545454545453,0.3333333333333333,0.125,0.36363636363636365,0.16666666666666666,0.46875,0.6,0.25,0.5454545454545454,0.391304347826087,0.6,0.5,0.42857142857142855,1.2943952083587646,33,12,8,11,6,32,10,12,11,23,10,6,14,0.9803921568627451,1.0,1.0,1.0,1.0,0.9795918367346939,0.9444444444444444,1.0,1.0,0.9714285714285714,1.0,1.0,0.9705882352941176,0.2209065705537796,51,12,13,16,9,49,18,16,17,35,15,15,34
781,0.45454545454545453,0.3333333333333333,0.125,0.36363636363636365,0.16666666666666666,0.46875,0.6,0.25,0.5454545454545454,0.391304347826087,0.6,0.5,0.42857142857142855,1.2816041707992554,33,12,8,11,6,32,10,12,11,23,10,6,14,0.9019607843137255,1.0,0.8461538461538461,0.875,1.0,0.8979591836734694,0.8333333333333334,0.875,1.0,0.8857142857142857,0.9333333333333333,0.8,0.9117647058823529,0.2829585075378418,51,12,13,16,9,49,18,16,17,35,15,15,34
782,0.45454545454545453,0.3333333333333333,0.125,0.36363636363636365,0.16666666666666666,0.46875,0.6,0.25,0.5454545454545454,0.391304347826087,0.6,0.5,0.42857142857142855,1.2794597148895264,33,12,8,11,6,32,10,12,11,23,10,6,14,0.9411764705882353,0.8333333333333334,0.9230769230769231,0.9375,0.7777777777777778,0.9387755102040817,0.9444444444444444,0.9375,0.9411764705882353,0.9142857142857143,1.0,0.9333333333333333,0.9411764705882353,0.24482040107250214,51,12,13,16,9,49,18,16,17,35,15,15,34
783,0.45454545454545453,0.3333333333333333,0.125,0.36363636363636365,0.16666666666666666,0.46875,0.6,0.25,0.5454545454545454,0.391304347826087,0.6,0.5,0.42857142857142855,1.2873384952545166,33,12,8,11,6,32,10,12,11,23,10,6,14,0.9215686274509803,1.0,0.9230769230769231,0.9375,1.0,0.9183673469387755,0.9444444444444444,0.9375,0.8823529411764706,0.8857142857142857,1.0,0.8,0.8823529411764706,0.30249786376953125,51,12,13,16,9,49,18,16,17,35,15,15,34
784,0.45454545454545453,0.3333333333333333,0.125,0.36363636363636365,0.16666666666666666,0.46875,0.6,0.25,0.5454545454545454,0.391304347826087,0.6,0.5,0.42857142857142855,1.3145185708999634,33,12,8,11,6,32,10,12,11,23,10,6,14,0.9215686274509803,0.9166666666666666,0.9230769230769231,0.9375,0.7777777777777778,0.9183673469387755,0.8888888888888888,1.0,0.8823529411764706,0.9142857142857143,0.9333333333333333,0.9333333333333333,0.9411764705882353,0.35226500034332275,51,12,13,16,9,49,18,16,17,35,15,15,34
785,0.45454545454545453,0.3333333333333333,0.125,0.36363636363636365,0.16666666666666666,0.46875,0.6,0.25,0.5454545454545454,0.391304347826087,0.6,0.5,0.42857142857142855,1.322770595550537,33,12,8,11,6,32,10,12,11,23,10,6,14,0.8823529411764706,0.8333333333333334,0.8461538461538461,0.8125,0.6666666666666666,0.8775510204081632,0.7777777777777778,0.9375,0.9411764705882353,0.8571428571428571,0.9333333333333333,0.8666666666666667,0.9117647058823529,0.24500252306461334,51,12,13,16,9,49,18,16,17,35,15,15,34
786,0.45454545454545453,0.3333333333333333,0.125,0.36363636363636365,0.16666666666666666,0.46875,0.6,0.25,0.5454545454545454,0.391304347826087,0.6,0.5,0.42857142857142855,1.3139605522155762,33,12,8,11,6,32,10,12,11,23,10,6,14,0.8823529411764706,0.9166666666666666,0.8461538461538461,0.875,0.7777777777777778,0.8979591836734694,0.8888888888888888,0.8125,0.9411764705882353,0.8571428571428571,0.9333333333333333,0.7333333333333333,0.8823529411764706,0.3370554447174072,51,12,13,16,9,49,18,16,17,35,15,15,34
787,0.45454545454545453,0.3333333333333333,0.125,0.36363636363636365,0.16666666666666666,0.46875,0.6,0.25,0.5454545454545454,0.391304347826087,0.6,0.5,0.42857142857142855,1.311078429222107,33,12,8,11,6,32,10,12,11,23,10,6,14,0.8823529411764706,1.0,0.8461538461538461,0.875,1.0,0.8775510204081632,0.8888888888888888,0.875,0.8823529411764706,0.8285714285714286,1.0,0.7333333333333333,0.8529411764705882,0.3529398739337921,51,12,13,16,9,49,18,16,17,35,15,15,34
788,0.45454545454545453,0.3333333333333333,0.125,0.36363636363636365,0.16666666666666666,0.46875,0.6,0.25,0.5454545454545454,0.391304347826087,0.6,0.5,0.42857142857142855,1.2814836502075195,33,12,8,11,6,32,10,12,11,23,10,6,14,0.8235294117647058,0.75,0.8461538461538461,0.8125,0.6666666666666666,0.8367346938775511,0.7222222222222222,0.75,1.0,0.7714285714285715,0.9333333333333333,0.8666666666666667,0.7941176470588235,0.44282418489456177,51,12,13,16,9,49,18,16,17,35,15,15,34
789,0.48484848484848486,0.4166666666666667,0.125,0.36363636363636365,0.3333333333333333,0.5,0.7,0.25,0.5454545454545454,0.43478260869565216,0.6,0.5,0.5,1.2590206861495972,33,12,8,11,6,32,10,12,11,23,10,6,14,0.9019607843137255,0.9166666666666666,0.8461538461538461,0.9375,0.8888888888888888,0.8979591836734694,1.0,0.875,0.8235294117647058,0.9142857142857143,0.8666666666666667,0.8,0.9411764705882353,0.2967153489589691,51,12,13,16,9,49,18,16,17,35,15,15,34
790,0.45454545454545453,0.3333333333333333,0.125,0.36363636363636365,0.16666666666666666,0.46875,0.6,0.25,0.5454545454545454,0.391304347826087,0.6,0.5,0.42857142857142855,1.2672995328903198,33,12,8,11,6,32,10,12,11,23,10,6,14,0.8235294117647058,0.6666666666666666,0.8461538461538461,0.8125,0.7777777777777778,0.8163265306122449,0.8333333333333334,0.875,0.7647058823529411,0.8285714285714286,0.8,0.9333333333333333,0.7941176470588235,0.36773478984832764,51,12,13,16,9,49,18,16,17,35,15,15,34
791,0.45454545454545453,0.3333333333333333,0.125,0.36363636363636365,0.16666666666666666,0.46875,0.6,0.25,0.5454545454545454,0.391304347826087,0.6,0.5,0.42857142857142855,1.2770997285842896,33,12,8,11,6,32,10,12,11,23,10,6,14,0.8823529411764706,0.8333333333333334,0.8461538461538461,0.875,0.7777777777777778,0.8775510204081632,0.8888888888888888,0.875,0.8823529411764706,0.8857142857142857,0.8666666666666667,0.8,0.8823529411764706,0.32615262269973755,51,12,13,16,9,49,18,16,17,35,15,15,34
792,0.45454545454545453,0.3333333333333333,0.125,0.36363636363636365,0.16666666666666666,0.46875,0.6,0.25,0.5454545454545454,0.391304347826087,0.6,0.5,0.42857142857142855,1.291090965270996,33,12,8,11,6,32,10,12,11,23,10,6,14,0.9803921568627451,1.0,1.0,1.0,1.0,0.9795918367346939,1.0,1.0,0.9411764705882353,1.0,0.9333333333333333,1.0,1.0,0.17700588703155518,51,12,13,16,9,49,18,16,17,35,15,15,34
793,0.45454545454545453,0.3333333333333333,0.125,0.36363636363636365,0.16666666666666666,0.46875,0.6,0.25,0.5454545454545454,0.391304347826087,0.6,0.5,0.42857142857142855,1.302183985710144,33,12,8,11,6,32,10,12,11,23,10,6,14,0.9019607843137255,1.0,0.8461538461538461,0.9375,1.0,0.8979591836734694,0.8888888888888888,0.8125,1.0,0.9142857142857143,0.8666666666666667,0.8666666666666667,0.9117647058823529,0.3552703857421875,51,12,13,16,9,49,18,16,17,35,15,15,34
794,0.45454545454545453,0.3333333333333333,0.125,0.36363636363636365,0.16666666666666666,0.46875,0.6,0.25,0.5454545454545454,0.391304347826087,0.6,0.5,0.42857142857142855,1.3094711303710938,33,12,8,11,6,32,10,12,11,23,10,6,14,0.9215686274509803,0.9166666666666666,0.9230769230769231,0.9375,0.8888888888888888,0.9183673469387755,1.0,0.875,0.8823529411764706,0.9142857142857143,0.9333333333333333,0.8666666666666667,0.9117647058823529,0.29082733392715454,51,12,13,16,9,49,18,16,17,35,15,15,34
795,0.45454545454545453,0.3333333333333333,0.125,0.36363636363636365,0.16666666666666666,0.46875,0.6,0.25,0.5454545454545454,0.391304347826087,0.6,0.5,0.42857142857142855,1.291325330734253,33,12,8,11,6,32,10,12,11,23,10,6,14,0.8627450980392157,0.9166666666666666,0.6923076923076923,0.875,0.8888888888888888,0.8775510204081632,0.8888888888888888,0.6875,1.0,0.8571428571428571,0.8666666666666667,0.8666666666666667,0.8529411764705882,0.3728398382663727,51,12,13,16,9,49,18,16,17,35,15,15,34
796,0.45454545454545453,0.3333333333333333,0.125,0.36363636363636365,0.16666666666666666,0.46875,0.6,0.25,0.5454545454545454,0.391304347826087,0.6,0.5,0.42857142857142855,1.2748920917510986,33,12,8,11,6,32,10,12,11,23,10,6,14,0.8823529411764706,0.75,0.9230769230769231,0.9375,0.7777777777777778,0.8775510204081632,0.7777777777777778,0.9375,0.9411764705882353,0.8571428571428571,0.9333333333333333,0.8666666666666667,0.8529411764705882,0.32429662346839905,51,12,13,16,9,49,18,16,17,35,15,15,34
797,0.45454545454545453,0.3333333333333333,0.125,0.36363636363636365,0.16666666666666666,0.46875,0.6,0.25,0.5454545454545454,0.391304347826087,0.6,0.5,0.42857142857142855,1.2772806882858276,33,12,8,11,6,32,10,12,11,23,10,6,14,0.9019607843137255,0.9166666666666666,0.9230769230769231,0.9375,0.8888888888888888,0.8979591836734694,0.9444444444444444,0.9375,0.8235294117647058,0.8857142857142857,0.9333333333333333,0.8666666666666667,0.9117647058823529,0.3516703248023987,51,12,13,16,9,49,18,16,17,35,15,15,34
798,0.45454545454545453,0.3333333333333333,0.125,0.36363636363636365,0.16666666666666666,0.46875,0.6,0.25,0.5454545454545454,0.391304347826087,0.6,0.5,0.42857142857142855,1.2960309982299805,33,12,8,11,6,32,10,12,11,23,10,6,14,0.8431372549019608,0.75,0.8461538461538461,0.875,0.6666666666666666,0.8367346938775511,0.7222222222222222,0.9375,0.8823529411764706,0.8571428571428571,0.8,0.8666666666666667,0.8823529411764706,0.3463421165943146,51,12,13,16,9,49,18,16,17,35,15,15,34
799,0.45454545454545453,0.3333333333333333,0.125,0.36363636363636365,0.16666666666666666,0.46875,0.6,0.25,0.5454545454545454,0.391304347826087,0.6,0.5,0.42857142857142855,1.3126531839370728,33,12,8,11,6,32,10,12,11,23,10,6,14,0.9215686274509803,0.9166666666666666,0.8461538461538461,0.875,1.0,0.9183673469387755,0.9444444444444444,0.875,0.9411764705882353,0.8857142857142857,1.0,0.8666666666666667,0.9117647058823529,0.2722075581550598,51,12,13,16,9,49,18,16,17,35,15,15,34
800,0.45454545454545453,0.3333333333333333,0.125,0.36363636363636365,0.16666666666666666,0.46875,0.6,0.25,0.5454545454545454,0.391304347826087,0.6,0.5,0.42857142857142855,1.3174875974655151,33,12,8,11,6,32,10,12,11,23,10,6,14,0.9607843137254902,1.0,0.8461538461538461,0.875,1.0,0.9591836734693877,0.9444444444444444,0.9375,1.0,0.9428571428571428,1.0,0.9333333333333333,0.9705882352941176,0.20025993883609772,51,12,13,16,9,49,18,16,17,35,15,15,34
801,0.42424242424242425,0.3333333333333333,0.125,0.36363636363636365,0.16666666666666666,0.4375,0.5,0.25,0.5454545454545454,0.391304347826087,0.5,0.5,0.35714285714285715,1.3383697271347046,33,12,8,11,6,32,10,12,11,23,10,6,14,0.8627450980392157,0.75,0.9230769230769231,0.875,0.6666666666666666,0.8571428571428571,0.8888888888888888,1.0,0.7058823529411765,0.8285714285714286,0.9333333333333333,0.8,0.9117647058823529,0.3059588670730591,51,12,13,16,9,49,18,16,17,35,15,15,34
802,0.42424242424242425,0.3333333333333333,0.125,0.36363636363636365,0.16666666666666666,0.4375,0.5,0.25,0.5454545454545454,0.391304347826087,0.5,0.5,0.35714285714285715,1.3395006656646729,33,12,8,11,6,32,10,12,11,23,10,6,14,0.8823529411764706,0.8333333333333334,0.8461538461538461,0.8125,1.0,0.8775510204081632,0.8333333333333334,0.875,0.9411764705882353,0.8857142857142857,0.8666666666666667,0.8,0.9411764705882353,0.3262375593185425,51,12,13,16,9,49,18,16,17,35,15,15,34
803,0.45454545454545453,0.3333333333333333,0.125,0.36363636363636365,0.16666666666666666,0.46875,0.6,0.25,0.5454545454545454,0.391304347826087,0.6,0.5,0.42857142857142855,1.3170444965362549,33,12,8,11,6,32,10,12,11,23,10,6,14,0.803921568627451,0.6666666666666666,0.7692307692307693,0.6875,0.5555555555555556,0.7959183673469388,0.6666666666666666,0.8125,0.9411764705882353,0.7428571428571429,0.9333333333333333,0.7333333333333333,0.8235294117647058,0.37412509322166443,51,12,13,16,9,49,18,16,17,35,15,15,34
804,0.45454545454545453,0.3333333333333333,0.125,0.36363636363636365,0.16666666666666666,0.46875,0.6,0.25,0.5454545454545454,0.391304347826087,0.6,0.5,0.42857142857142855,1.3103721141815186,33,12,8,11,6,32,10,12,11,23,10,6,14,0.9215686274509803,0.8333333333333334,0.8461538461538461,0.8125,0.7777777777777778,0.9183673469387755,0.9444444444444444,0.9375,0.8823529411764706,0.9142857142857143,0.9333333333333333,0.8666666666666667,0.9411764705882353,0.30215567350387573,51,12,13,16,9,49,18,16,17,35,15,15,34
805,0.45454545454545453,0.3333333333333333,0.125,0.36363636363636365,0.16666666666666666,0.46875,0.6,0.25,0.5454545454545454,0.391304347826087,0.6,0.5,0.42857142857142855,1.2884377241134644,33,12,8,11,6,32,10,12,11,23,10,6,14,0.8823529411764706,0.8333333333333334,0.9230769230769231,0.9375,0.8888888888888888,0.8775510204081632,0.7777777777777778,0.875,1.0,0.8571428571428571,0.9333333333333333,0.8666666666666667,0.8529411764705882,0.36484143137931824,51,12,13,16,9,49,18,16,17,35,15,15,34
806,0.45454545454545453,0.3333333333333333,0.125,0.36363636363636365,0.16666666666666666,0.46875,0.6,0.25,0.5454545454545454,0.391304347826087,0.6,0.5,0.42857142857142855,1.2791095972061157,33,12,8,11,6,32,10,12,11,23,10,6,14,0.8823529411764706,0.9166666666666666,0.8461538461538461,0.9375,0.8888888888888888,0.8775510204081632,0.9444444444444444,0.875,0.8235294117647058,0.8571428571428571,0.9333333333333333,0.7333333333333333,0.8823529411764706,0.29916253685951233,51,12,13,16,9,49,18,16,17,35,15,15,34
807,0.45454545454545453,0.3333333333333333,0.125,0.36363636363636365,0.16666666666666666,0.46875,0.6,0.25,0.5454545454545454,0.391304347826087,0.6,0.5,0.42857142857142855,1.2782343626022339,33,12,8,11,6,32,10,12,11,23,10,6,14,0.9215686274509803,1.0,0.9230769230769231,0.9375,1.0,0.9183673469387755,0.9444444444444444,0.875,0.9411764705882353,0.9142857142857143,0.9333333333333333,0.8666666666666667,0.8823529411764706,0.3321802616119385,51,12,13,16,9,49,18,16,17,35,15,15,34
808,0.45454545454545453,0.3333333333333333,0.125,0.36363636363636365,0.16666666666666666,0.46875,0.6,0.25,0.5454545454545454,0.391304347826087,0.6,0.5,0.42857142857142855,1.2926809787750244,33,12,8,11,6,32,10,12,11,23,10,6,14,0.9019607843137255,0.9166666666666666,0.9230769230769231,0.9375,0.8888888888888888,0.8979591836734694,1.0,0.875,0.8235294117647058,0.8857142857142857,0.9333333333333333,0.8,0.9117647058823529,0.2696792483329773,51,12,13,16,9,49,18,16,17,35,15,15,34
809,0.45454545454545453,0.3333333333333333,0.125,0.36363636363636365,0.16666666666666666,0.46875,0.6,0.25,0.5454545454545454,0.391304347826087,0.6,0.5,0.42857142857142855,1.311981439590454,33,12,8,11,6,32,10,12,11,23,10,6,14,0.9019607843137255,1.0,1.0,1.0,1.0,0.8979591836734694,0.9444444444444444,0.875,0.8823529411764706,0.8857142857142857,0.9333333333333333,0.8666666666666667,0.8823529411764706,0.26873865723609924,51,12,13,16,9,49,18,16,17,35,15,15,34
810,0.45454545454545453,0.3333333333333333,0.125,0.36363636363636365,0.16666666666666666,0.46875,0.6,0.25,0.5454545454545454,0.391304347826087,0.6,0.5,0.42857142857142855,1.3258905410766602,33,12,8,11,6,32,10,12,11,23,10,6,14,0.8235294117647058,0.75,0.8461538461538461,0.8125,0.7777777777777778,0.8367346938775511,0.7777777777777778,0.75,0.9411764705882353,0.8,0.8666666666666667,0.8,0.7941176470588235,0.31302037835121155,51,12,13,16,9,49,18,16,17,35,15,15,34
811,0.45454545454545453,0.3333333333333333,0.125,0.36363636363636365,0.16666666666666666,0.46875,0.6,0.25,0.5454545454545454,0.391304347826087,0.6,0.5,0.42857142857142855,1.3293861150741577,33,12,8,11,6,32,10,12,11,23,10,6,14,0.9215686274509803,0.9166666666666666,0.9230769230769231,0.875,1.0,0.9183673469387755,0.8888888888888888,0.875,1.0,0.8857142857142857,1.0,0.8,0.9117647058823529,0.25123313069343567,51,12,13,16,9,49,18,16,17,35,15,15,34
812,0.45454545454545453,0.3333333333333333,0.125,0.36363636363636365,0.16666666666666666,0.46875,0.6,0.25,0.5454545454545454,0.391304347826087,0.6,0.5,0.42857142857142855,1.3271993398666382,33,12,8,11,6,32,10,12,11,23,10,6,14,0.8431372549019608,0.8333333333333334,0.9230769230769231,0.9375,0.7777777777777778,0.8571428571428571,0.7777777777777778,0.8125,0.9411764705882353,0.8,0.9333333333333333,0.7333333333333333,0.7941176470588235,0.32237106561660767,51,12,13,16,9,49,18,16,17,35,15,15,34
813,0.45454545454545453,0.3333333333333333,0.125,0.36363636363636365,0.16666666666666666,0.46875,0.6,0.25,0.5454545454545454,0.391304347826087,0.6,0.5,0.42857142857142855,1.329882025718689,33,12,8,11,6,32,10,12,11,23,10,6,14,0.9607843137254902,1.0,1.0,1.0,1.0,0.9591836734693877,1.0,0.9375,0.9411764705882353,0.9714285714285714,0.9333333333333333,0.9333333333333333,0.9411764705882353,0.223430797457695,51,12,13,16,9,49,18,16,17,35,15,15,34
814,0.45454545454545453,0.3333333333333333,0.125,0.36363636363636365,0.16666666666666666,0.46875,0.6,0.25,0.5454545454545454,0.391304347826087,0.6,0.5,0.42857142857142855,1.3263931274414062,33,12,8,11,6,32,10,12,11,23,10,6,14,0.9411764705882353,0.9166666666666666,0.9230769230769231,0.9375,1.0,0.9387755102040817,0.9444444444444444,0.875,1.0,0.9428571428571428,0.9333333333333333,0.9333333333333333,0.9411764705882353,0.22240661084651947,51,12,13,16,9,49,18,16,17,35,15,15,34
815,0.45454545454545453,0.3333333333333333,0.125,0.36363636363636365,0.16666666666666666,0.46875,0.6,0.25,0.5454545454545454,0.391304347826087,0.6,0.5,0.42857142857142855,1.3344383239746094,33,12,8,11,6,32,10,12,11,23,10,6,14,0.9019607843137255,0.9166666666666666,0.9230769230769231,0.875,1.0,0.8979591836734694,0.8333333333333334,0.9375,0.9411764705882353,0.8571428571428571,1.0,0.8666666666666667,0.8823529411764706,0.27167025208473206,51,12,13,16,9,49,18,16,17,35,15,15,34
816,0.45454545454545453,0.3333333333333333,0.125,0.36363636363636365,0.16666666666666666,0.46875,0.6,0.25,0.5454545454545454,0.391304347826087,0.6,0.5,0.42857142857142855,1.3216274976730347,33,12,8,11,6,32,10,12,11,23,10,6,14,0.8823529411764706,0.9166666666666666,0.7692307692307693,0.8125,0.8888888888888888,0.8775510204081632,0.8888888888888888,0.8125,0.9411764705882353,0.8285714285714286,1.0,0.8,0.8823529411764706,0.3827216625213623,51,12,13,16,9,49,18,16,17,35,15,15,34
817,0.45454545454545453,0.3333333333333333,0.125,0.36363636363636365,0.16666666666666666,0.46875,0.6,0.25,0.5454545454545454,0.391304347826087,0.6,0.5,0.42857142857142855,1.2990269660949707,33,12,8,11,6,32,10,12,11,23,10,6,14,0.8823529411764706,0.8333333333333334,0.8461538461538461,0.875,0.7777777777777778,0.8775510204081632,0.8333333333333334,0.9375,0.8823529411764706,0.8571428571428571,0.9333333333333333,0.8666666666666667,0.9117647058823529,0.32378801703453064,51,12,13,16,9,49,18,16,17,35,15,15,34
818,0.45454545454545453,0.4166666666666667,0.125,0.36363636363636365,0.3333333333333333,0.46875,0.7,0.25,0.45454545454545453,0.43478260869565216,0.5,0.5,0.5,1.2756580114364624,33,12,8,11,6,32,10,12,11,23,10,6,14,0.8823529411764706,0.8333333333333334,0.9230769230769231,0.875,0.7777777777777778,0.8775510204081632,0.7777777777777778,0.9375,0.9411764705882353,0.8571428571428571,0.9333333333333333,0.8666666666666667,0.8235294117647058,0.3641834557056427,51,12,13,16,9,49,18,16,17,35,15,15,34
819,0.45454545454545453,0.4166666666666667,0.125,0.36363636363636365,0.3333333333333333,0.46875,0.7,0.25,0.45454545454545453,0.43478260869565216,0.5,0.5,0.5,1.2671741247177124,33,12,8,11,6,32,10,12,11,23,10,6,14,1.0,1.0,1.0,1.0,1.0,1.0,1.0,1.0,1.0,1.0,1.0,1.0,1.0,0.18080563843250275,51,12,13,16,9,49,18,16,17,35,15,15,34
820,0.45454545454545453,0.4166666666666667,0.125,0.36363636363636365,0.3333333333333333,0.46875,0.7,0.25,0.45454545454545453,0.43478260869565216,0.5,0.5,0.5,1.2739017009735107,33,12,8,11,6,32,10,12,11,23,10,6,14,0.9411764705882353,0.9166666666666666,1.0,1.0,1.0,0.9387755102040817,0.8888888888888888,1.0,0.9411764705882353,0.9714285714285714,0.8666666666666667,0.9333333333333333,0.9705882352941176,0.25809744000434875,51,12,13,16,9,49,18,16,17,35,15,15,34
821,0.42424242424242425,0.3333333333333333,0.125,0.36363636363636365,0.16666666666666666,0.4375,0.6,0.25,0.45454545454545453,0.391304347826087,0.5,0.5,0.42857142857142855,1.2903825044631958,33,12,8,11,6,32,10,12,11,23,10,6,14,0.9411764705882353,1.0,0.9230769230769231,0.9375,1.0,0.9387755102040817,0.9444444444444444,0.9375,0.9411764705882353,0.9142857142857143,1.0,0.8666666666666667,0.9117647058823529,0.21528980135917664,51,12,13,16,9,49,18,16,17,35,15,15,34
822,0.45454545454545453,0.3333333333333333,0.125,0.36363636363636365,0.16666666666666666,0.46875,0.6,0.25,0.5454545454545454,0.391304347826087,0.6,0.5,0.42857142857142855,1.313173532485962,33,12,8,11,6,32,10,12,11,23,10,6,14,0.8627450980392157,0.8333333333333334,0.8461538461538461,0.8125,0.7777777777777778,0.8571428571428571,0.8888888888888888,0.875,0.8235294117647058,0.8,1.0,0.8,0.7941176470588235,0.32274720072746277,51,12,13,16,9,49,18,16,17,35,15,15,34
823,0.45454545454545453,0.3333333333333333,0.125,0.36363636363636365,0.16666666666666666,0.46875,0.6,0.25,0.5454545454545454,0.391304347826087,0.6,0.5,0.42857142857142855,1.3311601877212524,33,12,8,11,6,32,10,12,11,23,10,6,14,0.9215686274509803,0.9166666666666666,0.9230769230769231,0.875,0.8888888888888888,0.9183673469387755,0.8888888888888888,0.9375,0.9411764705882353,0.9142857142857143,0.9333333333333333,0.8,0.9117647058823529,0.27360838651657104,51,12,13,16,9,49,18,16,17,35,15,15,34
824,0.45454545454545453,0.3333333333333333,0.125,0.36363636363636365,0.16666666666666666,0.46875,0.6,0.25,0.5454545454545454,0.391304347826087,0.6,0.5,0.42857142857142855,1.3325552940368652,33,12,8,11,6,32,10,12,11,23,10,6,14,0.8823529411764706,1.0,0.7692307692307693,0.8125,0.7777777777777778,0.8775510204081632,0.8888888888888888,0.875,0.8823529411764706,0.8285714285714286,1.0,0.7333333333333333,0.8529411764705882,0.30139216780662537,51,12,13,16,9,49,18,16,17,35,15,15,34
825,0.45454545454545453,0.3333333333333333,0.125,0.36363636363636365,0.16666666666666666,0.46875,0.6,0.25,0.5454545454545454,0.391304347826087,0.6,0.5,0.42857142857142855,1.3382843732833862,33,12,8,11,6,32,10,12,11,23,10,6,14,0.9215686274509803,1.0,0.9230769230769231,0.9375,1.0,0.9183673469387755,0.9444444444444444,0.9375,0.8823529411764706,0.9142857142857143,0.9333333333333333,0.7333333333333333,0.9117647058823529,0.2787393033504486,51,12,13,16,9,49,18,16,17,35,15,15,34
826,0.45454545454545453,0.3333333333333333,0.125,0.36363636363636365,0.16666666666666666,0.46875,0.6,0.25,0.5454545454545454,0.391304347826087,0.6,0.5,0.42857142857142855,1.337278962135315,33,12,8,11,6,32,10,12,11,23,10,6,14,0.9411764705882353,0.9166666666666666,0.9230769230769231,0.875,0.8888888888888888,0.9387755102040817,0.8888888888888888,1.0,0.9411764705882353,0.9142857142857143,1.0,0.8666666666666667,0.9705882352941176,0.2381996512413025,51,12,13,16,9,49,18,16,17,35,15,15,34
827,0.45454545454545453,0.3333333333333333,0.125,0.36363636363636365,0.16666666666666666,0.46875,0.6,0.25,0.5454545454545454,0.391304347826087,0.6,0.5,0.42857142857142855,1.3237115144729614,33,12,8,11,6,32,10,12,11,23,10,6,14,0.8823529411764706,1.0,0.8461538461538461,0.875,0.8888888888888888,0.8775510204081632,0.9444444444444444,0.75,0.9411764705882353,0.8857142857142857,0.8666666666666667,0.8,0.8823529411764706,0.3327372074127197,51,12,13,16,9,49,18,16,17,35,15,15,34
828,0.45454545454545453,0.4166666666666667,0.125,0.36363636363636365,0.3333333333333333,0.46875,0.7,0.25,0.45454545454545453,0.43478260869565216,0.5,0.5,0.5,1.2977594137191772,33,12,8,11,6,32,10,12,11,23,10,6,14,0.8627450980392157,0.75,0.9230769230769231,0.875,0.8888888888888888,0.8775510204081632,0.8333333333333334,0.75,1.0,0.8285714285714286,0.9333333333333333,0.8,0.8235294117647058,0.29878172278404236,51,12,13,16,9,49,18,16,17,35,15,15,34
829,0.45454545454545453,0.4166666666666667,0.125,0.36363636363636365,0.3333333333333333,0.46875,0.7,0.25,0.45454545454545453,0.43478260869565216,0.5,0.5,0.5,1.2949367761611938,33,12,8,11,6,32,10,12,11,23,10,6,14,0.9215686274509803,0.9166666666666666,0.8461538461538461,0.875,0.7777777777777778,0.9183673469387755,0.9444444444444444,1.0,0.8235294117647058,0.8857142857142857,1.0,0.8666666666666667,0.9411764705882353,0.23148544132709503,51,12,13,16,9,49,18,16,17,35,15,15,34
830,0.45454545454545453,0.4166666666666667,0.125,0.36363636363636365,0.3333333333333333,0.46875,0.7,0.25,0.45454545454545453,0.43478260869565216,0.5,0.5,0.5,1.3001002073287964,33,12,8,11,6,32,10,12,11,23,10,6,14,0.9019607843137255,0.9166666666666666,0.9230769230769231,0.9375,0.8888888888888888,0.8979591836734694,0.8333333333333334,0.875,1.0,0.8571428571428571,1.0,0.8666666666666667,0.8529411764705882,0.30679839849472046,51,12,13,16,9,49,18,16,17,35,15,15,34
831,0.42424242424242425,0.3333333333333333,0.125,0.36363636363636365,0.16666666666666666,0.4375,0.6,0.25,0.45454545454545453,0.391304347826087,0.5,0.5,0.42857142857142855,1.3141533136367798,33,12,8,11,6,32,10,12,11,23,10,6,14,0.9411764705882353,1.0,0.9230769230769231,0.9375,1.0,0.9387755102040817,1.0,0.9375,0.8823529411764706,0.9428571428571428,0.9333333333333333,0.8,0.9411764705882353,0.21222259104251862,51,12,13,16,9,49,18,16,17,35,15,15,34
832,0.45454545454545453,0.3333333333333333,0.125,0.36363636363636365,0.16666666666666666,0.46875,0.6,0.25,0.5454545454545454,0.391304347826087,0.6,0.5,0.42857142857142855,1.3272287845611572,33,12,8,11,6,32,10,12,11,23,10,6,14,0.9019607843137255,0.8333333333333334,0.8461538461538461,0.75,0.7777777777777778,0.8979591836734694,0.8888888888888888,0.875,0.9411764705882353,0.8571428571428571,1.0,0.8666666666666667,0.8529411764705882,0.24565841257572174,51,12,13,16,9,49,18,16,17,35,15,15,34
833,0.45454545454545453,0.3333333333333333,0.125,0.36363636363636365,0.16666666666666666,0.46875,0.6,0.25,0.5454545454545454,0.391304347826087,0.6,0.5,0.42857142857142855,1.3306844234466553,33,12,8,11,6,32,10,12,11,23,10,6,14,0.8431372549019608,0.8333333333333334,0.9230769230769231,0.9375,0.7777777777777778,0.8367346938775511,0.8333333333333334,0.75,0.9411764705882353,0.8,0.9333333333333333,0.7333333333333333,0.7941176470588235,0.33301839232444763,51,12,13,16,9,49,18,16,17,35,15,15,34
834,0.45454545454545453,0.3333333333333333,0.125,0.36363636363636365,0.16666666666666666,0.46875,0.6,0.25,0.5454545454545454,0.391304347826087,0.6,0.5,0.42857142857142855,1.3385194540023804,33,12,8,11,6,32,10,12,11,23,10,6,14,0.9607843137254902,1.0,1.0,1.0,1.0,0.9591836734693877,1.0,0.9375,0.9411764705882353,0.9714285714285714,0.9333333333333333,0.9333333333333333,0.9705882352941176,0.23195797204971313,51,12,13,16,9,49,18,16,17,35,15,15,34
835,0.45454545454545453,0.3333333333333333,0.125,0.36363636363636365,0.16666666666666666,0.46875,0.6,0.25,0.5454545454545454,0.391304347826087,0.6,0.5,0.42857142857142855,1.3364824056625366,33,12,8,11,6,32,10,12,11,23,10,6,14,0.8235294117647058,0.6666666666666666,0.7692307692307693,0.75,0.5555555555555556,0.8367346938775511,0.7222222222222222,0.875,0.8823529411764706,0.7714285714285715,0.9333333333333333,0.8666666666666667,0.8235294117647058,0.40171462297439575,51,12,13,16,9,49,18,16,17,35,15,15,34
836,0.45454545454545453,0.3333333333333333,0.125,0.36363636363636365,0.16666666666666666,0.46875,0.6,0.25,0.5454545454545454,0.391304347826087,0.6,0.5,0.42857142857142855,1.330773115158081,33,12,8,11,6,32,10,12,11,23,10,6,14,0.8627450980392157,0.9166666666666666,0.9230769230769231,0.875,0.8888888888888888,0.8571428571428571,0.8333333333333334,0.8125,0.9411764705882353,0.8285714285714286,0.9333333333333333,0.6666666666666666,0.8235294117647058,0.30280235409736633,51,12,13,16,9,49,18,16,17,35,15,15,34
837,0.45454545454545453,0.3333333333333333,0.125,0.36363636363636365,0.16666666666666666,0.46875,0.6,0.25,0.5454545454545454,0.391304347826087,0.6,0.5,0.42857142857142855,1.335433006286621,33,12,8,11,6,32,10,12,11,23,10,6,14,0.9019607843137255,0.9166666666666666,0.9230769230769231,0.875,0.8888888888888888,0.8979591836734694,0.8888888888888888,1.0,0.8235294117647058,0.8857142857142857,0.9333333333333333,0.8666666666666667,0.8823529411764706,0.24161382019519806,51,12,13,16,9,49,18,16,17,35,15,15,34
838,0.45454545454545453,0.3333333333333333,0.125,0.36363636363636365,0.16666666666666666,0.46875,0.6,0.25,0.5454545454545454,0.391304347826087,0.6,0.5,0.42857142857142855,1.3396313190460205,33,12,8,11,6,32,10,12,11,23,10,6,14,0.9607843137254902,1.0,1.0,1.0,0.8888888888888888,0.9591836734693877,0.8888888888888888,1.0,1.0,0.9428571428571428,1.0,1.0,0.9411764705882353,0.23182456195354462,51,12,13,16,9,49,18,16,17,35,15,15,34
839,0.45454545454545453,0.3333333333333333,0.125,0.36363636363636365,0.16666666666666666,0.46875,0.6,0.25,0.5454545454545454,0.391304347826087,0.6,0.5,0.42857142857142855,1.3228843212127686,33,12,8,11,6,32,10,12,11,23,10,6,14,0.8823529411764706,0.9166666666666666,0.8461538461538461,0.875,0.8888888888888888,0.8979591836734694,0.8888888888888888,0.75,1.0,0.8285714285714286,1.0,0.8666666666666667,0.8529411764705882,0.3068488836288452,51,12,13,16,9,49,18,16,17,35,15,15,34
840,0.42424242424242425,0.3333333333333333,0.125,0.36363636363636365,0.16666666666666666,0.4375,0.6,0.25,0.45454545454545453,0.391304347826087,0.5,0.5,0.42857142857142855,1.315001368522644,33,12,8,11,6,32,10,12,11,23,10,6,14,0.9215686274509803,0.9166666666666666,0.9230769230769231,0.9375,0.8888888888888888,0.9183673469387755,0.8888888888888888,0.9375,0.9411764705882353,0.9142857142857143,0.9333333333333333,0.8666666666666667,0.9117647058823529,0.25004395842552185,51,12,13,16,9,49,18,16,17,35,15,15,34
841,0.42424242424242425,0.3333333333333333,0.125,0.36363636363636365,0.16666666666666666,0.4375,0.6,0.25,0.45454545454545453,0.391304347826087,0.5,0.5,0.42857142857142855,1.313770055770874,33,12,8,11,6,32,10,12,11,23,10,6,14,0.8627450980392157,0.8333333333333334,0.8461538461538461,0.9375,0.8888888888888888,0.8571428571428571,0.8333333333333334,0.8125,0.9411764705882353,0.8857142857142857,0.8,0.8666666666666667,0.8529411764705882,0.30962347984313965,51,12,13,16,9,49,18,16,17,35,15,15,34
842,0.45454545454545453,0.3333333333333333,0.125,0.36363636363636365,0.16666666666666666,0.46875,0.6,0.25,0.5454545454545454,0.391304347826087,0.6,0.5,0.42857142857142855,1.3229637145996094,33,12,8,11,6,32,10,12,11,23,10,6,14,0.9019607843137255,1.0,1.0,1.0,1.0,0.8979591836734694,0.8888888888888888,0.9375,0.8823529411764706,0.8857142857142857,0.9333333333333333,0.8,0.8823529411764706,0.2836456894874573,51,12,13,16,9,49,18,16,17,35,15,15,34
843,0.45454545454545453,0.3333333333333333,0.125,0.36363636363636365,0.16666666666666666,0.46875,0.6,0.25,0.5454545454545454,0.391304347826087,0.6,0.5,0.42857142857142855,1.3279176950454712,33,12,8,11,6,32,10,12,11,23,10,6,14,0.9411764705882353,0.9166666666666666,0.9230769230769231,0.9375,0.8888888888888888,0.9387755102040817,0.9444444444444444,0.9375,0.9411764705882353,0.9142857142857143,1.0,0.8666666666666667,0.9411764705882353,0.22480325400829315,51,12,13,16,9,49,18,16,17,35,15,15,34
844,0.45454545454545453,0.3333333333333333,0.125,0.36363636363636365,0.16666666666666666,0.46875,0.6,0.25,0.5454545454545454,0.391304347826087,0.6,0.5,0.42857142857142855,1.3500666618347168,33,12,8,11,6,32,10,12,11,23,10,6,14,0.8823529411764706,0.75,0.8461538461538461,0.75,0.7777777777777778,0.8775510204081632,0.8888888888888888,0.9375,0.8235294117647058,0.8571428571428571,0.9333333333333333,0.8,0.9117647058823529,0.2793525159358978,51,12,13,16,9,49,18,16,17,35,15,15,34
845,0.45454545454545453,0.3333333333333333,0.125,0.36363636363636365,0.16666666666666666,0.46875,0.6,0.25,0.5454545454545454,0.391304347826087,0.6,0.5,0.42857142857142855,1.3523539304733276,33,12,8,11,6,32,10,12,11,23,10,6,14,0.9019607843137255,0.9166666666666666,0.9230769230769231,0.875,0.8888888888888888,0.8979591836734694,0.8888888888888888,0.875,0.9411764705882353,0.8571428571428571,1.0,0.8,0.8529411764705882,0.2879500389099121,51,12,13,16,9,49,18,16,17,35,15,15,34
846,0.45454545454545453,0.3333333333333333,0.125,0.36363636363636365,0.16666666666666666,0.46875,0.6,0.25,0.5454545454545454,0.391304347826087,0.6,0.5,0.42857142857142855,1.356757640838623,33,12,8,11,6,32,10,12,11,23,10,6,14,0.9215686274509803,0.9166666666666666,1.0,0.9375,0.8888888888888888,0.9183673469387755,0.9444444444444444,0.875,0.9411764705882353,0.8857142857142857,1.0,0.8,0.8823529411764706,0.23187880218029022,51,12,13,16,9,49,18,16,17,35,15,15,34
847,0.45454545454545453,0.3333333333333333,0.125,0.36363636363636365,0.16666666666666666,0.46875,0.6,0.25,0.5454545454545454,0.391304347826087,0.6,0.5,0.42857142857142855,1.3531813621520996,33,12,8,11,6,32,10,12,11,23,10,6,14,0.9019607843137255,1.0,0.8461538461538461,0.875,1.0,0.8979591836734694,0.9444444444444444,0.8125,0.9411764705882353,0.8857142857142857,0.9333333333333333,0.8,0.8823529411764706,0.2662335932254791,51,12,13,16,9,49,18,16,17,35,15,15,34
848,0.45454545454545453,0.3333333333333333,0.125,0.36363636363636365,0.16666666666666666,0.46875,0.6,0.25,0.5454545454545454,0.391304347826087,0.6,0.5,0.42857142857142855,1.3324940204620361,33,12,8,11,6,32,10,12,11,23,10,6,14,0.9607843137254902,1.0,0.9230769230769231,0.9375,1.0,0.9591836734693877,0.9444444444444444,0.9375,1.0,0.9428571428571428,1.0,0.9333333333333333,0.9411764705882353,0.2598423957824707,51,12,13,16,9,49,18,16,17,35,15,15,34
849,0.45454545454545453,0.3333333333333333,0.125,0.36363636363636365,0.16666666666666666,0.46875,0.6,0.25,0.5454545454545454,0.391304347826087,0.6,0.5,0.42857142857142855,1.3112412691116333,33,12,8,11,6,32,10,12,11,23,10,6,14,0.9215686274509803,0.9166666666666666,1.0,0.9375,1.0,0.9183673469387755,0.8333333333333334,0.9375,1.0,0.9142857142857143,0.9333333333333333,0.9333333333333333,0.9117647058823529,0.29368093609809875,51,12,13,16,9,49,18,16,17,35,15,15,34
850,0.42424242424242425,0.3333333333333333,0.125,0.36363636363636365,0.16666666666666666,0.4375,0.6,0.25,0.45454545454545453,0.391304347826087,0.5,0.5,0.42857142857142855,1.2982425689697266,33,12,8,11,6,32,10,12,11,23,10,6,14,0.9019607843137255,0.9166666666666666,0.9230769230769231,1.0,0.8888888888888888,0.8979591836734694,0.8888888888888888,0.8125,1.0,0.8571428571428571,1.0,0.8666666666666667,0.8529411764705882,0.27928707003593445,51,12,13,16,9,49,18,16,17,35,15,15,34
851,0.42424242424242425,0.3333333333333333,0.125,0.36363636363636365,0.16666666666666666,0.4375,0.6,0.25,0.45454545454545453,0.391304347826087,0.5,0.5,0.42857142857142855,1.3001890182495117,33,12,8,11,6,32,10,12,11,23,10,6,14,0.8627450980392157,0.75,0.9230769230769231,0.875,0.7777777777777778,0.8571428571428571,0.8333333333333334,0.9375,0.8235294117647058,0.8,1.0,0.8666666666666667,0.7941176470588235,0.3102666437625885,51,12,13,16,9,49,18,16,17,35,15,15,34
852,0.45454545454545453,0.3333333333333333,0.125,0.36363636363636365,0.16666666666666666,0.46875,0.6,0.25,0.5454545454545454,0.391304347826087,0.6,0.5,0.42857142857142855,1.315405011177063,33,12,8,11,6,32,10,12,11,23,10,6,14,0.9607843137254902,0.9166666666666666,0.9230769230769231,0.9375,0.8888888888888888,0.9591836734693877,0.9444444444444444,1.0,0.9411764705882353,0.9428571428571428,1.0,1.0,0.9705882352941176,0.2523114085197449,51,12,13,16,9,49,18,16,17,35,15,15,34
853,0.45454545454545453,0.3333333333333333,0.125,0.36363636363636365,0.16666666666666666,0.46875,0.6,0.25,0.5454545454545454,0.391304347826087,0.6,0.5,0.42857142857142855,1.330836534500122,33,12,8,11,6,32,10,12,11,23,10,6,14,0.9607843137254902,0.8333333333333334,1.0,1.0,0.8888888888888888,0.9591836734693877,0.9444444444444444,1.0,0.9411764705882353,0.9714285714285714,0.9333333333333333,1.0,0.9705882352941176,0.1962186098098755,51,12,13,16,9,49,18,16,17,35,15,15,34
854,0.45454545454545453,0.3333333333333333,0.125,0.36363636363636365,0.16666666666666666,0.46875,0.6,0.25,0.5454545454545454,0.391304347826087,0.6,0.5,0.42857142857142855,1.3509637117385864,33,12,8,11,6,32,10,12,11,23,10,6,14,0.9411764705882353,0.9166666666666666,0.9230769230769231,0.875,0.8888888888888888,0.9387755102040817,0.9444444444444444,0.9375,0.9411764705882353,0.9142857142857143,1.0,0.8666666666666667,0.9117647058823529,0.2506099343299866,51,12,13,16,9,49,18,16,17,35,15,15,34
855,0.45454545454545453,0.3333333333333333,0.125,0.36363636363636365,0.16666666666666666,0.46875,0.6,0.25,0.5454545454545454,0.391304347826087,0.6,0.5,0.42857142857142855,1.3680399656295776,33,12,8,11,6,32,10,12,11,23,10,6,14,0.9019607843137255,0.8333333333333334,0.9230769230769231,0.875,0.8888888888888888,0.8979591836734694,0.8333333333333334,0.9375,0.9411764705882353,0.9142857142857143,0.8666666666666667,0.8666666666666667,0.9117647058823529,0.2725600600242615,51,12,13,16,9,49,18,16,17,35,15,15,34
856,0.45454545454545453,0.3333333333333333,0.125,0.36363636363636365,0.16666666666666666,0.46875,0.6,0.25,0.5454545454545454,0.391304347826087,0.6,0.5,0.42857142857142855,1.3706836700439453,33,12,8,11,6,32,10,12,11,23,10,6,14,0.8627450980392157,0.8333333333333334,0.9230769230769231,0.9375,0.7777777777777778,0.8571428571428571,0.8333333333333334,0.875,0.8823529411764706,0.8285714285714286,0.9333333333333333,0.7333333333333333,0.8823529411764706,0.3550715744495392,51,12,13,16,9,49,18,16,17,35,15,15,34
857,0.42424242424242425,0.3333333333333333,0.125,0.36363636363636365,0.16666666666666666,0.4375,0.5,0.25,0.5454545454545454,0.391304347826087,0.5,0.5,0.35714285714285715,1.372680425643921,33,12,8,11,6,32,10,12,11,23,10,6,14,0.9607843137254902,0.8333333333333334,1.0,0.9375,1.0,0.9591836734693877,0.9444444444444444,1.0,0.9411764705882353,0.9428571428571428,1.0,1.0,0.9705882352941176,0.2232883721590042,51,12,13,16,9,49,18,16,17,35,15,15,34
858,0.45454545454545453,0.3333333333333333,0.125,0.36363636363636365,0.16666666666666666,0.46875,0.6,0.25,0.5454545454545454,0.391304347826087,0.6,0.5,0.42857142857142855,1.3521778583526611,33,12,8,11,6,32,10,12,11,23,10,6,14,0.9607843137254902,0.9166666666666666,0.9230769230769231,0.875,0.8888888888888888,0.9591836734693877,0.9444444444444444,0.9375,1.0,0.9428571428571428,1.0,0.9333333333333333,0.9411764705882353,0.20379093289375305,51,12,13,16,9,49,18,16,17,35,15,15,34
859,0.45454545454545453,0.3333333333333333,0.125,0.36363636363636365,0.16666666666666666,0.46875,0.6,0.25,0.5454545454545454,0.391304347826087,0.6,0.5,0.42857142857142855,1.3216241598129272,33,12,8,11,6,32,10,12,11,23,10,6,14,0.8823529411764706,0.8333333333333334,0.9230769230769231,0.875,0.7777777777777778,0.8775510204081632,0.8333333333333334,0.875,0.9411764705882353,0.8571428571428571,0.9333333333333333,0.8,0.8529411764705882,0.29402950406074524,51,12,13,16,9,49,18,16,17,35,15,15,34
860,0.45454545454545453,0.4166666666666667,0.125,0.36363636363636365,0.3333333333333333,0.46875,0.7,0.25,0.45454545454545453,0.43478260869565216,0.5,0.5,0.5,1.2894878387451172,33,12,8,11,6,32,10,12,11,23,10,6,14,0.8823529411764706,0.8333333333333334,0.7692307692307693,0.8125,0.8888888888888888,0.8775510204081632,0.8888888888888888,0.875,0.8823529411764706,0.8857142857142857,0.8666666666666667,0.9333333333333333,0.8823529411764706,0.3030444383621216,51,12,13,16,9,49,18,16,17,35,15,15,34
861,0.48484848484848486,0.4166666666666667,0.125,0.36363636363636365,0.3333333333333333,0.5,0.7,0.3333333333333333,0.45454545454545453,0.43478260869565216,0.6,0.5,0.5,1.271431803703308,33,12,8,11,6,32,10,12,11,23,10,6,14,0.8823529411764706,0.8333333333333334,0.9230769230769231,0.8125,0.8888888888888888,0.8775510204081632,0.8333333333333334,0.875,0.9411764705882353,0.8285714285714286,1.0,0.8,0.8529411764705882,0.23269960284233093,51,12,13,16,9,49,18,16,17,35,15,15,34
862,0.48484848484848486,0.4166666666666667,0.125,0.36363636363636365,0.3333333333333333,0.5,0.7,0.3333333333333333,0.45454545454545453,0.43478260869565216,0.6,0.5,0.5,1.2772692441940308,33,12,8,11,6,32,10,12,11,23,10,6,14,0.9019607843137255,0.9166666666666666,1.0,0.9375,1.0,0.8979591836734694,0.7777777777777778,1.0,0.9411764705882353,0.8857142857142857,0.9333333333333333,0.9333333333333333,0.9117647058823529,0.31338241696357727,51,12,13,16,9,49,18,16,17,35,15,15,34
863,0.45454545454545453,0.4166666666666667,0.125,0.36363636363636365,0.3333333333333333,0.46875,0.7,0.25,0.45454545454545453,0.43478260869565216,0.5,0.5,0.5,1.2872850894927979,33,12,8,11,6,32,10,12,11,23,10,6,14,0.8627450980392157,0.9166666666666666,0.8461538461538461,0.875,0.8888888888888888,0.8571428571428571,0.8888888888888888,0.875,0.8235294117647058,0.8857142857142857,0.8,0.6666666666666666,0.8823529411764706,0.35668855905532837,51,12,13,16,9,49,18,16,17,35,15,15,34
864,0.45454545454545453,0.3333333333333333,0.125,0.36363636363636365,0.16666666666666666,0.46875,0.6,0.25,0.5454545454545454,0.391304347826087,0.6,0.5,0.42857142857142855,1.309324026107788,33,12,8,11,6,32,10,12,11,23,10,6,14,0.9803921568627451,0.9166666666666666,1.0,0.9375,0.8888888888888888,0.9795918367346939,0.9444444444444444,1.0,1.0,0.9714285714285714,1.0,1.0,0.9705882352941176,0.20439156889915466,51,12,13,16,9,49,18,16,17,35,15,15,34
865,0.45454545454545453,0.3333333333333333,0.125,0.36363636363636365,0.16666666666666666,0.46875,0.6,0.25,0.5454545454545454,0.391304347826087,0.6,0.5,0.42857142857142855,1.316768765449524,33,12,8,11,6,32,10,12,11,23,10,6,14,0.9215686274509803,1.0,0.9230769230769231,0.9375,1.0,0.9183673469387755,1.0,0.8125,0.9411764705882353,0.8857142857142857,1.0,0.8,0.8823529411764706,0.3477634787559509,51,12,13,16,9,49,18,16,17,35,15,15,34
866,0.45454545454545453,0.3333333333333333,0.125,0.36363636363636365,0.16666666666666666,0.46875,0.6,0.25,0.5454545454545454,0.391304347826087,0.6,0.5,0.42857142857142855,1.3260473012924194,33,12,8,11,6,32,10,12,11,23,10,6,14,0.8823529411764706,0.9166666666666666,0.7692307692307693,0.8125,0.8888888888888888,0.8775510204081632,0.9444444444444444,0.8125,0.8823529411764706,0.8285714285714286,1.0,0.8,0.8235294117647058,0.2925181984901428,51,12,13,16,9,49,18,16,17,35,15,15,34
867,0.45454545454545453,0.3333333333333333,0.125,0.36363636363636365,0.16666666666666666,0.46875,0.6,0.25,0.5454545454545454,0.391304347826087,0.6,0.5,0.42857142857142855,1.3394523859024048,33,12,8,11,6,32,10,12,11,23,10,6,14,0.9215686274509803,0.9166666666666666,0.9230769230769231,0.875,0.8888888888888888,0.9183673469387755,0.9444444444444444,0.9375,0.8823529411764706,0.9428571428571428,0.8666666666666667,0.8666666666666667,0.9411764705882353,0.2777165472507477,51,12,13,16,9,49,18,16,17,35,15,15,34
868,0.45454545454545453,0.3333333333333333,0.125,0.36363636363636365,0.16666666666666666,0.46875,0.6,0.25,0.5454545454545454,0.391304347826087,0.6,0.5,0.42857142857142855,1.3627513647079468,33,12,8,11,6,32,10,12,11,23,10,6,14,0.8823529411764706,0.8333333333333334,1.0,0.875,0.8888888888888888,0.8775510204081632,0.8333333333333334,0.9375,0.8823529411764706,0.8571428571428571,0.9333333333333333,0.8,0.8823529411764706,0.3207719922065735,51,12,13,16,9,49,18,16,17,35,15,15,34
869,0.42424242424242425,0.3333333333333333,0.125,0.36363636363636365,0.16666666666666666,0.4375,0.5,0.25,0.5454545454545454,0.391304347826087,0.5,0.5,0.35714285714285715,1.3842077255249023,33,12,8,11,6,32,10,12,11,23,10,6,14,0.9215686274509803,0.8333333333333334,0.9230769230769231,0.875,0.7777777777777778,0.9183673469387755,0.8888888888888888,0.9375,0.9411764705882353,0.9142857142857143,0.9333333333333333,0.9333333333333333,0.9117647058823529,0.22189457714557648,51,12,13,16,9,49,18,16,17,35,15,15,34
870,0.42424242424242425,0.3333333333333333,0.125,0.36363636363636365,0.16666666666666666,0.4375,0.5,0.25,0.5454545454545454,0.391304347826087,0.5,0.5,0.35714285714285715,1.369220495223999,33,12,8,11,6,32,10,12,11,23,10,6,14,0.9019607843137255,0.9166666666666666,0.7692307692307693,0.875,0.8888888888888888,0.8979591836734694,0.9444444444444444,0.8125,0.9411764705882353,0.8857142857142857,0.9333333333333333,0.8666666666666667,0.9117647058823529,0.30251097679138184,51,12,13,16,9,49,18,16,17,35,15,15,34
871,0.45454545454545453,0.3333333333333333,0.125,0.36363636363636365,0.16666666666666666,0.46875,0.6,0.25,0.5454545454545454,0.391304347826087,0.6,0.5,0.42857142857142855,1.3517128229141235,33,12,8,11,6,32,10,12,11,23,10,6,14,0.9607843137254902,1.0,1.0,1.0,0.8888888888888888,0.9591836734693877,0.8888888888888888,1.0,1.0,0.9428571428571428,1.0,1.0,0.9411764705882353,0.20465056598186493,51,12,13,16,9,49,18,16,17,35,15,15,34
872,0.45454545454545453,0.3333333333333333,0.125,0.36363636363636365,0.16666666666666666,0.46875,0.6,0.25,0.5454545454545454,0.391304347826087,0.6,0.5,0.42857142857142855,1.3341915607452393,33,12,8,11,6,32,10,12,11,23,10,6,14,0.9019607843137255,0.8333333333333334,0.8461538461538461,0.8125,0.7777777777777778,0.8979591836734694,0.8888888888888888,0.875,0.9411764705882353,0.8571428571428571,1.0,0.8666666666666667,0.8529411764705882,0.2579284608364105,51,12,13,16,9,49,18,16,17,35,15,15,34
873,0.42424242424242425,0.3333333333333333,0.125,0.36363636363636365,0.16666666666666666,0.4375,0.6,0.25,0.45454545454545453,0.391304347826087,0.5,0.5,0.42857142857142855,1.30092453956604,33,12,8,11,6,32,10,12,11,23,10,6,14,0.8627450980392157,0.8333333333333334,0.9230769230769231,0.8125,0.8888888888888888,0.8571428571428571,0.8333333333333334,0.875,0.8823529411764706,0.8285714285714286,0.9333333333333333,0.8,0.8823529411764706,0.3967074155807495,51,12,13,16,9,49,18,16,17,35,15,15,34
874,0.48484848484848486,0.4166666666666667,0.125,0.36363636363636365,0.3333333333333333,0.5,0.7,0.3333333333333333,0.45454545454545453,0.43478260869565216,0.6,0.5,0.5,1.2779066562652588,33,12,8,11,6,32,10,12,11,23,10,6,14,0.9019607843137255,0.9166666666666666,0.8461538461538461,0.875,0.8888888888888888,0.8979591836734694,0.9444444444444444,0.9375,0.8235294117647058,0.9142857142857143,0.8666666666666667,0.8,0.9411764705882353,0.30176597833633423,51,12,13,16,9,49,18,16,17,35,15,15,34
875,0.48484848484848486,0.4166666666666667,0.125,0.36363636363636365,0.3333333333333333,0.5,0.7,0.3333333333333333,0.45454545454545453,0.43478260869565216,0.6,0.5,0.5,1.2778044939041138,33,12,8,11,6,32,10,12,11,23,10,6,14,0.8823529411764706,0.75,0.7692307692307693,0.8125,0.7777777777777778,0.8775510204081632,0.8888888888888888,0.9375,0.8235294117647058,0.8571428571428571,0.9333333333333333,0.9333333333333333,0.8823529411764706,0.29967430233955383,51,12,13,16,9,49,18,16,17,35,15,15,34
876,0.45454545454545453,0.3333333333333333,0.125,0.36363636363636365,0.16666666666666666,0.46875,0.6,0.3333333333333333,0.45454545454545453,0.391304347826087,0.6,0.5,0.42857142857142855,1.287111520767212,33,12,8,11,6,32,10,12,11,23,10,6,14,0.9607843137254902,0.9166666666666666,0.9230769230769231,0.9375,0.8888888888888888,0.9591836734693877,1.0,0.9375,0.9411764705882353,0.9428571428571428,1.0,0.9333333333333333,0.9705882352941176,0.2384268194437027,51,12,13,16,9,49,18,16,17,35,15,15,34
877,0.45454545454545453,0.3333333333333333,0.125,0.36363636363636365,0.16666666666666666,0.46875,0.6,0.25,0.5454545454545454,0.391304347826087,0.6,0.5,0.42857142857142855,1.3204623460769653,33,12,8,11,6,32,10,12,11,23,10,6,14,0.9215686274509803,0.9166666666666666,1.0,0.9375,0.7777777777777778,0.9183673469387755,0.8888888888888888,0.9375,0.9411764705882353,0.8857142857142857,1.0,0.8666666666666667,0.8823529411764706,0.2705710828304291,51,12,13,16,9,49,18,16,17,35,15,15,34
878,0.45454545454545453,0.3333333333333333,0.125,0.36363636363636365,0.16666666666666666,0.46875,0.6,0.25,0.5454545454545454,0.391304347826087,0.6,0.5,0.42857142857142855,1.3541927337646484,33,12,8,11,6,32,10,12,11,23,10,6,14,0.8627450980392157,0.9166666666666666,0.8461538461538461,0.875,0.7777777777777778,0.8571428571428571,0.9444444444444444,0.75,0.8823529411764706,0.8571428571428571,0.8666666666666667,0.7333333333333333,0.8529411764705882,0.3188607394695282,51,12,13,16,9,49,18,16,17,35,15,15,34
879,0.42424242424242425,0.3333333333333333,0.125,0.36363636363636365,0.16666666666666666,0.4375,0.5,0.25,0.5454545454545454,0.391304347826087,0.5,0.5,0.35714285714285715,1.374342918395996,33,12,8,11,6,32,10,12,11,23,10,6,14,0.8627450980392157,1.0,0.7692307692307693,0.8125,0.7777777777777778,0.8571428571428571,0.7222222222222222,0.9375,0.9411764705882353,0.8,1.0,0.8,0.8529411764705882,0.285317599773407,51,12,13,16,9,49,18,16,17,35,15,15,34
880,0.45454545454545453,0.3333333333333333,0.125,0.36363636363636365,0.16666666666666666,0.46875,0.6,0.25,0.5454545454545454,0.391304347826087,0.6,0.5,0.42857142857142855,1.358054280281067,33,12,8,11,6,32,10,12,11,23,10,6,14,0.8823529411764706,0.8333333333333334,0.9230769230769231,0.9375,0.8888888888888888,0.8775510204081632,0.7777777777777778,0.875,1.0,0.8571428571428571,0.9333333333333333,0.8666666666666667,0.8823529411764706,0.311659574508667,51,12,13,16,9,49,18,16,17,35,15,15,34
881,0.45454545454545453,0.3333333333333333,0.125,0.36363636363636365,0.16666666666666666,0.46875,0.6,0.25,0.5454545454545454,0.391304347826087,0.6,0.5,0.42857142857142855,1.3356671333312988,33,12,8,11,6,32,10,12,11,23,10,6,14,0.8823529411764706,1.0,0.8461538461538461,0.875,1.0,0.8775510204081632,0.8888888888888888,0.8125,0.9411764705882353,0.8285714285714286,1.0,0.8,0.8529411764705882,0.2875741422176361,51,12,13,16,9,49,18,16,17,35,15,15,34
882,0.45454545454545453,0.3333333333333333,0.125,0.36363636363636365,0.16666666666666666,0.46875,0.6,0.25,0.5454545454545454,0.391304347826087,0.6,0.5,0.42857142857142855,1.3085074424743652,33,12,8,11,6,32,10,12,11,23,10,6,14,0.9215686274509803,0.9166666666666666,0.9230769230769231,0.9375,1.0,0.9183673469387755,0.8333333333333334,0.9375,1.0,0.9142857142857143,0.9333333333333333,1.0,0.9411764705882353,0.2471931129693985,51,12,13,16,9,49,18,16,17,35,15,15,34
883,0.48484848484848486,0.3333333333333333,0.125,0.36363636363636365,0.16666666666666666,0.5,0.6,0.3333333333333333,0.5454545454545454,0.391304347826087,0.7,0.5,0.42857142857142855,1.2846957445144653,33,12,8,11,6,32,10,12,11,23,10,6,14,0.9215686274509803,0.9166666666666666,0.9230769230769231,0.9375,1.0,0.9183673469387755,0.8888888888888888,0.875,1.0,0.9428571428571428,0.8666666666666667,0.9333333333333333,0.9117647058823529,0.31497591733932495,51,12,13,16,9,49,18,16,17,35,15,15,34
884,0.48484848484848486,0.3333333333333333,0.125,0.36363636363636365,0.16666666666666666,0.5,0.6,0.3333333333333333,0.5454545454545454,0.391304347826087,0.7,0.5,0.42857142857142855,1.2774007320404053,33,12,8,11,6,32,10,12,11,23,10,6,14,0.9411764705882353,0.9166666666666666,0.9230769230769231,0.9375,0.8888888888888888,0.9387755102040817,0.9444444444444444,1.0,0.8823529411764706,0.9142857142857143,1.0,1.0,0.9411764705882353,0.22026324272155762,51,12,13,16,9,49,18,16,17,35,15,15,34
885,0.48484848484848486,0.3333333333333333,0.125,0.36363636363636365,0.16666666666666666,0.5,0.6,0.3333333333333333,0.5454545454545454,0.391304347826087,0.7,0.5,0.42857142857142855,1.2824965715408325,33,12,8,11,6,32,10,12,11,23,10,6,14,0.8431372549019608,0.8333333333333334,0.8461538461538461,0.8125,0.8888888888888888,0.8367346938775511,0.8333333333333334,0.9375,0.7647058823529411,0.8,0.9333333333333333,0.7333333333333333,0.8529411764705882,0.4602929949760437,51,12,13,16,9,49,18,16,17,35,15,15,34
886,0.45454545454545453,0.3333333333333333,0.125,0.36363636363636365,0.16666666666666666,0.46875,0.6,0.25,0.5454545454545454,0.391304347826087,0.6,0.5,0.42857142857142855,1.3065508604049683,33,12,8,11,6,32,10,12,11,23,10,6,14,0.8627450980392157,0.75,1.0,0.9375,0.8888888888888888,0.8571428571428571,0.7777777777777778,0.9375,0.8823529411764706,0.8285714285714286,0.9333333333333333,0.8,0.7941176470588235,0.336966335773468,51,12,13,16,9,49,18,16,17,35,15,15,34
887,0.45454545454545453,0.3333333333333333,0.125,0.36363636363636365,0.16666666666666666,0.46875,0.6,0.25,0.5454545454545454,0.391304347826087,0.6,0.5,0.42857142857142855,1.3288376331329346,33,12,8,11,6,32,10,12,11,23,10,6,14,0.9607843137254902,0.9166666666666666,0.9230769230769231,0.875,0.8888888888888888,0.9591836734693877,0.9444444444444444,0.9375,1.0,0.9428571428571428,1.0,0.9333333333333333,0.9411764705882353,0.21085670590400696,51,12,13,16,9,49,18,16,17,35,15,15,34
888,0.45454545454545453,0.3333333333333333,0.125,0.36363636363636365,0.16666666666666666,0.46875,0.6,0.25,0.5454545454545454,0.391304347826087,0.6,0.5,0.42857142857142855,1.3405747413635254,33,12,8,11,6,32,10,12,11,23,10,6,14,0.8627450980392157,0.9166666666666666,0.9230769230769231,0.8125,1.0,0.8571428571428571,0.7777777777777778,0.875,0.9411764705882353,0.8285714285714286,0.9333333333333333,0.8,0.8235294117647058,0.2535610795021057,51,12,13,16,9,49,18,16,17,35,15,15,34
889,0.45454545454545453,0.3333333333333333,0.125,0.36363636363636365,0.16666666666666666,0.46875,0.6,0.25,0.5454545454545454,0.391304347826087,0.6,0.5,0.42857142857142855,1.3509080410003662,33,12,8,11,6,32,10,12,11,23,10,6,14,0.9411764705882353,1.0,0.8461538461538461,0.875,1.0,0.9387755102040817,1.0,0.875,0.9411764705882353,0.9142857142857143,1.0,0.8666666666666667,0.9117647058823529,0.23071415722370148,51,12,13,16,9,49,18,16,17,35,15,15,34
890,0.45454545454545453,0.3333333333333333,0.125,0.36363636363636365,0.16666666666666666,0.46875,0.6,0.25,0.5454545454545454,0.391304347826087,0.6,0.5,0.42857142857142855,1.3343963623046875,33,12,8,11,6,32,10,12,11,23,10,6,14,0.9019607843137255,0.9166666666666666,0.9230769230769231,0.9375,0.8888888888888888,0.8979591836734694,0.8888888888888888,0.8125,1.0,0.8857142857142857,0.9333333333333333,0.8666666666666667,0.8529411764705882,0.38106298446655273,51,12,13,16,9,49,18,16,17,35,15,15,34
891,0.45454545454545453,0.3333333333333333,0.125,0.36363636363636365,0.16666666666666666,0.46875,0.6,0.25,0.5454545454545454,0.391304347826087,0.6,0.5,0.42857142857142855,1.3238784074783325,33,12,8,11,6,32,10,12,11,23,10,6,14,0.8823529411764706,1.0,0.8461538461538461,0.9375,1.0,0.8775510204081632,0.9444444444444444,0.8125,0.8823529411764706,0.8571428571428571,0.9333333333333333,0.7333333333333333,0.8529411764705882,0.2923261225223541,51,12,13,16,9,49,18,16,17,35,15,15,34
892,0.45454545454545453,0.3333333333333333,0.125,0.36363636363636365,0.16666666666666666,0.46875,0.6,0.25,0.5454545454545454,0.391304347826087,0.6,0.5,0.42857142857142855,1.3072154521942139,33,12,8,11,6,32,10,12,11,23,10,6,14,0.9607843137254902,1.0,0.9230769230769231,0.9375,1.0,0.9591836734693877,1.0,0.9375,0.9411764705882353,0.9428571428571428,1.0,0.8666666666666667,0.9411764705882353,0.2488853633403778,51,12,13,16,9,49,18,16,17,35,15,15,34
893,0.45454545454545453,0.3333333333333333,0.125,0.36363636363636365,0.16666666666666666,0.46875,0.6,0.25,0.5454545454545454,0.391304347826087,0.6,0.5,0.42857142857142855,1.3062539100646973,33,12,8,11,6,32,10,12,11,23,10,6,14,0.9411764705882353,0.8333333333333334,0.9230769230769231,0.9375,0.8888888888888888,0.9387755102040817,0.8888888888888888,1.0,0.9411764705882353,0.9428571428571428,0.9333333333333333,1.0,0.9705882352941176,0.22466322779655457,51,12,13,16,9,49,18,16,17,35,15,15,34
894,0.45454545454545453,0.3333333333333333,0.125,0.36363636363636365,0.16666666666666666,0.46875,0.6,0.25,0.5454545454545454,0.391304347826087,0.6,0.5,0.42857142857142855,1.317554235458374,33,12,8,11,6,32,10,12,11,23,10,6,14,0.8627450980392157,0.8333333333333334,0.7692307692307693,0.875,0.7777777777777778,0.8571428571428571,0.8888888888888888,0.9375,0.7647058823529411,0.8,1.0,0.8666666666666667,0.8529411764705882,0.29191169142723083,51,12,13,16,9,49,18,16,17,35,15,15,34
895,0.45454545454545453,0.3333333333333333,0.125,0.36363636363636365,0.16666666666666666,0.46875,0.6,0.25,0.5454545454545454,0.391304347826087,0.6,0.5,0.42857142857142855,1.3272979259490967,33,12,8,11,6,32,10,12,11,23,10,6,14,0.8823529411764706,0.8333333333333334,0.8461538461538461,0.875,0.8888888888888888,0.8775510204081632,0.9444444444444444,0.875,0.8235294117647058,0.8571428571428571,0.9333333333333333,0.7333333333333333,0.8823529411764706,0.24210308492183685,51,12,13,16,9,49,18,16,17,35,15,15,34
896,0.45454545454545453,0.3333333333333333,0.125,0.36363636363636365,0.16666666666666666,0.46875,0.6,0.25,0.5454545454545454,0.391304347826087,0.6,0.5,0.42857142857142855,1.3478155136108398,33,12,8,11,6,32,10,12,11,23,10,6,14,0.9215686274509803,0.8333333333333334,1.0,1.0,0.7777777777777778,0.9183673469387755,0.8888888888888888,0.9375,0.9411764705882353,0.9142857142857143,0.9333333333333333,1.0,0.9117647058823529,0.2700619697570801,51,12,13,16,9,49,18,16,17,35,15,15,34
897,0.45454545454545453,0.3333333333333333,0.125,0.36363636363636365,0.16666666666666666,0.46875,0.6,0.25,0.5454545454545454,0.391304347826087,0.6,0.5,0.42857142857142855,1.3578624725341797,33,12,8,11,6,32,10,12,11,23,10,6,14,0.8823529411764706,1.0,0.8461538461538461,0.8125,1.0,0.8979591836734694,0.9444444444444444,0.8125,0.8823529411764706,0.8857142857142857,0.9333333333333333,0.8,0.8529411764705882,0.30328676104545593,51,12,13,16,9,49,18,16,17,35,15,15,34
898,0.45454545454545453,0.3333333333333333,0.125,0.36363636363636365,0.16666666666666666,0.46875,0.6,0.25,0.5454545454545454,0.391304347826087,0.6,0.5,0.42857142857142855,1.3555071353912354,33,12,8,11,6,32,10,12,11,23,10,6,14,0.9019607843137255,0.9166666666666666,0.7692307692307693,0.8125,0.7777777777777778,0.8979591836734694,0.8333333333333334,0.875,1.0,0.8857142857142857,0.9333333333333333,0.8666666666666667,0.9117647058823529,0.2968674302101135,51,12,13,16,9,49,18,16,17,35,15,15,34
899,0.45454545454545453,0.3333333333333333,0.125,0.36363636363636365,0.16666666666666666,0.46875,0.6,0.25,0.5454545454545454,0.391304347826087,0.6,0.5,0.42857142857142855,1.3556461334228516,33,12,8,11,6,32,10,12,11,23,10,6,14,0.9215686274509803,0.9166666666666666,0.7692307692307693,0.875,0.8888888888888888,0.9183673469387755,0.9444444444444444,0.9375,0.8823529411764706,0.8857142857142857,1.0,0.9333333333333333,0.9117647058823529,0.2426297664642334,51,12,13,16,9,49,18,16,17,35,15,15,34
900,0.45454545454545453,0.3333333333333333,0.125,0.36363636363636365,0.16666666666666666,0.46875,0.6,0.25,0.5454545454545454,0.391304347826087,0.6,0.5,0.42857142857142855,1.3507436513900757,33,12,8,11,6,32,10,12,11,23,10,6,14,0.8627450980392157,0.9166666666666666,0.9230769230769231,0.875,0.8888888888888888,0.8571428571428571,0.8333333333333334,0.875,0.8823529411764706,0.8,1.0,0.8,0.7941176470588235,0.3071531057357788,51,12,13,16,9,49,18,16,17,35,15,15,34
901,0.45454545454545453,0.3333333333333333,0.125,0.36363636363636365,0.16666666666666666,0.46875,0.6,0.25,0.5454545454545454,0.391304347826087,0.6,0.5,0.42857142857142855,1.3448153734207153,33,12,8,11,6,32,10,12,11,23,10,6,14,0.9607843137254902,1.0,0.9230769230769231,0.9375,1.0,0.9591836734693877,0.9444444444444444,0.9375,1.0,0.9714285714285714,0.9333333333333333,1.0,0.9705882352941176,0.17233414947986603,51,12,13,16,9,49,18,16,17,35,15,15,34
902,0.45454545454545453,0.3333333333333333,0.125,0.36363636363636365,0.16666666666666666,0.46875,0.6,0.25,0.5454545454545454,0.391304347826087,0.6,0.5,0.42857142857142855,1.34049654006958,33,12,8,11,6,32,10,12,11,23,10,6,14,0.8431372549019608,0.8333333333333334,0.7692307692307693,0.75,0.7777777777777778,0.8367346938775511,0.7777777777777778,0.8125,0.9411764705882353,0.7714285714285715,1.0,0.7333333333333333,0.8235294117647058,0.31300848722457886,51,12,13,16,9,49,18,16,17,35,15,15,34
903,0.45454545454545453,0.3333333333333333,0.125,0.36363636363636365,0.16666666666666666,0.46875,0.6,0.25,0.5454545454545454,0.391304347826087,0.6,0.5,0.42857142857142855,1.339117407798767,33,12,8,11,6,32,10,12,11,23,10,6,14,0.9411764705882353,1.0,0.9230769230769231,0.9375,1.0,0.9387755102040817,0.9444444444444444,0.875,1.0,0.9142857142857143,1.0,0.8,0.9117647058823529,0.23334239423274994,51,12,13,16,9,49,18,16,17,35,15,15,34
904,0.45454545454545453,0.3333333333333333,0.125,0.36363636363636365,0.16666666666666666,0.46875,0.6,0.25,0.5454545454545454,0.391304347826087,0.6,0.5,0.42857142857142855,1.3385342359542847,33,12,8,11,6,32,10,12,11,23,10,6,14,0.8823529411764706,0.9166666666666666,0.7692307692307693,0.8125,0.8888888888888888,0.8775510204081632,0.8888888888888888,0.875,0.8823529411764706,0.8285714285714286,1.0,0.8666666666666667,0.8823529411764706,0.24530081450939178,51,12,13,16,9,49,18,16,17,35,15,15,34
905,0.45454545454545453,0.3333333333333333,0.125,0.36363636363636365,0.16666666666666666,0.46875,0.6,0.25,0.5454545454545454,0.391304347826087,0.6,0.5,0.42857142857142855,1.327423095703125,33,12,8,11,6,32,10,12,11,23,10,6,14,0.9411764705882353,0.9166666666666666,1.0,1.0,0.8888888888888888,0.9591836734693877,0.9444444444444444,0.9375,0.9411764705882353,0.9428571428571428,0.9333333333333333,0.9333333333333333,0.9411764705882353,0.2627367377281189,51,12,13,16,9,49,18,16,17,35,15,15,34
906,0.45454545454545453,0.3333333333333333,0.125,0.36363636363636365,0.16666666666666666,0.46875,0.6,0.25,0.5454545454545454,0.391304347826087,0.6,0.5,0.42857142857142855,1.3411345481872559,33,12,8,11,6,32,10,12,11,23,10,6,14,0.9215686274509803,0.9166666666666666,0.9230769230769231,0.9375,0.8888888888888888,0.9183673469387755,1.0,1.0,0.7647058823529411,0.9142857142857143,0.9333333333333333,0.8,0.9411764705882353,0.22091053426265717,51,12,13,16,9,49,18,16,17,35,15,15,34
907,0.45454545454545453,0.3333333333333333,0.125,0.36363636363636365,0.16666666666666666,0.46875,0.6,0.25,0.5454545454545454,0.391304347826087,0.6,0.5,0.42857142857142855,1.3503153324127197,33,12,8,11,6,32,10,12,11,23,10,6,14,0.8431372549019608,0.9166666666666666,0.8461538461538461,0.8125,0.8888888888888888,0.8367346938775511,0.9444444444444444,0.75,0.8235294117647058,0.8571428571428571,0.8,0.7333333333333333,0.8235294117647058,0.33629319071769714,51,12,13,16,9,49,18,16,17,35,15,15,34
908,0.45454545454545453,0.3333333333333333,0.125,0.36363636363636365,0.16666666666666666,0.46875,0.6,0.25,0.5454545454545454,0.391304347826087,0.6,0.5,0.42857142857142855,1.3536975383758545,33,12,8,11,6,32,10,12,11,23,10,6,14,0.9411764705882353,1.0,0.9230769230769231,0.9375,1.0,0.9387755102040817,1.0,0.8125,1.0,0.9428571428571428,0.9333333333333333,0.9333333333333333,0.9117647058823529,0.21463099122047424,51,12,13,16,9,49,18,16,17,35,15,15,34
909,0.45454545454545453,0.3333333333333333,0.125,0.36363636363636365,0.16666666666666666,0.46875,0.6,0.25,0.5454545454545454,0.391304347826087,0.6,0.5,0.42857142857142855,1.353455662727356,33,12,8,11,6,32,10,12,11,23,10,6,14,0.9019607843137255,0.8333333333333334,0.8461538461538461,0.8125,0.8888888888888888,0.8979591836734694,0.8888888888888888,0.9375,0.8823529411764706,0.8857142857142857,0.9333333333333333,0.8666666666666667,0.8823529411764706,0.2469010055065155,51,12,13,16,9,49,18,16,17,35,15,15,34
910,0.45454545454545453,0.3333333333333333,0.125,0.36363636363636365,0.16666666666666666,0.46875,0.6,0.25,0.5454545454545454,0.391304347826087,0.6,0.5,0.42857142857142855,1.3507750034332275,33,12,8,11,6,32,10,12,11,23,10,6,14,0.9215686274509803,1.0,0.9230769230769231,0.9375,1.0,0.9183673469387755,0.9444444444444444,0.8125,1.0,0.9142857142857143,0.9333333333333333,0.9333333333333333,0.8823529411764706,0.2026890367269516,51,12,13,16,9,49,18,16,17,35,15,15,34
911,0.45454545454545453,0.3333333333333333,0.125,0.36363636363636365,0.16666666666666666,0.46875,0.6,0.25,0.5454545454545454,0.391304347826087,0.6,0.5,0.42857142857142855,1.341853380203247,33,12,8,11,6,32,10,12,11,23,10,6,14,0.9019607843137255,0.8333333333333334,0.9230769230769231,0.875,0.7777777777777778,0.8979591836734694,0.8888888888888888,0.875,0.9411764705882353,0.8571428571428571,1.0,0.8,0.8823529411764706,0.2342361956834793,51,12,13,16,9,49,18,16,17,35,15,15,34
912,0.45454545454545453,0.3333333333333333,0.125,0.36363636363636365,0.16666666666666666,0.46875,0.6,0.25,0.5454545454545454,0.391304347826087,0.6,0.5,0.42857142857142855,1.3159385919570923,33,12,8,11,6,32,10,12,11,23,10,6,14,0.8627450980392157,0.75,0.7692307692307693,0.75,0.7777777777777778,0.8571428571428571,0.8333333333333334,0.8125,0.9411764705882353,0.8,1.0,0.8,0.8529411764705882,0.38750365376472473,51,12,13,16,9,49,18,16,17,35,15,15,34
913,0.48484848484848486,0.3333333333333333,0.125,0.36363636363636365,0.16666666666666666,0.5,0.6,0.3333333333333333,0.5454545454545454,0.391304347826087,0.7,0.5,0.42857142857142855,1.3047542572021484,33,12,8,11,6,32,10,12,11,23,10,6,14,0.8823529411764706,0.75,0.7692307692307693,0.75,0.7777777777777778,0.8775510204081632,0.8333333333333334,1.0,0.8235294117647058,0.8571428571428571,0.9333333333333333,0.9333333333333333,0.9117647058823529,0.28831982612609863,51,12,13,16,9,49,18,16,17,35,15,15,34
914,0.48484848484848486,0.3333333333333333,0.125,0.36363636363636365,0.16666666666666666,0.5,0.6,0.3333333333333333,0.5454545454545454,0.391304347826087,0.7,0.5,0.42857142857142855,1.3030458688735962,33,12,8,11,6,32,10,12,11,23,10,6,14,0.9019607843137255,1.0,1.0,1.0,1.0,0.8979591836734694,0.8333333333333334,1.0,0.8823529411764706,0.8857142857142857,0.9333333333333333,0.8,0.8823529411764706,0.33872705698013306,51,12,13,16,9,49,18,16,17,35,15,15,34
915,0.48484848484848486,0.3333333333333333,0.125,0.36363636363636365,0.16666666666666666,0.5,0.6,0.3333333333333333,0.5454545454545454,0.391304347826087,0.7,0.5,0.42857142857142855,1.3101259469985962,33,12,8,11,6,32,10,12,11,23,10,6,14,0.9019607843137255,0.9166666666666666,0.8461538461538461,0.875,0.7777777777777778,0.8979591836734694,0.8888888888888888,0.9375,0.8823529411764706,0.8571428571428571,1.0,0.8666666666666667,0.9117647058823529,0.2728472054004669,51,12,13,16,9,49,18,16,17,35,15,15,34
916,0.45454545454545453,0.3333333333333333,0.125,0.36363636363636365,0.16666666666666666,0.46875,0.6,0.25,0.5454545454545454,0.391304347826087,0.6,0.5,0.42857142857142855,1.342566728591919,33,12,8,11,6,32,10,12,11,23,10,6,14,0.9215686274509803,0.8333333333333334,1.0,1.0,0.8888888888888888,0.9183673469387755,0.8333333333333334,1.0,0.9411764705882353,0.9428571428571428,0.8666666666666667,1.0,0.9117647058823529,0.28713661432266235,51,12,13,16,9,49,18,16,17,35,15,15,34
917,0.45454545454545453,0.3333333333333333,0.125,0.36363636363636365,0.16666666666666666,0.46875,0.6,0.25,0.5454545454545454,0.391304347826087,0.6,0.5,0.42857142857142855,1.3728961944580078,33,12,8,11,6,32,10,12,11,23,10,6,14,0.8823529411764706,0.9166666666666666,1.0,0.875,0.8888888888888888,0.8775510204081632,0.7777777777777778,0.9375,0.9411764705882353,0.8571428571428571,0.9333333333333333,0.7333333333333333,0.8529411764705882,0.2802787721157074,51,12,13,16,9,49,18,16,17,35,15,15,34
918,0.45454545454545453,0.3333333333333333,0.125,0.36363636363636365,0.16666666666666666,0.46875,0.6,0.25,0.5454545454545454,0.391304347826087,0.6,0.5,0.42857142857142855,1.3846033811569214,33,12,8,11,6,32,10,12,11,23,10,6,14,0.9019607843137255,1.0,0.7692307692307693,0.8125,1.0,0.8979591836734694,0.9444444444444444,0.8125,0.9411764705882353,0.8571428571428571,1.0,0.8,0.8529411764705882,0.24680984020233154,51,12,13,16,9,49,18,16,17,35,15,15,34
919,0.45454545454545453,0.3333333333333333,0.125,0.36363636363636365,0.16666666666666666,0.46875,0.6,0.25,0.5454545454545454,0.391304347826087,0.6,0.5,0.42857142857142855,1.3507052659988403,33,12,8,11,6,32,10,12,11,23,10,6,14,0.8627450980392157,0.8333333333333334,0.9230769230769231,0.875,1.0,0.8571428571428571,0.7777777777777778,0.8125,1.0,0.8571428571428571,0.8666666666666667,0.8,0.8529411764705882,0.33651259541511536,51,12,13,16,9,49,18,16,17,35,15,15,34
920,0.48484848484848486,0.3333333333333333,0.125,0.36363636363636365,0.16666666666666666,0.5,0.6,0.3333333333333333,0.5454545454545454,0.391304347826087,0.7,0.5,0.42857142857142855,1.3055353164672852,33,12,8,11,6,32,10,12,11,23,10,6,14,0.7647058823529411,0.8333333333333334,0.6923076923076923,0.75,0.8888888888888888,0.7551020408163265,0.6666666666666666,0.6875,0.9411764705882353,0.7428571428571429,0.8,0.6666666666666666,0.7647058823529411,0.46088019013404846,51,12,13,16,9,49,18,16,17,35,15,15,34
921,0.45454545454545453,0.3333333333333333,0.125,0.36363636363636365,0.16666666666666666,0.46875,0.6,0.3333333333333333,0.45454545454545453,0.391304347826087,0.6,0.5,0.42857142857142855,1.2932616472244263,33,12,8,11,6,32,10,12,11,23,10,6,14,0.8431372549019608,0.6666666666666666,0.7692307692307693,0.75,0.4444444444444444,0.8367346938775511,0.7777777777777778,0.9375,0.8235294117647058,0.8285714285714286,0.8666666666666667,0.7333333333333333,0.9117647058823529,0.28327232599258423,51,12,13,16,9,49,18,16,17,35,15,15,34
922,0.48484848484848486,0.4166666666666667,0.125,0.36363636363636365,0.3333333333333333,0.5,0.7,0.3333333333333333,0.45454545454545453,0.43478260869565216,0.6,0.5,0.5,1.2868868112564087,33,12,8,11,6,32,10,12,11,23,10,6,14,0.9019607843137255,0.9166666666666666,0.8461538461538461,0.8125,0.8888888888888888,0.8979591836734694,0.8888888888888888,0.9375,0.8823529411764706,0.8857142857142857,0.9333333333333333,0.8666666666666667,0.8823529411764706,0.30514389276504517,51,12,13,16,9,49,18,16,17,35,15,15,34
923,0.48484848484848486,0.3333333333333333,0.125,0.36363636363636365,0.16666666666666666,0.5,0.6,0.3333333333333333,0.5454545454545454,0.391304347826087,0.7,0.5,0.42857142857142855,1.2939884662628174,33,12,8,11,6,32,10,12,11,23,10,6,14,0.9215686274509803,1.0,1.0,1.0,1.0,0.9183673469387755,0.9444444444444444,1.0,0.8235294117647058,0.9428571428571428,0.8666666666666667,0.8,0.9411764705882353,0.2790396213531494,51,12,13,16,9,49,18,16,17,35,15,15,34
924,0.48484848484848486,0.3333333333333333,0.125,0.36363636363636365,0.16666666666666666,0.5,0.6,0.3333333333333333,0.5454545454545454,0.391304347826087,0.7,0.5,0.42857142857142855,1.303727388381958,33,12,8,11,6,32,10,12,11,23,10,6,14,0.8627450980392157,0.9166666666666666,0.7692307692307693,0.875,0.7777777777777778,0.8571428571428571,0.9444444444444444,0.8125,0.8235294117647058,0.8285714285714286,0.9333333333333333,0.7333333333333333,0.8823529411764706,0.332302063703537,51,12,13,16,9,49,18,16,17,35,15,15,34
925,0.45454545454545453,0.3333333333333333,0.125,0.36363636363636365,0.16666666666666666,0.46875,0.6,0.25,0.5454545454545454,0.391304347826087,0.6,0.5,0.42857142857142855,1.3208653926849365,33,12,8,11,6,32,10,12,11,23,10,6,14,0.8431372549019608,0.6666666666666666,0.8461538461538461,0.8125,0.7777777777777778,0.8367346938775511,0.7222222222222222,0.9375,0.8823529411764706,0.8571428571428571,0.8,0.8,0.8529411764705882,0.31960323452949524,51,12,13,16,9,49,18,16,17,35,15,15,34
926,0.45454545454545453,0.3333333333333333,0.125,0.36363636363636365,0.16666666666666666,0.46875,0.6,0.25,0.5454545454545454,0.391304347826087,0.6,0.5,0.42857142857142855,1.3341542482376099,33,12,8,11,6,32,10,12,11,23,10,6,14,0.9411764705882353,1.0,0.9230769230769231,0.9375,1.0,0.9387755102040817,1.0,0.875,0.9411764705882353,0.9142857142857143,1.0,0.8,0.9117647058823529,0.2940511107444763,51,12,13,16,9,49,18,16,17,35,15,15,34
927,0.45454545454545453,0.3333333333333333,0.125,0.36363636363636365,0.16666666666666666,0.46875,0.6,0.25,0.5454545454545454,0.391304347826087,0.6,0.5,0.42857142857142855,1.3455623388290405,33,12,8,11,6,32,10,12,11,23,10,6,14,0.9019607843137255,1.0,0.9230769230769231,0.9375,1.0,0.8979591836734694,0.9444444444444444,0.9375,0.8235294117647058,0.9142857142857143,0.8666666666666667,0.8,0.9117647058823529,0.27470144629478455,51,12,13,16,9,49,18,16,17,35,15,15,34
928,0.45454545454545453,0.3333333333333333,0.125,0.36363636363636365,0.16666666666666666,0.46875,0.6,0.25,0.5454545454545454,0.391304347826087,0.6,0.5,0.42857142857142855,1.347410798072815,33,12,8,11,6,32,10,12,11,23,10,6,14,0.9411764705882353,0.8333333333333334,1.0,1.0,0.7777777777777778,0.9387755102040817,0.9444444444444444,0.9375,0.9411764705882353,0.9428571428571428,0.9333333333333333,1.0,0.9411764705882353,0.27994659543037415,51,12,13,16,9,49,18,16,17,35,15,15,34
929,0.45454545454545453,0.3333333333333333,0.125,0.36363636363636365,0.16666666666666666,0.46875,0.6,0.25,0.5454545454545454,0.391304347826087,0.6,0.5,0.42857142857142855,1.3530150651931763,33,12,8,11,6,32,10,12,11,23,10,6,14,0.9607843137254902,1.0,1.0,1.0,1.0,0.9591836734693877,1.0,0.9375,0.9411764705882353,0.9714285714285714,0.9333333333333333,0.9333333333333333,0.9411764705882353,0.2357567399740219,51,12,13,16,9,49,18,16,17,35,15,15,34
930,0.45454545454545453,0.3333333333333333,0.125,0.36363636363636365,0.16666666666666666,0.46875,0.6,0.25,0.5454545454545454,0.391304347826087,0.6,0.5,0.42857142857142855,1.3394033908843994,33,12,8,11,6,32,10,12,11,23,10,6,14,0.9411764705882353,0.9166666666666666,1.0,0.9375,1.0,0.9387755102040817,0.8888888888888888,0.9375,1.0,0.9142857142857143,1.0,0.9333333333333333,0.9411764705882353,0.2267773449420929,51,12,13,16,9,49,18,16,17,35,15,15,34
931,0.45454545454545453,0.3333333333333333,0.125,0.36363636363636365,0.16666666666666666,0.46875,0.6,0.25,0.5454545454545454,0.391304347826087,0.6,0.5,0.42857142857142855,1.324521780014038,33,12,8,11,6,32,10,12,11,23,10,6,14,0.9215686274509803,1.0,0.9230769230769231,0.9375,1.0,0.9183673469387755,1.0,0.875,0.8823529411764706,0.9142857142857143,0.9333333333333333,0.7333333333333333,0.9117647058823529,0.2540706694126129,51,12,13,16,9,49,18,16,17,35,15,15,34
932,0.48484848484848486,0.3333333333333333,0.125,0.36363636363636365,0.16666666666666666,0.5,0.6,0.3333333333333333,0.5454545454545454,0.391304347826087,0.7,0.5,0.42857142857142855,1.3187850713729858,33,12,8,11,6,32,10,12,11,23,10,6,14,0.9803921568627451,1.0,0.9230769230769231,0.9375,1.0,0.9795918367346939,1.0,0.9375,1.0,0.9714285714285714,1.0,0.9333333333333333,0.9705882352941176,0.18515048921108246,51,12,13,16,9,49,18,16,17,35,15,15,34
933,0.45454545454545453,0.3333333333333333,0.125,0.36363636363636365,0.16666666666666666,0.46875,0.6,0.25,0.5454545454545454,0.391304347826087,0.6,0.5,0.42857142857142855,1.3235782384872437,33,12,8,11,6,32,10,12,11,23,10,6,14,0.9411764705882353,1.0,1.0,1.0,1.0,0.9387755102040817,0.9444444444444444,0.875,1.0,0.9428571428571428,0.9333333333333333,0.9333333333333333,0.9117647058823529,0.2162187099456787,51,12,13,16,9,49,18,16,17,35,15,15,34
934,0.45454545454545453,0.3333333333333333,0.125,0.36363636363636365,0.16666666666666666,0.46875,0.6,0.25,0.5454545454545454,0.391304347826087,0.6,0.5,0.42857142857142855,1.3282049894332886,33,12,8,11,6,32,10,12,11,23,10,6,14,0.9607843137254902,0.9166666666666666,1.0,0.9375,0.8888888888888888,0.9591836734693877,0.8888888888888888,1.0,1.0,0.9428571428571428,1.0,1.0,0.9411764705882353,0.22518692910671234,51,12,13,16,9,49,18,16,17,35,15,15,34
935,0.45454545454545453,0.3333333333333333,0.125,0.36363636363636365,0.16666666666666666,0.46875,0.6,0.25,0.5454545454545454,0.391304347826087,0.6,0.5,0.42857142857142855,1.34248685836792,33,12,8,11,6,32,10,12,11,23,10,6,14,0.9019607843137255,0.8333333333333334,0.8461538461538461,0.875,0.7777777777777778,0.8979591836734694,0.8888888888888888,0.875,0.9411764705882353,0.8857142857142857,0.9333333333333333,0.8666666666666667,0.9117647058823529,0.272305965423584,51,12,13,16,9,49,18,16,17,35,15,15,34
936,0.45454545454545453,0.3333333333333333,0.125,0.36363636363636365,0.16666666666666666,0.46875,0.6,0.25,0.5454545454545454,0.391304347826087,0.6,0.5,0.42857142857142855,1.3560184240341187,33,12,8,11,6,32,10,12,11,23,10,6,14,0.8823529411764706,1.0,0.7692307692307693,0.875,0.8888888888888888,0.8775510204081632,0.8333333333333334,0.8125,1.0,0.8571428571428571,0.9333333333333333,0.7333333333333333,0.8529411764705882,0.2709805965423584,51,12,13,16,9,49,18,16,17,35,15,15,34
937,0.45454545454545453,0.3333333333333333,0.125,0.36363636363636365,0.16666666666666666,0.46875,0.6,0.25,0.5454545454545454,0.391304347826087,0.6,0.5,0.42857142857142855,1.3660693168640137,33,12,8,11,6,32,10,12,11,23,10,6,14,0.9215686274509803,1.0,0.8461538461538461,0.875,0.8888888888888888,0.9183673469387755,0.8333333333333334,0.9375,1.0,0.8857142857142857,1.0,0.8666666666666667,0.9117647058823529,0.24895241856575012,51,12,13,16,9,49,18,16,17,35,15,15,34
938,0.45454545454545453,0.3333333333333333,0.125,0.36363636363636365,0.16666666666666666,0.46875,0.6,0.25,0.5454545454545454,0.391304347826087,0.6,0.5,0.42857142857142855,1.3786976337432861,33,12,8,11,6,32,10,12,11,23,10,6,14,0.8431372549019608,0.9166666666666666,0.8461538461538461,0.8125,0.8888888888888888,0.8367346938775511,0.7777777777777778,0.9375,0.8235294117647058,0.8,0.9333333333333333,0.6666666666666666,0.8529411764705882,0.338043749332428,51,12,13,16,9,49,18,16,17,35,15,15,34
939,0.45454545454545453,0.3333333333333333,0.125,0.36363636363636365,0.16666666666666666,0.46875,0.6,0.25,0.5454545454545454,0.391304347826087,0.6,0.5,0.42857142857142855,1.3712462186813354,33,12,8,11,6,32,10,12,11,23,10,6,14,0.9019607843137255,0.9166666666666666,0.8461538461538461,0.875,1.0,0.8979591836734694,0.8333333333333334,0.9375,0.9411764705882353,0.8857142857142857,0.9333333333333333,0.8,0.9117647058823529,0.26975560188293457,51,12,13,16,9,49,18,16,17,35,15,15,34
940,0.45454545454545453,0.3333333333333333,0.125,0.36363636363636365,0.16666666666666666,0.46875,0.6,0.25,0.5454545454545454,0.391304347826087,0.6,0.5,0.42857142857142855,1.3366200923919678,33,12,8,11,6,32,10,12,11,23,10,6,14,0.9411764705882353,0.9166666666666666,1.0,1.0,1.0,0.9387755102040817,0.8888888888888888,0.9375,1.0,0.9428571428571428,0.9333333333333333,0.9333333333333333,0.9117647058823529,0.2513218820095062,51,12,13,16,9,49,18,16,17,35,15,15,34
941,0.45454545454545453,0.3333333333333333,0.125,0.36363636363636365,0.16666666666666666,0.46875,0.6,0.3333333333333333,0.45454545454545453,0.391304347826087,0.6,0.5,0.42857142857142855,1.3204891681671143,33,12,8,11,6,32,10,12,11,23,10,6,14,0.8823529411764706,0.9166666666666666,0.7692307692307693,0.8125,1.0,0.8775510204081632,0.8888888888888888,0.875,0.8823529411764706,0.8857142857142857,0.8666666666666667,0.7333333333333333,0.8529411764705882,0.26963940262794495,51,12,13,16,9,49,18,16,17,35,15,15,34
942,0.45454545454545453,0.3333333333333333,0.125,0.36363636363636365,0.16666666666666666,0.46875,0.6,0.25,0.5454545454545454,0.391304347826087,0.6,0.5,0.42857142857142855,1.336801290512085,33,12,8,11,6,32,10,12,11,23,10,6,14,0.8431372549019608,0.8333333333333334,0.9230769230769231,0.875,0.8888888888888888,0.8367346938775511,0.7777777777777778,1.0,0.7647058823529411,0.8,0.9333333333333333,0.8,0.8235294117647058,0.2836754620075226,51,12,13,16,9,49,18,16,17,35,15,15,34
943,0.45454545454545453,0.3333333333333333,0.125,0.36363636363636365,0.16666666666666666,0.46875,0.6,0.25,0.5454545454545454,0.391304347826087,0.6,0.5,0.42857142857142855,1.3525688648223877,33,12,8,11,6,32,10,12,11,23,10,6,14,0.8627450980392157,0.8333333333333334,0.8461538461538461,0.75,0.7777777777777778,0.8571428571428571,0.8333333333333334,0.875,0.8823529411764706,0.8,1.0,0.8,0.8235294117647058,0.34361883997917175,51,12,13,16,9,49,18,16,17,35,15,15,34
944,0.45454545454545453,0.3333333333333333,0.125,0.36363636363636365,0.16666666666666666,0.46875,0.6,0.25,0.5454545454545454,0.391304347826087,0.6,0.5,0.42857142857142855,1.3744598627090454,33,12,8,11,6,32,10,12,11,23,10,6,14,0.9215686274509803,0.9166666666666666,0.9230769230769231,0.8125,0.8888888888888888,0.9183673469387755,0.8888888888888888,0.9375,0.9411764705882353,0.9142857142857143,0.9333333333333333,0.8,0.9117647058823529,0.25087833404541016,51,12,13,16,9,49,18,16,17,35,15,15,34
945,0.45454545454545453,0.3333333333333333,0.125,0.36363636363636365,0.16666666666666666,0.46875,0.6,0.25,0.5454545454545454,0.391304347826087,0.6,0.5,0.42857142857142855,1.3749855756759644,33,12,8,11,6,32,10,12,11,23,10,6,14,0.8431372549019608,0.75,0.8461538461538461,0.75,0.8888888888888888,0.8367346938775511,0.7777777777777778,0.75,1.0,0.8,0.9333333333333333,0.8,0.8235294117647058,0.3100554943084717,51,12,13,16,9,49,18,16,17,35,15,15,34
946,0.45454545454545453,0.3333333333333333,0.125,0.36363636363636365,0.16666666666666666,0.46875,0.6,0.25,0.5454545454545454,0.391304347826087,0.6,0.5,0.42857142857142855,1.393593430519104,33,12,8,11,6,32,10,12,11,23,10,6,14,0.9019607843137255,0.9166666666666666,0.8461538461538461,0.875,0.8888888888888888,0.8979591836734694,0.9444444444444444,0.9375,0.8235294117647058,0.8571428571428571,1.0,0.8666666666666667,0.8823529411764706,0.20400819182395935,51,12,13,16,9,49,18,16,17,35,15,15,34
947,0.42424242424242425,0.3333333333333333,0.125,0.36363636363636365,0.16666666666666666,0.4375,0.5,0.25,0.5454545454545454,0.391304347826087,0.5,0.5,0.35714285714285715,1.4079837799072266,33,12,8,11,6,32,10,12,11,23,10,6,14,0.9607843137254902,0.9166666666666666,0.9230769230769231,0.875,0.8888888888888888,0.9591836734693877,0.9444444444444444,0.9375,1.0,0.9428571428571428,1.0,0.9333333333333333,0.9411764705882353,0.18819259107112885,51,12,13,16,9,49,18,16,17,35,15,15,34
948,0.45454545454545453,0.3333333333333333,0.125,0.36363636363636365,0.16666666666666666,0.46875,0.6,0.25,0.5454545454545454,0.391304347826087,0.6,0.5,0.42857142857142855,1.3945293426513672,33,12,8,11,6,32,10,12,11,23,10,6,14,0.8823529411764706,0.9166666666666666,1.0,1.0,1.0,0.8775510204081632,0.8333333333333334,0.875,0.9411764705882353,0.8571428571428571,0.9333333333333333,0.6666666666666666,0.8529411764705882,0.32187947630882263,51,12,13,16,9,49,18,16,17,35,15,15,34
949,0.45454545454545453,0.3333333333333333,0.125,0.36363636363636365,0.16666666666666666,0.46875,0.6,0.25,0.5454545454545454,0.391304347826087,0.6,0.5,0.42857142857142855,1.3747292757034302,33,12,8,11,6,32,10,12,11,23,10,6,14,0.9411764705882353,1.0,0.9230769230769231,0.9375,1.0,0.9387755102040817,1.0,0.9375,0.8823529411764706,0.9428571428571428,0.9333333333333333,0.8,0.9411764705882353,0.25815993547439575,51,12,13,16,9,49,18,16,17,35,15,15,34
950,0.42424242424242425,0.3333333333333333,0.125,0.36363636363636365,0.16666666666666666,0.4375,0.6,0.25,0.45454545454545453,0.391304347826087,0.5,0.5,0.42857142857142855,1.337674856185913,33,12,8,11,6,32,10,12,11,23,10,6,14,0.9607843137254902,0.9166666666666666,1.0,1.0,1.0,0.9591836734693877,0.8888888888888888,1.0,1.0,0.9714285714285714,0.9333333333333333,1.0,0.9705882352941176,0.23068323731422424,51,12,13,16,9,49,18,16,17,35,15,15,34
951,0.48484848484848486,0.4166666666666667,0.125,0.36363636363636365,0.3333333333333333,0.5,0.7,0.3333333333333333,0.45454545454545453,0.43478260869565216,0.6,0.5,0.5,1.3090091943740845,33,12,8,11,6,32,10,12,11,23,10,6,14,0.9019607843137255,1.0,0.9230769230769231,1.0,0.8888888888888888,0.8979591836734694,0.9444444444444444,0.875,0.8823529411764706,0.9142857142857143,0.8666666666666667,0.8666666666666667,0.9117647058823529,0.31428757309913635,51,12,13,16,9,49,18,16,17,35,15,15,34
952,0.5151515151515151,0.5,0.125,0.36363636363636365,0.5,0.53125,0.7,0.4166666666666667,0.45454545454545453,0.43478260869565216,0.7,0.5,0.5714285714285714,1.3055131435394287,33,12,8,11,6,32,10,12,11,23,10,6,14,0.9411764705882353,0.9166666666666666,0.9230769230769231,1.0,0.8888888888888888,0.9387755102040817,0.8888888888888888,1.0,0.9411764705882353,0.9428571428571428,0.9333333333333333,0.9333333333333333,0.9705882352941176,0.24118803441524506,51,12,13,16,9,49,18,16,17,35,15,15,34
953,0.42424242424242425,0.3333333333333333,0.125,0.36363636363636365,0.16666666666666666,0.4375,0.6,0.25,0.45454545454545453,0.391304347826087,0.5,0.5,0.42857142857142855,1.3246116638183594,33,12,8,11,6,32,10,12,11,23,10,6,14,0.9411764705882353,0.9166666666666666,1.0,1.0,0.8888888888888888,0.9387755102040817,0.9444444444444444,1.0,0.8823529411764706,0.9142857142857143,1.0,0.9333333333333333,0.9411764705882353,0.20668041706085205,51,12,13,16,9,49,18,16,17,35,15,15,34
954,0.45454545454545453,0.3333333333333333,0.125,0.36363636363636365,0.16666666666666666,0.46875,0.6,0.25,0.5454545454545454,0.391304347826087,0.6,0.5,0.42857142857142855,1.3476065397262573,33,12,8,11,6,32,10,12,11,23,10,6,14,0.9019607843137255,0.9166666666666666,0.9230769230769231,0.875,0.8888888888888888,0.8979591836734694,0.8333333333333334,0.875,1.0,0.8571428571428571,1.0,0.8666666666666667,0.8529411764705882,0.2756887972354889,51,12,13,16,9,49,18,16,17,35,15,15,34
955,0.45454545454545453,0.3333333333333333,0.125,0.36363636363636365,0.16666666666666666,0.46875,0.6,0.25,0.5454545454545454,0.391304347826087,0.6,0.5,0.42857142857142855,1.3678780794143677,33,12,8,11,6,32,10,12,11,23,10,6,14,0.803921568627451,0.5833333333333334,0.9230769230769231,0.8125,0.7777777777777778,0.7959183673469388,0.7222222222222222,0.875,0.8235294117647058,0.8,0.8,0.7333333333333333,0.7941176470588235,0.39883968234062195,51,12,13,16,9,49,18,16,17,35,15,15,34
956,0.45454545454545453,0.3333333333333333,0.125,0.36363636363636365,0.16666666666666666,0.46875,0.6,0.25,0.5454545454545454,0.391304347826087,0.6,0.5,0.42857142857142855,1.3869541883468628,33,12,8,11,6,32,10,12,11,23,10,6,14,0.9607843137254902,0.9166666666666666,0.9230769230769231,0.9375,1.0,0.9591836734693877,0.9444444444444444,0.9375,1.0,0.9714285714285714,0.9333333333333333,0.9333333333333333,0.9705882352941176,0.20740863680839539,51,12,13,16,9,49,18,16,17,35,15,15,34
957,0.45454545454545453,0.3333333333333333,0.125,0.36363636363636365,0.16666666666666666,0.46875,0.6,0.25,0.5454545454545454,0.391304347826087,0.6,0.5,0.42857142857142855,1.394361972808838,33,12,8,11,6,32,10,12,11,23,10,6,14,0.9019607843137255,0.9166666666666666,1.0,0.9375,0.7777777777777778,0.8979591836734694,0.7777777777777778,0.9375,1.0,0.8857142857142857,0.9333333333333333,0.8666666666666667,0.8823529411764706,0.2867475748062134,51,12,13,16,9,49,18,16,17,35,15,15,34
958,0.45454545454545453,0.3333333333333333,0.125,0.36363636363636365,0.16666666666666666,0.46875,0.6,0.25,0.5454545454545454,0.391304347826087,0.6,0.5,0.42857142857142855,1.391707181930542,33,12,8,11,6,32,10,12,11,23,10,6,14,0.9803921568627451,1.0,0.9230769230769231,0.9375,1.0,0.9795918367346939,1.0,0.9375,1.0,0.9714285714285714,1.0,0.9333333333333333,0.9705882352941176,0.16733801364898682,51,12,13,16,9,49,18,16,17,35,15,15,34
959,0.45454545454545453,0.3333333333333333,0.125,0.36363636363636365,0.16666666666666666,0.46875,0.6,0.25,0.5454545454545454,0.391304347826087,0.6,0.5,0.42857142857142855,1.3940889835357666,33,12,8,11,6,32,10,12,11,23,10,6,14,0.9607843137254902,1.0,0.9230769230769231,0.9375,1.0,0.9591836734693877,1.0,0.9375,0.9411764705882353,0.9428571428571428,1.0,0.8666666666666667,0.9411764705882353,0.23142623901367188,51,12,13,16,9,49,18,16,17,35,15,15,34
960,0.45454545454545453,0.3333333333333333,0.125,0.36363636363636365,0.16666666666666666,0.46875,0.6,0.25,0.5454545454545454,0.391304347826087,0.6,0.5,0.42857142857142855,1.3745684623718262,33,12,8,11,6,32,10,12,11,23,10,6,14,0.9411764705882353,1.0,0.8461538461538461,0.875,0.8888888888888888,0.9387755102040817,0.8888888888888888,1.0,0.9411764705882353,0.9428571428571428,0.9333333333333333,0.8666666666666667,0.9705882352941176,0.23340778052806854,51,12,13,16,9,49,18,16,17,35,15,15,34
961,0.45454545454545453,0.3333333333333333,0.125,0.36363636363636365,0.16666666666666666,0.46875,0.6,0.25,0.5454545454545454,0.391304347826087,0.6,0.5,0.42857142857142855,1.3584246635437012,33,12,8,11,6,32,10,12,11,23,10,6,14,0.9803921568627451,1.0,0.9230769230769231,0.9375,1.0,0.9795918367346939,1.0,0.9375,1.0,0.9714285714285714,1.0,0.9333333333333333,0.9705882352941176,0.17709003388881683,51,12,13,16,9,49,18,16,17,35,15,15,34
962,0.45454545454545453,0.3333333333333333,0.125,0.36363636363636365,0.16666666666666666,0.46875,0.6,0.25,0.5454545454545454,0.391304347826087,0.6,0.5,0.42857142857142855,1.3486196994781494,33,12,8,11,6,32,10,12,11,23,10,6,14,0.9215686274509803,0.9166666666666666,0.8461538461538461,0.875,1.0,0.9183673469387755,0.9444444444444444,0.9375,0.8823529411764706,0.9142857142857143,0.9333333333333333,0.8666666666666667,0.9411764705882353,0.21066848933696747,51,12,13,16,9,49,18,16,17,35,15,15,34
963,0.45454545454545453,0.3333333333333333,0.125,0.36363636363636365,0.16666666666666666,0.46875,0.6,0.25,0.5454545454545454,0.391304347826087,0.6,0.5,0.42857142857142855,1.3504793643951416,33,12,8,11,6,32,10,12,11,23,10,6,14,0.9803921568627451,0.9166666666666666,0.9230769230769231,0.9375,0.8888888888888888,0.9795918367346939,1.0,1.0,0.9411764705882353,0.9714285714285714,1.0,1.0,1.0,0.1583753526210785,51,12,13,16,9,49,18,16,17,35,15,15,34
964,0.45454545454545453,0.3333333333333333,0.125,0.36363636363636365,0.16666666666666666,0.46875,0.6,0.25,0.5454545454545454,0.391304347826087,0.6,0.5,0.42857142857142855,1.3558270931243896,33,12,8,11,6,32,10,12,11,23,10,6,14,0.9803921568627451,1.0,0.9230769230769231,0.9375,1.0,0.9795918367346939,0.9444444444444444,1.0,1.0,0.9714285714285714,1.0,1.0,1.0,0.17049019038677216,51,12,13,16,9,49,18,16,17,35,15,15,34
965,0.45454545454545453,0.3333333333333333,0.125,0.36363636363636365,0.16666666666666666,0.46875,0.6,0.25,0.5454545454545454,0.391304347826087,0.6,0.5,0.42857142857142855,1.370208740234375,33,12,8,11,6,32,10,12,11,23,10,6,14,0.9215686274509803,0.9166666666666666,0.9230769230769231,0.9375,1.0,0.9183673469387755,0.9444444444444444,0.875,0.9411764705882353,0.9142857142857143,0.9333333333333333,0.9333333333333333,0.8823529411764706,0.22809426486492157,51,12,13,16,9,49,18,16,17,35,15,15,34
966,0.45454545454545453,0.3333333333333333,0.125,0.36363636363636365,0.16666666666666666,0.46875,0.6,0.25,0.5454545454545454,0.391304347826087,0.6,0.5,0.42857142857142855,1.3632051944732666,33,12,8,11,6,32,10,12,11,23,10,6,14,0.8823529411764706,0.8333333333333334,0.9230769230769231,0.875,0.7777777777777778,0.8775510204081632,0.7777777777777778,0.875,1.0,0.9142857142857143,0.8,0.8,0.8823529411764706,0.2674935758113861,51,12,13,16,9,49,18,16,17,35,15,15,34
967,0.45454545454545453,0.3333333333333333,0.125,0.36363636363636365,0.16666666666666666,0.46875,0.6,0.25,0.5454545454545454,0.391304347826087,0.6,0.5,0.42857142857142855,1.371066927909851,33,12,8,11,6,32,10,12,11,23,10,6,14,0.9019607843137255,0.8333333333333334,0.9230769230769231,0.9375,0.7777777777777778,0.9183673469387755,0.9444444444444444,0.9375,0.8235294117647058,0.8857142857142857,1.0,0.8666666666666667,0.8823529411764706,0.21947239339351654,51,12,13,16,9,49,18,16,17,35,15,15,34
968,0.45454545454545453,0.3333333333333333,0.125,0.36363636363636365,0.16666666666666666,0.46875,0.6,0.25,0.5454545454545454,0.391304347826087,0.6,0.5,0.42857142857142855,1.3840795755386353,33,12,8,11,6,32,10,12,11,23,10,6,14,0.9411764705882353,0.9166666666666666,0.9230769230769231,0.9375,1.0,0.9387755102040817,0.8888888888888888,0.9375,1.0,0.9428571428571428,0.9333333333333333,0.9333333333333333,0.9117647058823529,0.18222872912883759,51,12,13,16,9,49,18,16,17,35,15,15,34
969,0.45454545454545453,0.3333333333333333,0.125,0.36363636363636365,0.16666666666666666,0.46875,0.6,0.25,0.5454545454545454,0.391304347826087,0.6,0.5,0.42857142857142855,1.405806303024292,33,12,8,11,6,32,10,12,11,23,10,6,14,0.9411764705882353,0.9166666666666666,0.9230769230769231,0.9375,0.8888888888888888,0.9387755102040817,0.9444444444444444,0.9375,0.9411764705882353,0.9142857142857143,1.0,0.8666666666666667,0.9411764705882353,0.21499787271022797,51,12,13,16,9,49,18,16,17,35,15,15,34
970,0.45454545454545453,0.3333333333333333,0.125,0.36363636363636365,0.16666666666666666,0.46875,0.6,0.25,0.5454545454545454,0.391304347826087,0.6,0.5,0.42857142857142855,1.4105254411697388,33,12,8,11,6,32,10,12,11,23,10,6,14,0.8823529411764706,1.0,0.9230769230769231,0.9375,1.0,0.8775510204081632,0.8888888888888888,0.8125,0.9411764705882353,0.8857142857142857,0.8666666666666667,0.8666666666666667,0.8529411764705882,0.2373926192522049,51,12,13,16,9,49,18,16,17,35,15,15,34
971,0.45454545454545453,0.3333333333333333,0.125,0.36363636363636365,0.16666666666666666,0.46875,0.6,0.25,0.5454545454545454,0.391304347826087,0.6,0.5,0.42857142857142855,1.3985283374786377,33,12,8,11,6,32,10,12,11,23,10,6,14,0.8431372549019608,0.9166666666666666,0.8461538461538461,0.8125,0.8888888888888888,0.8571428571428571,0.8333333333333334,0.8125,0.8823529411764706,0.8,1.0,0.7333333333333333,0.7647058823529411,0.3511087894439697,51,12,13,16,9,49,18,16,17,35,15,15,34
972,0.45454545454545453,0.3333333333333333,0.125,0.36363636363636365,0.16666666666666666,0.46875,0.6,0.25,0.5454545454545454,0.391304347826087,0.6,0.5,0.42857142857142855,1.3631762266159058,33,12,8,11,6,32,10,12,11,23,10,6,14,0.9607843137254902,1.0,0.9230769230769231,0.875,1.0,0.9591836734693877,0.9444444444444444,0.9375,1.0,0.9428571428571428,1.0,0.8666666666666667,0.9411764705882353,0.22134089469909668,51,12,13,16,9,49,18,16,17,35,15,15,34
973,0.45454545454545453,0.3333333333333333,0.125,0.36363636363636365,0.16666666666666666,0.46875,0.6,0.25,0.5454545454545454,0.391304347826087,0.6,0.5,0.42857142857142855,1.3273760080337524,33,12,8,11,6,32,10,12,11,23,10,6,14,0.9019607843137255,0.9166666666666666,0.8461538461538461,0.875,0.8888888888888888,0.8979591836734694,0.8333333333333334,0.9375,0.9411764705882353,0.8857142857142857,0.9333333333333333,0.8666666666666667,0.8823529411764706,0.2619999051094055,51,12,13,16,9,49,18,16,17,35,15,15,34
974,0.45454545454545453,0.3333333333333333,0.125,0.36363636363636365,0.16666666666666666,0.46875,0.6,0.3333333333333333,0.45454545454545453,0.391304347826087,0.6,0.5,0.42857142857142855,1.3161953687667847,33,12,8,11,6,32,10,12,11,23,10,6,14,0.9803921568627451,1.0,0.9230769230769231,0.9375,1.0,0.9795918367346939,1.0,1.0,0.9411764705882353,0.9714285714285714,1.0,1.0,0.9705882352941176,0.2051001489162445,51,12,13,16,9,49,18,16,17,35,15,15,34
975,0.48484848484848486,0.4166666666666667,0.125,0.36363636363636365,0.3333333333333333,0.5,0.7,0.3333333333333333,0.45454545454545453,0.43478260869565216,0.6,0.5,0.5,1.3117603063583374,33,12,8,11,6,32,10,12,11,23,10,6,14,0.8627450980392157,0.9166666666666666,0.9230769230769231,0.875,0.8888888888888888,0.8571428571428571,0.8888888888888888,0.8125,0.8823529411764706,0.8571428571428571,0.8666666666666667,0.7333333333333333,0.8235294117647058,0.28672313690185547,51,12,13,16,9,49,18,16,17,35,15,15,34
976,0.42424242424242425,0.3333333333333333,0.125,0.36363636363636365,0.16666666666666666,0.4375,0.6,0.25,0.45454545454545453,0.391304347826087,0.5,0.5,0.42857142857142855,1.3255164623260498,33,12,8,11,6,32,10,12,11,23,10,6,14,0.8823529411764706,0.5833333333333334,0.9230769230769231,0.8125,0.6666666666666666,0.8775510204081632,0.7777777777777778,1.0,0.8823529411764706,0.8571428571428571,0.9333333333333333,0.9333333333333333,0.9117647058823529,0.2668793201446533,51,12,13,16,9,49,18,16,17,35,15,15,34
977,0.45454545454545453,0.3333333333333333,0.125,0.36363636363636365,0.16666666666666666,0.46875,0.6,0.25,0.5454545454545454,0.391304347826087,0.6,0.5,0.42857142857142855,1.3567993640899658,33,12,8,11,6,32,10,12,11,23,10,6,14,0.9215686274509803,0.9166666666666666,1.0,1.0,0.7777777777777778,0.9183673469387755,0.8333333333333334,1.0,0.9411764705882353,0.9142857142857143,0.9333333333333333,0.9333333333333333,0.9117647058823529,0.2423640936613083,51,12,13,16,9,49,18,16,17,35,15,15,34
978,0.45454545454545453,0.3333333333333333,0.125,0.36363636363636365,0.16666666666666666,0.46875,0.6,0.25,0.5454545454545454,0.391304347826087,0.6,0.5,0.42857142857142855,1.4157968759536743,33,12,8,11,6,32,10,12,11,23,10,6,14,0.9411764705882353,1.0,1.0,1.0,1.0,0.9387755102040817,1.0,1.0,0.8235294117647058,0.9428571428571428,0.9333333333333333,0.8,0.9411764705882353,0.20212772488594055,51,12,13,16,9,49,18,16,17,35,15,15,34
979,0.45454545454545453,0.3333333333333333,0.125,0.36363636363636365,0.16666666666666666,0.46875,0.6,0.25,0.5454545454545454,0.391304347826087,0.6,0.5,0.42857142857142855,1.4415441751480103,33,12,8,11,6,32,10,12,11,23,10,6,14,0.8235294117647058,0.9166666666666666,0.9230769230769231,0.8125,0.7777777777777778,0.8367346938775511,0.8333333333333334,0.6875,0.9411764705882353,0.8285714285714286,0.8666666666666667,0.7333333333333333,0.7647058823529411,0.3666425943374634,51,12,13,16,9,49,18,16,17,35,15,15,34
980,0.45454545454545453,0.3333333333333333,0.125,0.36363636363636365,0.16666666666666666,0.46875,0.6,0.25,0.5454545454545454,0.391304347826087,0.6,0.5,0.42857142857142855,1.45052969455719,33,12,8,11,6,32,10,12,11,23,10,6,14,0.9215686274509803,1.0,0.9230769230769231,0.9375,0.8888888888888888,0.9183673469387755,0.8888888888888888,0.9375,0.9411764705882353,0.8857142857142857,1.0,0.8666666666666667,0.8823529411764706,0.29685816168785095,51,12,13,16,9,49,18,16,17,35,15,15,34
981,0.45454545454545453,0.3333333333333333,0.125,0.36363636363636365,0.16666666666666666,0.46875,0.6,0.25,0.5454545454545454,0.391304347826087,0.6,0.5,0.42857142857142855,1.4348865747451782,33,12,8,11,6,32,10,12,11,23,10,6,14,0.9411764705882353,0.9166666666666666,0.9230769230769231,0.9375,1.0,0.9387755102040817,0.9444444444444444,0.875,1.0,0.9428571428571428,0.9333333333333333,0.9333333333333333,0.9411764705882353,0.23246990144252777,51,12,13,16,9,49,18,16,17,35,15,15,34
982,0.45454545454545453,0.3333333333333333,0.125,0.36363636363636365,0.16666666666666666,0.46875,0.6,0.25,0.5454545454545454,0.391304347826087,0.6,0.5,0.42857142857142855,1.370862603187561,33,12,8,11,6,32,10,12,11,23,10,6,14,0.8823529411764706,0.9166666666666666,0.7692307692307693,0.875,0.8888888888888888,0.8775510204081632,0.8888888888888888,0.75,1.0,0.8857142857142857,0.8666666666666667,0.8666666666666667,0.8529411764705882,0.347881555557251,51,12,13,16,9,49,18,16,17,35,15,15,34
983,0.45454545454545453,0.4166666666666667,0.125,0.36363636363636365,0.3333333333333333,0.46875,0.7,0.25,0.45454545454545453,0.43478260869565216,0.5,0.5,0.5,1.328233003616333,33,12,8,11,6,32,10,12,11,23,10,6,14,0.9607843137254902,0.9166666666666666,0.9230769230769231,0.875,0.8888888888888888,0.9591836734693877,0.9444444444444444,0.9375,1.0,0.9428571428571428,1.0,0.9333333333333333,0.9411764705882353,0.20350493490695953,51,12,13,16,9,49,18,16,17,35,15,15,34
984,0.5454545454545454,0.5,0.25,0.45454545454545453,0.5,0.5625,0.8,0.4166666666666667,0.45454545454545453,0.4782608695652174,0.7,0.5,0.6428571428571429,1.3103017807006836,33,12,8,11,6,32,10,12,11,23,10,6,14,0.9215686274509803,0.9166666666666666,1.0,0.9375,0.8888888888888888,0.9183673469387755,0.8888888888888888,1.0,0.8823529411764706,0.9142857142857143,0.9333333333333333,0.8666666666666667,0.9411764705882353,0.24440135061740875,51,12,13,16,9,49,18,16,17,35,15,15,34
985,0.5454545454545454,0.5,0.25,0.45454545454545453,0.5,0.5625,0.8,0.4166666666666667,0.45454545454545453,0.4782608695652174,0.7,0.5,0.6428571428571429,1.3145771026611328,33,12,8,11,6,32,10,12,11,23,10,6,14,0.9215686274509803,1.0,0.9230769230769231,0.9375,1.0,0.9183673469387755,0.8888888888888888,1.0,0.8823529411764706,0.9142857142857143,0.9333333333333333,0.9333333333333333,0.9117647058823529,0.20997254550457,51,12,13,16,9,49,18,16,17,35,15,15,34
986,0.42424242424242425,0.3333333333333333,0.125,0.36363636363636365,0.16666666666666666,0.4375,0.6,0.25,0.45454545454545453,0.391304347826087,0.5,0.5,0.42857142857142855,1.350823163986206,33,12,8,11,6,32,10,12,11,23,10,6,14,0.9019607843137255,0.9166666666666666,1.0,0.9375,1.0,0.8979591836734694,0.8333333333333334,1.0,0.8823529411764706,0.9428571428571428,0.8,0.8,0.9117647058823529,0.2720277011394501,51,12,13,16,9,49,18,16,17,35,15,15,34
987,0.45454545454545453,0.3333333333333333,0.125,0.36363636363636365,0.16666666666666666,0.46875,0.6,0.25,0.5454545454545454,0.391304347826087,0.6,0.5,0.42857142857142855,1.4107065200805664,33,12,8,11,6,32,10,12,11,23,10,6,14,0.9411764705882353,0.9166666666666666,0.9230769230769231,0.9375,0.8888888888888888,0.9387755102040817,0.9444444444444444,0.9375,0.9411764705882353,0.9428571428571428,0.9333333333333333,0.8666666666666667,0.9705882352941176,0.285372257232666,51,12,13,16,9,49,18,16,17,35,15,15,34
988,0.42424242424242425,0.3333333333333333,0.125,0.36363636363636365,0.16666666666666666,0.4375,0.5,0.25,0.5454545454545454,0.391304347826087,0.5,0.5,0.35714285714285715,1.466363787651062,33,12,8,11,6,32,10,12,11,23,10,6,14,0.9215686274509803,1.0,0.8461538461538461,0.875,0.8888888888888888,0.9183673469387755,0.9444444444444444,0.875,0.9411764705882353,0.8857142857142857,1.0,0.7333333333333333,0.9117647058823529,0.2429714798927307,51,12,13,16,9,49,18,16,17,35,15,15,34
989,0.3939393939393939,0.3333333333333333,0.125,0.36363636363636365,0.16666666666666666,0.40625,0.4,0.25,0.5454545454545454,0.34782608695652173,0.5,0.5,0.2857142857142857,1.4959911108016968,33,12,8,11,6,32,10,12,11,23,10,6,14,0.9607843137254902,1.0,0.9230769230769231,0.875,1.0,0.9591836734693877,0.9444444444444444,0.9375,1.0,0.9428571428571428,1.0,0.8666666666666667,0.9411764705882353,0.20224376022815704,51,12,13,16,9,49,18,16,17,35,15,15,34
990,0.42424242424242425,0.3333333333333333,0.125,0.36363636363636365,0.16666666666666666,0.4375,0.5,0.25,0.5454545454545454,0.391304347826087,0.5,0.5,0.35714285714285715,1.459782600402832,33,12,8,11,6,32,10,12,11,23,10,6,14,0.803921568627451,0.75,0.7692307692307693,0.75,0.7777777777777778,0.7959183673469388,0.6666666666666666,0.75,1.0,0.7428571428571429,0.9333333333333333,0.7333333333333333,0.7941176470588235,0.42361167073249817,51,12,13,16,9,49,18,16,17,35,15,15,34
991,0.45454545454545453,0.3333333333333333,0.125,0.36363636363636365,0.16666666666666666,0.46875,0.6,0.25,0.5454545454545454,0.391304347826087,0.6,0.5,0.42857142857142855,1.399712324142456,33,12,8,11,6,32,10,12,11,23,10,6,14,0.8431372549019608,0.8333333333333334,0.6923076923076923,0.8125,0.8888888888888888,0.8367346938775511,0.8333333333333334,0.8125,0.8823529411764706,0.8571428571428571,0.8,0.8,0.8529411764705882,0.2908287048339844,51,12,13,16,9,49,18,16,17,35,15,15,34
992,0.42424242424242425,0.3333333333333333,0.125,0.36363636363636365,0.16666666666666666,0.4375,0.6,0.25,0.45454545454545453,0.391304347826087,0.5,0.5,0.42857142857142855,1.3513238430023193,33,12,8,11,6,32,10,12,11,23,10,6,14,0.9019607843137255,0.9166666666666666,0.8461538461538461,0.8125,0.8888888888888888,0.8979591836734694,0.8333333333333334,0.9375,0.9411764705882353,0.8571428571428571,1.0,0.8,0.8823529411764706,0.2626858055591583,51,12,13,16,9,49,18,16,17,35,15,15,34
993,0.5454545454545454,0.5,0.25,0.45454545454545453,0.5,0.5625,0.8,0.4166666666666667,0.45454545454545453,0.4782608695652174,0.7,0.5,0.6428571428571429,1.3134995698928833,33,12,8,11,6,32,10,12,11,23,10,6,14,0.8627450980392157,0.9166666666666666,0.9230769230769231,0.875,0.8888888888888888,0.8571428571428571,0.8888888888888888,0.8125,0.8823529411764706,0.8,1.0,0.6666666666666666,0.7941176470588235,0.30304500460624695,51,12,13,16,9,49,18,16,17,35,15,15,34
994,0.5454545454545454,0.5,0.25,0.45454545454545453,0.5,0.5625,0.8,0.4166666666666667,0.45454545454545453,0.4782608695652174,0.7,0.5,0.6428571428571429,1.316516399383545,33,12,8,11,6,32,10,12,11,23,10,6,14,0.8235294117647058,0.6666666666666666,1.0,0.875,0.6666666666666666,0.8163265306122449,0.6666666666666666,1.0,0.8235294117647058,0.7714285714285715,0.9333333333333333,0.8666666666666667,0.7647058823529411,0.34016481041908264,51,12,13,16,9,49,18,16,17,35,15,15,34
995,0.42424242424242425,0.3333333333333333,0.125,0.36363636363636365,0.16666666666666666,0.4375,0.6,0.25,0.45454545454545453,0.391304347826087,0.5,0.5,0.42857142857142855,1.3538905382156372,33,12,8,11,6,32,10,12,11,23,10,6,14,0.8627450980392157,0.9166666666666666,0.8461538461538461,0.875,0.8888888888888888,0.8571428571428571,0.7222222222222222,1.0,0.8823529411764706,0.8571428571428571,0.8666666666666667,0.9333333333333333,0.8235294117647058,0.260944664478302,51,12,13,16,9,49,18,16,17,35,15,15,34
996,0.45454545454545453,0.3333333333333333,0.125,0.36363636363636365,0.16666666666666666,0.46875,0.6,0.25,0.5454545454545454,0.391304347826087,0.6,0.5,0.42857142857142855,1.4234422445297241,33,12,8,11,6,32,10,12,11,23,10,6,14,0.9019607843137255,0.8333333333333334,0.7692307692307693,0.75,0.8888888888888888,0.8979591836734694,0.9444444444444444,0.9375,0.8235294117647058,0.8571428571428571,1.0,0.8666666666666667,0.9117647058823529,0.27833911776542664,51,12,13,16,9,49,18,16,17,35,15,15,34
997,0.42424242424242425,0.3333333333333333,0.125,0.36363636363636365,0.16666666666666666,0.4375,0.5,0.25,0.5454545454545454,0.391304347826087,0.5,0.5,0.35714285714285715,1.4900192022323608,33,12,8,11,6,32,10,12,11,23,10,6,14,0.9019607843137255,0.9166666666666666,0.8461538461538461,0.875,1.0,0.9183673469387755,0.9444444444444444,0.75,1.0,0.9428571428571428,0.8666666666666667,0.9333333333333333,0.9117647058823529,0.2562042772769928,51,12,13,16,9,49,18,16,17,35,15,15,34
998,0.3939393939393939,0.3333333333333333,0.125,0.36363636363636365,0.16666666666666666,0.40625,0.4,0.25,0.5454545454545454,0.34782608695652173,0.5,0.5,0.2857142857142857,1.5200508832931519,33,12,8,11,6,32,10,12,11,23,10,6,14,0.8431372549019608,0.9166666666666666,0.8461538461538461,0.875,0.8888888888888888,0.8367346938775511,0.7777777777777778,0.8125,0.9411764705882353,0.8285714285714286,0.8666666666666667,0.8,0.7941176470588235,0.38965532183647156,51,12,13,16,9,49,18,16,17,35,15,15,34
999,0.42424242424242425,0.3333333333333333,0.125,0.36363636363636365,0.16666666666666666,0.4375,0.5,0.25,0.5454545454545454,0.391304347826087,0.5,0.5,0.35714285714285715,1.4771766662597656,33,12,8,11,6,32,10,12,11,23,10,6,14,0.8823529411764706,1.0,0.8461538461538461,0.875,0.8888888888888888,0.8775510204081632,0.7777777777777778,0.875,1.0,0.8571428571428571,0.9333333333333333,0.7333333333333333,0.9117647058823529,0.353333443403244,51,12,13,16,9,49,18,16,17,35,15,15,34
1000,0.42424242424242425,0.3333333333333333,0.125,0.36363636363636365,0.16666666666666666,0.4375,0.5,0.25,0.5454545454545454,0.391304347826087,0.5,0.5,0.35714285714285715,1.4307371377944946,33,12,8,11,6,32,10,12,11,23,10,6,14,0.9607843137254902,1.0,0.8461538461538461,0.875,0.8888888888888888,0.9591836734693877,0.9444444444444444,0.9375,1.0,0.9428571428571428,1.0,0.8666666666666667,0.9705882352941176,0.21722470223903656,51,12,13,16,9,49,18,16,17,35,15,15,34
