epoch,test_acc,test_acc_channel_music,test_acc_channel_noise,test_acc_channel_telephone,test_acc_gender_female,test_acc_gender_male,test_acc_language_maninka,test_acc_language_pular,test_acc_language_susu,test_acc_speaker_count_multiple,test_acc_speaker_count_single,test_acc_utterance_multilingual,test_acc_utterance_verbal_nod,test_loss,test_n,test_n_channel_music,test_n_channel_noise,test_n_channel_telephone,test_n_gender_female,test_n_gender_male,test_n_language_maninka,test_n_language_pular,test_n_language_susu,test_n_speaker_count_multiple,test_n_speaker_count_single,test_n_utterance_multilingual,test_n_utterance_verbal_nod,train_acc,train_acc_channel_music,train_acc_channel_noise,train_acc_channel_telephone,train_acc_gender_female,train_acc_gender_male,train_acc_language_maninka,train_acc_language_pular,train_acc_language_susu,train_acc_speaker_count_multiple,train_acc_speaker_count_single,train_acc_utterance_multilingual,train_acc_utterance_verbal_nod,train_loss,train_n,train_n_channel_music,train_n_channel_noise,train_n_channel_telephone,train_n_gender_female,train_n_gender_male,train_n_language_maninka,train_n_language_pular,train_n_language_susu,train_n_speaker_count_multiple,train_n_speaker_count_single,train_n_utterance_multilingual,train_n_utterance_verbal_nod
1,0.30303030303030304,0.4,0.42857142857142855,0.4444444444444444,0.5,0.3125,1.0,0.0,0.0,0.30434782608695654,0.3333333333333333,0.3333333333333333,0.1875,1.1371324062347412,33,10,7,9,8,32,10,14,9,23,9,12,16,0.35294117647058826,0.42857142857142855,0.07142857142857142,0.3333333333333333,0.42857142857142855,0.3673469387755102,1.0,0.0,0.0,0.4,0.25,0.3333333333333333,0.40625,1.113977074623108,51,14,14,18,7,49,18,14,19,35,16,9,32
2,0.30303030303030304,0.4,0.42857142857142855,0.4444444444444444,0.5,0.3125,1.0,0.0,0.0,0.30434782608695654,0.3333333333333333,0.3333333333333333,0.1875,1.1362426280975342,33,10,7,9,8,32,10,14,9,23,9,12,16,0.35294117647058826,0.42857142857142855,0.07142857142857142,0.3333333333333333,0.42857142857142855,0.3673469387755102,1.0,0.0,0.0,0.4,0.25,0.3333333333333333,0.40625,1.1128034591674805,51,14,14,18,7,49,18,14,19,35,16,9,32
3,0.30303030303030304,0.4,0.42857142857142855,0.4444444444444444,0.5,0.3125,1.0,0.0,0.0,0.30434782608695654,0.3333333333333333,0.3333333333333333,0.1875,1.1353652477264404,33,10,7,9,8,32,10,14,9,23,9,12,16,0.35294117647058826,0.42857142857142855,0.07142857142857142,0.3333333333333333,0.42857142857142855,0.3673469387755102,1.0,0.0,0.0,0.4,0.25,0.3333333333333333,0.40625,1.1116682291030884,51,14,14,18,7,49,18,14,19,35,16,9,32
4,0.30303030303030304,0.4,0.42857142857142855,0.4444444444444444,0.5,0.3125,1.0,0.0,0.0,0.30434782608695654,0.3333333333333333,0.3333333333333333,0.1875,1.134501576423645,33,10,7,9,8,32,10,14,9,23,9,12,16,0.35294117647058826,0.42857142857142855,0.07142857142857142,0.3333333333333333,0.42857142857142855,0.3673469387755102,1.0,0.0,0.0,0.4,0.25,0.3333333333333333,0.40625,1.110567569732666,51,14,14,18,7,49,18,14,19,35,16,9,32
5,0.30303030303030304,0.4,0.42857142857142855,0.4444444444444444,0.5,0.3125,1.0,0.0,0.0,0.30434782608695654,0.3333333333333333,0.3333333333333333,0.1875,1.1336538791656494,33,10,7,9,8,32,10,14,9,23,9,12,16,0.35294117647058826,0.42857142857142855,0.07142857142857142,0.3333333333333333,0.42857142857142855,0.3673469387755102,1.0,0.0,0.0,0.4,0.25,0.3333333333333333,0.40625,1.1095006465911865,51,14,14,18,7,49,18,14,19,35,16,9,32
6,0.30303030303030304,0.4,0.42857142857142855,0.4444444444444444,0.5,0.3125,1.0,0.0,0.0,0.30434782608695654,0.3333333333333333,0.3333333333333333,0.1875,1.1328239440917969,33,10,7,9,8,32,10,14,9,23,9,12,16,0.35294117647058826,0.42857142857142855,0.07142857142857142,0.3333333333333333,0.42857142857142855,0.3673469387755102,1.0,0.0,0.0,0.4,0.25,0.3333333333333333,0.40625,1.1084665060043335,51,14,14,18,7,49,18,14,19,35,16,9,32
7,0.30303030303030304,0.4,0.42857142857142855,0.4444444444444444,0.5,0.3125,1.0,0.0,0.0,0.30434782608695654,0.3333333333333333,0.3333333333333333,0.1875,1.1320133209228516,33,10,7,9,8,32,10,14,9,23,9,12,16,0.35294117647058826,0.42857142857142855,0.07142857142857142,0.3333333333333333,0.42857142857142855,0.3673469387755102,1.0,0.0,0.0,0.4,0.25,0.3333333333333333,0.40625,1.107465147972107,51,14,14,18,7,49,18,14,19,35,16,9,32
8,0.30303030303030304,0.4,0.42857142857142855,0.4444444444444444,0.5,0.3125,1.0,0.0,0.0,0.30434782608695654,0.3333333333333333,0.3333333333333333,0.1875,1.1312239170074463,33,10,7,9,8,32,10,14,9,23,9,12,16,0.35294117647058826,0.42857142857142855,0.07142857142857142,0.3333333333333333,0.42857142857142855,0.3673469387755102,1.0,0.0,0.0,0.4,0.25,0.3333333333333333,0.40625,1.1064952611923218,51,14,14,18,7,49,18,14,19,35,16,9,32
9,0.30303030303030304,0.4,0.42857142857142855,0.4444444444444444,0.5,0.3125,1.0,0.0,0.0,0.30434782608695654,0.3333333333333333,0.3333333333333333,0.1875,1.1304572820663452,33,10,7,9,8,32,10,14,9,23,9,12,16,0.35294117647058826,0.42857142857142855,0.07142857142857142,0.3333333333333333,0.42857142857142855,0.3673469387755102,1.0,0.0,0.0,0.4,0.25,0.3333333333333333,0.40625,1.105555534362793,51,14,14,18,7,49,18,14,19,35,16,9,32
10,0.30303030303030304,0.4,0.42857142857142855,0.4444444444444444,0.5,0.3125,1.0,0.0,0.0,0.30434782608695654,0.3333333333333333,0.3333333333333333,0.1875,1.1297152042388916,33,10,7,9,8,32,10,14,9,23,9,12,16,0.35294117647058826,0.42857142857142855,0.07142857142857142,0.3333333333333333,0.42857142857142855,0.3673469387755102,1.0,0.0,0.0,0.4,0.25,0.3333333333333333,0.40625,1.1046452522277832,51,14,14,18,7,49,18,14,19,35,16,9,32
11,0.30303030303030304,0.4,0.42857142857142855,0.4444444444444444,0.5,0.3125,1.0,0.0,0.0,0.30434782608695654,0.3333333333333333,0.3333333333333333,0.1875,1.1289994716644287,33,10,7,9,8,32,10,14,9,23,9,12,16,0.35294117647058826,0.42857142857142855,0.07142857142857142,0.3333333333333333,0.42857142857142855,0.3673469387755102,1.0,0.0,0.0,0.4,0.25,0.3333333333333333,0.40625,1.1037626266479492,51,14,14,18,7,49,18,14,19,35,16,9,32
12,0.30303030303030304,0.4,0.42857142857142855,0.4444444444444444,0.5,0.3125,1.0,0.0,0.0,0.30434782608695654,0.3333333333333333,0.3333333333333333,0.1875,1.1283118724822998,33,10,7,9,8,32,10,14,9,23,9,12,16,0.35294117647058826,0.42857142857142855,0.07142857142857142,0.3333333333333333,0.42857142857142855,0.3673469387755102,1.0,0.0,0.0,0.4,0.25,0.3333333333333333,0.40625,1.102906584739685,51,14,14,18,7,49,18,14,19,35,16,9,32
13,0.30303030303030304,0.4,0.42857142857142855,0.4444444444444444,0.5,0.3125,1.0,0.0,0.0,0.30434782608695654,0.3333333333333333,0.3333333333333333,0.1875,1.1276531219482422,33,10,7,9,8,32,10,14,9,23,9,12,16,0.35294117647058826,0.42857142857142855,0.07142857142857142,0.3333333333333333,0.42857142857142855,0.3673469387755102,1.0,0.0,0.0,0.4,0.25,0.3333333333333333,0.40625,1.1020753383636475,51,14,14,18,7,49,18,14,19,35,16,9,32
14,0.30303030303030304,0.4,0.42857142857142855,0.4444444444444444,0.5,0.3125,1.0,0.0,0.0,0.30434782608695654,0.3333333333333333,0.3333333333333333,0.1875,1.1270241737365723,33,10,7,9,8,32,10,14,9,23,9,12,16,0.35294117647058826,0.42857142857142855,0.07142857142857142,0.3333333333333333,0.42857142857142855,0.3673469387755102,1.0,0.0,0.0,0.4,0.25,0.3333333333333333,0.40625,1.101267695426941,51,14,14,18,7,49,18,14,19,35,16,9,32
15,0.30303030303030304,0.4,0.42857142857142855,0.4444444444444444,0.5,0.3125,1.0,0.0,0.0,0.30434782608695654,0.3333333333333333,0.3333333333333333,0.1875,1.12642502784729,33,10,7,9,8,32,10,14,9,23,9,12,16,0.35294117647058826,0.42857142857142855,0.07142857142857142,0.3333333333333333,0.42857142857142855,0.3673469387755102,1.0,0.0,0.0,0.4,0.25,0.3333333333333333,0.40625,1.1004812717437744,51,14,14,18,7,49,18,14,19,35,16,9,32
16,0.30303030303030304,0.4,0.42857142857142855,0.4444444444444444,0.5,0.3125,1.0,0.0,0.0,0.30434782608695654,0.3333333333333333,0.3333333333333333,0.1875,1.1258552074432373,33,10,7,9,8,32,10,14,9,23,9,12,16,0.35294117647058826,0.42857142857142855,0.07142857142857142,0.3333333333333333,0.42857142857142855,0.3673469387755102,1.0,0.0,0.0,0.4,0.25,0.3333333333333333,0.40625,1.0997154712677002,51,14,14,18,7,49,18,14,19,35,16,9,32
17,0.30303030303030304,0.4,0.42857142857142855,0.4444444444444444,0.5,0.3125,1.0,0.0,0.0,0.30434782608695654,0.3333333333333333,0.3333333333333333,0.1875,1.1253145933151245,33,10,7,9,8,32,10,14,9,23,9,12,16,0.35294117647058826,0.42857142857142855,0.07142857142857142,0.3333333333333333,0.42857142857142855,0.3673469387755102,1.0,0.0,0.0,0.4,0.25,0.3333333333333333,0.40625,1.0989677906036377,51,14,14,18,7,49,18,14,19,35,16,9,32
18,0.30303030303030304,0.4,0.42857142857142855,0.4444444444444444,0.5,0.3125,1.0,0.0,0.0,0.30434782608695654,0.3333333333333333,0.3333333333333333,0.1875,1.124801754951477,33,10,7,9,8,32,10,14,9,23,9,12,16,0.35294117647058826,0.42857142857142855,0.07142857142857142,0.3333333333333333,0.42857142857142855,0.3673469387755102,1.0,0.0,0.0,0.4,0.25,0.3333333333333333,0.40625,1.0982372760772705,51,14,14,18,7,49,18,14,19,35,16,9,32
19,0.30303030303030304,0.4,0.42857142857142855,0.4444444444444444,0.5,0.3125,1.0,0.0,0.0,0.30434782608695654,0.3333333333333333,0.3333333333333333,0.1875,1.1243157386779785,33,10,7,9,8,32,10,14,9,23,9,12,16,0.35294117647058826,0.42857142857142855,0.07142857142857142,0.3333333333333333,0.42857142857142855,0.3673469387755102,1.0,0.0,0.0,0.4,0.25,0.3333333333333333,0.40625,1.0975223779678345,51,14,14,18,7,49,18,14,19,35,16,9,32
20,0.30303030303030304,0.4,0.42857142857142855,0.4444444444444444,0.5,0.3125,1.0,0.0,0.0,0.30434782608695654,0.3333333333333333,0.3333333333333333,0.1875,1.1238548755645752,33,10,7,9,8,32,10,14,9,23,9,12,16,0.35294117647058826,0.42857142857142855,0.07142857142857142,0.3333333333333333,0.42857142857142855,0.3673469387755102,1.0,0.0,0.0,0.4,0.25,0.3333333333333333,0.40625,1.0968211889266968,51,14,14,18,7,49,18,14,19,35,16,9,32
21,0.30303030303030304,0.4,0.42857142857142855,0.4444444444444444,0.5,0.3125,1.0,0.0,0.0,0.30434782608695654,0.3333333333333333,0.3333333333333333,0.1875,1.1234166622161865,33,10,7,9,8,32,10,14,9,23,9,12,16,0.35294117647058826,0.42857142857142855,0.07142857142857142,0.3333333333333333,0.42857142857142855,0.3673469387755102,1.0,0.0,0.0,0.4,0.25,0.3333333333333333,0.40625,1.0961321592330933,51,14,14,18,7,49,18,14,19,35,16,9,32
22,0.30303030303030304,0.4,0.42857142857142855,0.4444444444444444,0.5,0.3125,1.0,0.0,0.0,0.30434782608695654,0.3333333333333333,0.3333333333333333,0.1875,1.1229983568191528,33,10,7,9,8,32,10,14,9,23,9,12,16,0.35294117647058826,0.42857142857142855,0.07142857142857142,0.3333333333333333,0.42857142857142855,0.3673469387755102,1.0,0.0,0.0,0.4,0.25,0.3333333333333333,0.40625,1.0954540967941284,51,14,14,18,7,49,18,14,19,35,16,9,32
23,0.30303030303030304,0.4,0.42857142857142855,0.4444444444444444,0.5,0.3125,1.0,0.0,0.0,0.30434782608695654,0.3333333333333333,0.3333333333333333,0.1875,1.1225956678390503,33,10,7,9,8,32,10,14,9,23,9,12,16,0.35294117647058826,0.42857142857142855,0.07142857142857142,0.3333333333333333,0.42857142857142855,0.3673469387755102,1.0,0.0,0.0,0.4,0.25,0.3333333333333333,0.40625,1.0947847366333008,51,14,14,18,7,49,18,14,19,35,16,9,32
24,0.30303030303030304,0.4,0.42857142857142855,0.4444444444444444,0.5,0.3125,1.0,0.0,0.0,0.30434782608695654,0.3333333333333333,0.3333333333333333,0.1875,1.122205138206482,33,10,7,9,8,32,10,14,9,23,9,12,16,0.35294117647058826,0.42857142857142855,0.07142857142857142,0.3333333333333333,0.42857142857142855,0.3673469387755102,1.0,0.0,0.0,0.4,0.25,0.3333333333333333,0.40625,1.0941227674484253,51,14,14,18,7,49,18,14,19,35,16,9,32
25,0.30303030303030304,0.4,0.42857142857142855,0.4444444444444444,0.5,0.3125,1.0,0.0,0.0,0.30434782608695654,0.3333333333333333,0.3333333333333333,0.1875,1.1218219995498657,33,10,7,9,8,32,10,14,9,23,9,12,16,0.35294117647058826,0.42857142857142855,0.07142857142857142,0.3333333333333333,0.42857142857142855,0.3673469387755102,1.0,0.0,0.0,0.4,0.25,0.3333333333333333,0.40625,1.0934666395187378,51,14,14,18,7,49,18,14,19,35,16,9,32
26,0.30303030303030304,0.4,0.42857142857142855,0.4444444444444444,0.5,0.3125,1.0,0.0,0.0,0.30434782608695654,0.3333333333333333,0.3333333333333333,0.1875,1.1214406490325928,33,10,7,9,8,32,10,14,9,23,9,12,16,0.35294117647058826,0.42857142857142855,0.07142857142857142,0.3333333333333333,0.42857142857142855,0.3673469387755102,1.0,0.0,0.0,0.4,0.25,0.3333333333333333,0.40625,1.092814326286316,51,14,14,18,7,49,18,14,19,35,16,9,32
27,0.30303030303030304,0.4,0.42857142857142855,0.4444444444444444,0.5,0.3125,1.0,0.0,0.0,0.30434782608695654,0.3333333333333333,0.3333333333333333,0.1875,1.1210554838180542,33,10,7,9,8,32,10,14,9,23,9,12,16,0.35294117647058826,0.42857142857142855,0.07142857142857142,0.3333333333333333,0.42857142857142855,0.3673469387755102,1.0,0.0,0.0,0.4,0.25,0.3333333333333333,0.40625,1.092164158821106,51,14,14,18,7,49,18,14,19,35,16,9,32
28,0.30303030303030304,0.4,0.42857142857142855,0.4444444444444444,0.5,0.3125,1.0,0.0,0.0,0.30434782608695654,0.3333333333333333,0.3333333333333333,0.1875,1.1206607818603516,33,10,7,9,8,32,10,14,9,23,9,12,16,0.35294117647058826,0.42857142857142855,0.07142857142857142,0.3333333333333333,0.42857142857142855,0.3673469387755102,1.0,0.0,0.0,0.4,0.25,0.3333333333333333,0.40625,1.0915149450302124,51,14,14,18,7,49,18,14,19,35,16,9,32
29,0.30303030303030304,0.4,0.42857142857142855,0.4444444444444444,0.5,0.3125,1.0,0.0,0.0,0.30434782608695654,0.3333333333333333,0.3333333333333333,0.1875,1.1202493906021118,33,10,7,9,8,32,10,14,9,23,9,12,16,0.35294117647058826,0.42857142857142855,0.07142857142857142,0.3333333333333333,0.42857142857142855,0.3673469387755102,1.0,0.0,0.0,0.4,0.25,0.3333333333333333,0.40625,1.0908647775650024,51,14,14,18,7,49,18,14,19,35,16,9,32
30,0.30303030303030304,0.4,0.42857142857142855,0.4444444444444444,0.5,0.3125,1.0,0.0,0.0,0.30434782608695654,0.3333333333333333,0.3333333333333333,0.1875,1.119815707206726,33,10,7,9,8,32,10,14,9,23,9,12,16,0.35294117647058826,0.42857142857142855,0.07142857142857142,0.3333333333333333,0.42857142857142855,0.3673469387755102,1.0,0.0,0.0,0.4,0.25,0.3333333333333333,0.40625,1.0902119874954224,51,14,14,18,7,49,18,14,19,35,16,9,32
31,0.30303030303030304,0.4,0.42857142857142855,0.4444444444444444,0.5,0.3125,1.0,0.0,0.0,0.30434782608695654,0.3333333333333333,0.3333333333333333,0.1875,1.1193525791168213,33,10,7,9,8,32,10,14,9,23,9,12,16,0.35294117647058826,0.42857142857142855,0.07142857142857142,0.3333333333333333,0.42857142857142855,0.3673469387755102,1.0,0.0,0.0,0.4,0.25,0.3333333333333333,0.40625,1.0895545482635498,51,14,14,18,7,49,18,14,19,35,16,9,32
32,0.30303030303030304,0.4,0.42857142857142855,0.4444444444444444,0.5,0.3125,1.0,0.0,0.0,0.30434782608695654,0.3333333333333333,0.3333333333333333,0.1875,1.1188549995422363,33,10,7,9,8,32,10,14,9,23,9,12,16,0.35294117647058826,0.42857142857142855,0.07142857142857142,0.3333333333333333,0.42857142857142855,0.3673469387755102,1.0,0.0,0.0,0.4,0.25,0.3333333333333333,0.40625,1.0888915061950684,51,14,14,18,7,49,18,14,19,35,16,9,32
33,0.30303030303030304,0.4,0.42857142857142855,0.4444444444444444,0.5,0.3125,1.0,0.0,0.0,0.30434782608695654,0.3333333333333333,0.3333333333333333,0.1875,1.118316411972046,33,10,7,9,8,32,10,14,9,23,9,12,16,0.35294117647058826,0.42857142857142855,0.07142857142857142,0.3333333333333333,0.42857142857142855,0.3673469387755102,1.0,0.0,0.0,0.4,0.25,0.3333333333333333,0.40625,1.0882208347320557,51,14,14,18,7,49,18,14,19,35,16,9,32
34,0.30303030303030304,0.4,0.42857142857142855,0.4444444444444444,0.5,0.3125,1.0,0.0,0.0,0.30434782608695654,0.3333333333333333,0.3333333333333333,0.1875,1.1177321672439575,33,10,7,9,8,32,10,14,9,23,9,12,16,0.35294117647058826,0.42857142857142855,0.07142857142857142,0.3333333333333333,0.42857142857142855,0.3673469387755102,1.0,0.0,0.0,0.4,0.25,0.3333333333333333,0.40625,1.0875409841537476,51,14,14,18,7,49,18,14,19,35,16,9,32
35,0.30303030303030304,0.4,0.42857142857142855,0.4444444444444444,0.5,0.3125,1.0,0.0,0.0,0.30434782608695654,0.3333333333333333,0.3333333333333333,0.1875,1.1170978546142578,33,10,7,9,8,32,10,14,9,23,9,12,16,0.35294117647058826,0.42857142857142855,0.07142857142857142,0.3333333333333333,0.42857142857142855,0.3673469387755102,1.0,0.0,0.0,0.4,0.25,0.3333333333333333,0.40625,1.0868504047393799,51,14,14,18,7,49,18,14,19,35,16,9,32
36,0.30303030303030304,0.4,0.42857142857142855,0.4444444444444444,0.5,0.3125,1.0,0.0,0.0,0.30434782608695654,0.3333333333333333,0.3333333333333333,0.1875,1.1164097785949707,33,10,7,9,8,32,10,14,9,23,9,12,16,0.35294117647058826,0.42857142857142855,0.07142857142857142,0.3333333333333333,0.42857142857142855,0.3673469387755102,1.0,0.0,0.0,0.4,0.25,0.3333333333333333,0.40625,1.0861477851867676,51,14,14,18,7,49,18,14,19,35,16,9,32
37,0.30303030303030304,0.4,0.42857142857142855,0.4444444444444444,0.5,0.3125,1.0,0.0,0.0,0.30434782608695654,0.3333333333333333,0.3333333333333333,0.1875,1.115665316581726,33,10,7,9,8,32,10,14,9,23,9,12,16,0.35294117647058826,0.42857142857142855,0.07142857142857142,0.3333333333333333,0.42857142857142855,0.3673469387755102,1.0,0.0,0.0,0.4,0.25,0.3333333333333333,0.40625,1.0854312181472778,51,14,14,18,7,49,18,14,19,35,16,9,32
38,0.30303030303030304,0.4,0.42857142857142855,0.4444444444444444,0.5,0.3125,1.0,0.0,0.0,0.30434782608695654,0.3333333333333333,0.3333333333333333,0.1875,1.1148624420166016,33,10,7,9,8,32,10,14,9,23,9,12,16,0.35294117647058826,0.42857142857142855,0.07142857142857142,0.3333333333333333,0.42857142857142855,0.3673469387755102,1.0,0.0,0.0,0.4,0.25,0.3333333333333333,0.40625,1.0846993923187256,51,14,14,18,7,49,18,14,19,35,16,9,32
39,0.30303030303030304,0.4,0.42857142857142855,0.4444444444444444,0.5,0.3125,1.0,0.0,0.0,0.30434782608695654,0.3333333333333333,0.3333333333333333,0.1875,1.113999605178833,33,10,7,9,8,32,10,14,9,23,9,12,16,0.35294117647058826,0.42857142857142855,0.07142857142857142,0.3333333333333333,0.42857142857142855,0.3673469387755102,1.0,0.0,0.0,0.4,0.25,0.3333333333333333,0.40625,1.0839507579803467,51,14,14,18,7,49,18,14,19,35,16,9,32
40,0.30303030303030304,0.4,0.42857142857142855,0.4444444444444444,0.5,0.3125,1.0,0.0,0.0,0.30434782608695654,0.3333333333333333,0.3333333333333333,0.1875,1.11307692527771,33,10,7,9,8,32,10,14,9,23,9,12,16,0.35294117647058826,0.42857142857142855,0.07142857142857142,0.3333333333333333,0.42857142857142855,0.3673469387755102,1.0,0.0,0.0,0.4,0.25,0.3333333333333333,0.40625,1.083183765411377,51,14,14,18,7,49,18,14,19,35,16,9,32
41,0.30303030303030304,0.4,0.42857142857142855,0.4444444444444444,0.5,0.3125,1.0,0.0,0.0,0.30434782608695654,0.3333333333333333,0.3333333333333333,0.1875,1.1120939254760742,33,10,7,9,8,32,10,14,9,23,9,12,16,0.35294117647058826,0.42857142857142855,0.07142857142857142,0.3333333333333333,0.42857142857142855,0.3673469387755102,1.0,0.0,0.0,0.4,0.25,0.3333333333333333,0.40625,1.0823965072631836,51,14,14,18,7,49,18,14,19,35,16,9,32
42,0.30303030303030304,0.4,0.42857142857142855,0.4444444444444444,0.5,0.3125,1.0,0.0,0.0,0.30434782608695654,0.3333333333333333,0.3333333333333333,0.1875,1.1110520362854004,33,10,7,9,8,32,10,14,9,23,9,12,16,0.35294117647058826,0.42857142857142855,0.07142857142857142,0.3333333333333333,0.42857142857142855,0.3673469387755102,1.0,0.0,0.0,0.4,0.25,0.3333333333333333,0.40625,1.0815876722335815,51,14,14,18,7,49,18,14,19,35,16,9,32
43,0.30303030303030304,0.4,0.42857142857142855,0.4444444444444444,0.5,0.3125,1.0,0.0,0.0,0.30434782608695654,0.3333333333333333,0.3333333333333333,0.1875,1.1099522113800049,33,10,7,9,8,32,10,14,9,23,9,12,16,0.35294117647058826,0.42857142857142855,0.07142857142857142,0.3333333333333333,0.42857142857142855,0.3673469387755102,1.0,0.0,0.0,0.4,0.25,0.3333333333333333,0.40625,1.0807552337646484,51,14,14,18,7,49,18,14,19,35,16,9,32
44,0.30303030303030304,0.4,0.42857142857142855,0.4444444444444444,0.5,0.3125,1.0,0.0,0.0,0.30434782608695654,0.3333333333333333,0.3333333333333333,0.1875,1.108796238899231,33,10,7,9,8,32,10,14,9,23,9,12,16,0.35294117647058826,0.42857142857142855,0.07142857142857142,0.3333333333333333,0.42857142857142855,0.3673469387755102,1.0,0.0,0.0,0.4,0.25,0.3333333333333333,0.40625,1.0798981189727783,51,14,14,18,7,49,18,14,19,35,16,9,32
45,0.30303030303030304,0.4,0.42857142857142855,0.4444444444444444,0.5,0.3125,1.0,0.0,0.0,0.30434782608695654,0.3333333333333333,0.3333333333333333,0.1875,1.1075856685638428,33,10,7,9,8,32,10,14,9,23,9,12,16,0.35294117647058826,0.42857142857142855,0.07142857142857142,0.3333333333333333,0.42857142857142855,0.3673469387755102,1.0,0.0,0.0,0.4,0.25,0.3333333333333333,0.40625,1.0790139436721802,51,14,14,18,7,49,18,14,19,35,16,9,32
46,0.30303030303030304,0.4,0.42857142857142855,0.4444444444444444,0.5,0.3125,1.0,0.0,0.0,0.30434782608695654,0.3333333333333333,0.3333333333333333,0.1875,1.1063227653503418,33,10,7,9,8,32,10,14,9,23,9,12,16,0.35294117647058826,0.42857142857142855,0.07142857142857142,0.3333333333333333,0.42857142857142855,0.3673469387755102,1.0,0.0,0.0,0.4,0.25,0.3333333333333333,0.40625,1.0781015157699585,51,14,14,18,7,49,18,14,19,35,16,9,32
47,0.30303030303030304,0.4,0.42857142857142855,0.4444444444444444,0.5,0.3125,1.0,0.0,0.0,0.30434782608695654,0.3333333333333333,0.3333333333333333,0.1875,1.1050089597702026,33,10,7,9,8,32,10,14,9,23,9,12,16,0.35294117647058826,0.42857142857142855,0.07142857142857142,0.3333333333333333,0.42857142857142855,0.3673469387755102,1.0,0.0,0.0,0.4,0.25,0.3333333333333333,0.40625,1.077158808708191,51,14,14,18,7,49,18,14,19,35,16,9,32
48,0.30303030303030304,0.4,0.42857142857142855,0.4444444444444444,0.5,0.3125,1.0,0.0,0.0,0.30434782608695654,0.3333333333333333,0.3333333333333333,0.1875,1.1036466360092163,33,10,7,9,8,32,10,14,9,23,9,12,16,0.35294117647058826,0.42857142857142855,0.07142857142857142,0.3333333333333333,0.42857142857142855,0.3673469387755102,1.0,0.0,0.0,0.4,0.25,0.3333333333333333,0.40625,1.0761843919754028,51,14,14,18,7,49,18,14,19,35,16,9,32
49,0.30303030303030304,0.4,0.42857142857142855,0.4444444444444444,0.5,0.3125,1.0,0.0,0.0,0.30434782608695654,0.3333333333333333,0.3333333333333333,0.1875,1.1022374629974365,33,10,7,9,8,32,10,14,9,23,9,12,16,0.35294117647058826,0.42857142857142855,0.07142857142857142,0.3333333333333333,0.42857142857142855,0.3673469387755102,1.0,0.0,0.0,0.4,0.25,0.3333333333333333,0.40625,1.075177550315857,51,14,14,18,7,49,18,14,19,35,16,9,32
50,0.30303030303030304,0.4,0.42857142857142855,0.4444444444444444,0.5,0.3125,1.0,0.0,0.0,0.30434782608695654,0.3333333333333333,0.3333333333333333,0.1875,1.1007839441299438,33,10,7,9,8,32,10,14,9,23,9,12,16,0.35294117647058826,0.42857142857142855,0.07142857142857142,0.3333333333333333,0.42857142857142855,0.3673469387755102,1.0,0.0,0.0,0.4,0.25,0.3333333333333333,0.40625,1.0741361379623413,51,14,14,18,7,49,18,14,19,35,16,9,32
51,0.30303030303030304,0.4,0.42857142857142855,0.4444444444444444,0.5,0.3125,1.0,0.0,0.0,0.30434782608695654,0.3333333333333333,0.3333333333333333,0.1875,1.0992896556854248,33,10,7,9,8,32,10,14,9,23,9,12,16,0.35294117647058826,0.42857142857142855,0.07142857142857142,0.3333333333333333,0.42857142857142855,0.3673469387755102,1.0,0.0,0.0,0.4,0.25,0.3333333333333333,0.40625,1.0730597972869873,51,14,14,18,7,49,18,14,19,35,16,9,32
52,0.30303030303030304,0.4,0.42857142857142855,0.4444444444444444,0.5,0.3125,1.0,0.0,0.0,0.30434782608695654,0.3333333333333333,0.3333333333333333,0.1875,1.0977574586868286,33,10,7,9,8,32,10,14,9,23,9,12,16,0.35294117647058826,0.42857142857142855,0.07142857142857142,0.3333333333333333,0.42857142857142855,0.3673469387755102,1.0,0.0,0.0,0.4,0.25,0.3333333333333333,0.40625,1.0719475746154785,51,14,14,18,7,49,18,14,19,35,16,9,32
53,0.30303030303030304,0.4,0.42857142857142855,0.4444444444444444,0.5,0.3125,1.0,0.0,0.0,0.30434782608695654,0.3333333333333333,0.3333333333333333,0.1875,1.0961912870407104,33,10,7,9,8,32,10,14,9,23,9,12,16,0.37254901960784315,0.42857142857142855,0.07142857142857142,0.3333333333333333,0.42857142857142855,0.3877551020408163,1.0,0.07142857142857142,0.0,0.4,0.3125,0.3333333333333333,0.40625,1.070798635482788,51,14,14,18,7,49,18,14,19,35,16,9,32
54,0.3333333333333333,0.4,0.42857142857142855,0.4444444444444444,0.5,0.34375,1.0,0.07142857142857142,0.0,0.30434782608695654,0.4444444444444444,0.3333333333333333,0.1875,1.0945947170257568,33,10,7,9,8,32,10,14,9,23,9,12,16,0.37254901960784315,0.42857142857142855,0.07142857142857142,0.3333333333333333,0.42857142857142855,0.3877551020408163,1.0,0.07142857142857142,0.0,0.4,0.3125,0.3333333333333333,0.40625,1.0696123838424683,51,14,14,18,7,49,18,14,19,35,16,9,32
55,0.3333333333333333,0.4,0.42857142857142855,0.4444444444444444,0.5,0.34375,1.0,0.07142857142857142,0.0,0.30434782608695654,0.4444444444444444,0.3333333333333333,0.1875,1.0929702520370483,33,10,7,9,8,32,10,14,9,23,9,12,16,0.39215686274509803,0.42857142857142855,0.07142857142857142,0.3333333333333333,0.42857142857142855,0.40816326530612246,1.0,0.14285714285714285,0.0,0.4,0.375,0.4444444444444444,0.4375,1.0683881044387817,51,14,14,18,7,49,18,14,19,35,16,9,32
56,0.36363636363636365,0.4,0.42857142857142855,0.4444444444444444,0.5,0.375,1.0,0.14285714285714285,0.0,0.34782608695652173,0.4444444444444444,0.3333333333333333,0.25,1.091320276260376,33,10,7,9,8,32,10,14,9,23,9,12,16,0.39215686274509803,0.42857142857142855,0.07142857142857142,0.3333333333333333,0.42857142857142855,0.40816326530612246,1.0,0.14285714285714285,0.0,0.4,0.375,0.4444444444444444,0.4375,1.0671247243881226,51,14,14,18,7,49,18,14,19,35,16,9,32
57,0.36363636363636365,0.4,0.42857142857142855,0.4444444444444444,0.5,0.375,1.0,0.14285714285714285,0.0,0.34782608695652173,0.4444444444444444,0.3333333333333333,0.25,1.0896457433700562,33,10,7,9,8,32,10,14,9,23,9,12,16,0.39215686274509803,0.42857142857142855,0.07142857142857142,0.3333333333333333,0.42857142857142855,0.40816326530612246,1.0,0.14285714285714285,0.0,0.4,0.375,0.4444444444444444,0.4375,1.065821647644043,51,14,14,18,7,49,18,14,19,35,16,9,32
58,0.3939393939393939,0.4,0.42857142857142855,0.4444444444444444,0.5,0.40625,1.0,0.21428571428571427,0.0,0.391304347826087,0.4444444444444444,0.4166666666666667,0.25,1.0879467725753784,33,10,7,9,8,32,10,14,9,23,9,12,16,0.39215686274509803,0.42857142857142855,0.07142857142857142,0.3333333333333333,0.42857142857142855,0.40816326530612246,1.0,0.14285714285714285,0.0,0.4,0.375,0.4444444444444444,0.4375,1.064478874206543,51,14,14,18,7,49,18,14,19,35,16,9,32
59,0.3939393939393939,0.4,0.42857142857142855,0.4444444444444444,0.5,0.40625,1.0,0.21428571428571427,0.0,0.391304347826087,0.4444444444444444,0.4166666666666667,0.25,1.086221694946289,33,10,7,9,8,32,10,14,9,23,9,12,16,0.39215686274509803,0.42857142857142855,0.07142857142857142,0.3333333333333333,0.42857142857142855,0.40816326530612246,1.0,0.14285714285714285,0.0,0.4,0.375,0.4444444444444444,0.4375,1.0630953311920166,51,14,14,18,7,49,18,14,19,35,16,9,32
60,0.3939393939393939,0.4,0.42857142857142855,0.4444444444444444,0.5,0.40625,1.0,0.21428571428571427,0.0,0.391304347826087,0.4444444444444444,0.4166666666666667,0.25,1.0844676494598389,33,10,7,9,8,32,10,14,9,23,9,12,16,0.37254901960784315,0.42857142857142855,0.07142857142857142,0.3333333333333333,0.42857142857142855,0.3877551020408163,0.9444444444444444,0.14285714285714285,0.0,0.4,0.3125,0.4444444444444444,0.4375,1.0616703033447266,51,14,14,18,7,49,18,14,19,35,16,9,32
61,0.3939393939393939,0.4,0.42857142857142855,0.4444444444444444,0.5,0.40625,1.0,0.21428571428571427,0.0,0.391304347826087,0.4444444444444444,0.4166666666666667,0.25,1.082680583000183,33,10,7,9,8,32,10,14,9,23,9,12,16,0.4117647058823529,0.42857142857142855,0.07142857142857142,0.3333333333333333,0.42857142857142855,0.42857142857142855,0.9444444444444444,0.2857142857142857,0.0,0.42857142857142855,0.375,0.6666666666666666,0.46875,1.0602035522460938,51,14,14,18,7,49,18,14,19,35,16,9,32
62,0.3939393939393939,0.4,0.42857142857142855,0.4444444444444444,0.5,0.40625,1.0,0.21428571428571427,0.0,0.391304347826087,0.4444444444444444,0.4166666666666667,0.25,1.080856442451477,33,10,7,9,8,32,10,14,9,23,9,12,16,0.43137254901960786,0.5,0.07142857142857142,0.3888888888888889,0.42857142857142855,0.4489795918367347,0.9444444444444444,0.2857142857142857,0.05263157894736842,0.45714285714285713,0.375,0.6666666666666666,0.5,1.0586942434310913,51,14,14,18,7,49,18,14,19,35,16,9,32
63,0.45454545454545453,0.5,0.42857142857142855,0.4444444444444444,0.5,0.46875,1.0,0.2857142857142857,0.1111111111111111,0.4782608695652174,0.4444444444444444,0.5,0.3125,1.0789896249771118,33,10,7,9,8,32,10,14,9,23,9,12,16,0.45098039215686275,0.5714285714285714,0.14285714285714285,0.3888888888888889,0.42857142857142855,0.46938775510204084,0.9444444444444444,0.2857142857142857,0.10526315789473684,0.4857142857142857,0.375,0.6666666666666666,0.5,1.057141900062561,51,14,14,18,7,49,18,14,19,35,16,9,32
64,0.42424242424242425,0.6,0.42857142857142855,0.3333333333333333,0.625,0.4375,0.8,0.2857142857142857,0.2222222222222222,0.4782608695652174,0.3333333333333333,0.4166666666666667,0.3125,1.0770741701126099,33,10,7,9,8,32,10,14,9,23,9,12,16,0.4117647058823529,0.42857142857142855,0.14285714285714285,0.3333333333333333,0.2857142857142857,0.42857142857142855,0.8333333333333334,0.2857142857142857,0.10526315789473684,0.45714285714285713,0.3125,0.6666666666666666,0.46875,1.0555462837219238,51,14,14,18,7,49,18,14,19,35,16,9,32
65,0.3939393939393939,0.6,0.2857142857142857,0.3333333333333333,0.625,0.40625,0.7,0.2857142857142857,0.2222222222222222,0.43478260869565216,0.3333333333333333,0.3333333333333333,0.3125,1.0751047134399414,33,10,7,9,8,32,10,14,9,23,9,12,16,0.4117647058823529,0.42857142857142855,0.21428571428571427,0.3888888888888889,0.2857142857142857,0.42857142857142855,0.7777777777777778,0.2857142857142857,0.15789473684210525,0.4857142857142857,0.25,0.6666666666666666,0.46875,1.0539064407348633,51,14,14,18,7,49,18,14,19,35,16,9,32
66,0.36363636363636365,0.5,0.2857142857142857,0.2222222222222222,0.625,0.375,0.6,0.2857142857142857,0.2222222222222222,0.391304347826087,0.3333333333333333,0.3333333333333333,0.3125,1.0730763673782349,33,10,7,9,8,32,10,14,9,23,9,12,16,0.39215686274509803,0.35714285714285715,0.21428571428571427,0.3888888888888889,0.2857142857142857,0.40816326530612246,0.7222222222222222,0.2857142857142857,0.15789473684210525,0.4857142857142857,0.1875,0.6666666666666666,0.46875,1.0522221326828003,51,14,14,18,7,49,18,14,19,35,16,9,32
67,0.3333333333333333,0.4,0.2857142857142857,0.2222222222222222,0.5,0.34375,0.5,0.2857142857142857,0.2222222222222222,0.34782608695652173,0.3333333333333333,0.3333333333333333,0.25,1.070985198020935,33,10,7,9,8,32,10,14,9,23,9,12,16,0.39215686274509803,0.35714285714285715,0.21428571428571427,0.3888888888888889,0.2857142857142857,0.40816326530612246,0.6666666666666666,0.2857142857142857,0.21052631578947367,0.45714285714285713,0.25,0.6666666666666666,0.4375,1.0504926443099976,51,14,14,18,7,49,18,14,19,35,16,9,32
68,0.30303030303030304,0.4,0.2857142857142857,0.1111111111111111,0.375,0.3125,0.4,0.2857142857142857,0.2222222222222222,0.30434782608695654,0.3333333333333333,0.3333333333333333,0.25,1.0688287019729614,33,10,7,9,8,32,10,14,9,23,9,12,16,0.47058823529411764,0.42857142857142855,0.21428571428571427,0.3888888888888889,0.42857142857142855,0.4897959183673469,0.6666666666666666,0.35714285714285715,0.3684210526315789,0.5428571428571428,0.3125,0.7777777777777778,0.5,1.0487178564071655,51,14,14,18,7,49,18,14,19,35,16,9,32
69,0.30303030303030304,0.4,0.2857142857142857,0.1111111111111111,0.375,0.3125,0.4,0.2857142857142857,0.2222222222222222,0.30434782608695654,0.3333333333333333,0.3333333333333333,0.25,1.066606044769287,33,10,7,9,8,32,10,14,9,23,9,12,16,0.4117647058823529,0.5,0.2857142857142857,0.3888888888888889,0.5714285714285714,0.42857142857142855,0.3888888888888889,0.35714285714285715,0.47368421052631576,0.45714285714285713,0.3125,0.4444444444444444,0.375,1.046897053718567,51,14,14,18,7,49,18,14,19,35,16,9,32
70,0.30303030303030304,0.6,0.2857142857142857,0.1111111111111111,0.5,0.3125,0.2,0.2857142857142857,0.4444444444444444,0.34782608695652173,0.2222222222222222,0.25,0.1875,1.0643179416656494,33,10,7,9,8,32,10,14,9,23,9,12,16,0.39215686274509803,0.5,0.2857142857142857,0.3888888888888889,0.42857142857142855,0.40816326530612246,0.2777777777777778,0.35714285714285715,0.5263157894736842,0.4,0.375,0.4444444444444444,0.34375,1.0450295209884644,51,14,14,18,7,49,18,14,19,35,16,9,32
71,0.3333333333333333,0.6,0.2857142857142857,0.1111111111111111,0.5,0.34375,0.2,0.2857142857142857,0.5555555555555556,0.391304347826087,0.2222222222222222,0.3333333333333333,0.25,1.0619677305221558,33,10,7,9,8,32,10,14,9,23,9,12,16,0.37254901960784315,0.5,0.35714285714285715,0.3888888888888889,0.42857142857142855,0.3877551020408163,0.16666666666666666,0.35714285714285715,0.5789473684210527,0.37142857142857144,0.375,0.4444444444444444,0.34375,1.043115496635437,51,14,14,18,7,49,18,14,19,35,16,9,32
72,0.36363636363636365,0.5,0.2857142857142857,0.2222222222222222,0.375,0.375,0.1,0.2857142857142857,0.7777777777777778,0.43478260869565216,0.2222222222222222,0.4166666666666667,0.25,1.0595593452453613,33,10,7,9,8,32,10,14,9,23,9,12,16,0.39215686274509803,0.5,0.35714285714285715,0.3888888888888889,0.5714285714285714,0.3877551020408163,0.16666666666666666,0.35714285714285715,0.631578947368421,0.4,0.375,0.4444444444444444,0.34375,1.0411542654037476,51,14,14,18,7,49,18,14,19,35,16,9,32
73,0.36363636363636365,0.5,0.2857142857142857,0.2222222222222222,0.375,0.375,0.1,0.2857142857142857,0.7777777777777778,0.43478260869565216,0.2222222222222222,0.4166666666666667,0.25,1.0570992231369019,33,10,7,9,8,32,10,14,9,23,9,12,16,0.39215686274509803,0.5,0.35714285714285715,0.3888888888888889,0.5714285714285714,0.3877551020408163,0.16666666666666666,0.35714285714285715,0.631578947368421,0.4,0.375,0.4444444444444444,0.34375,1.039146065711975,51,14,14,18,7,49,18,14,19,35,16,9,32
74,0.45454545454545453,0.6,0.42857142857142855,0.3333333333333333,0.375,0.46875,0.1,0.35714285714285715,1.0,0.5652173913043478,0.2222222222222222,0.5833333333333334,0.4375,1.0545940399169922,33,10,7,9,8,32,10,14,9,23,9,12,16,0.39215686274509803,0.42857142857142855,0.42857142857142855,0.3333333333333333,0.42857142857142855,0.3877551020408163,0.1111111111111111,0.35714285714285715,0.6842105263157895,0.37142857142857144,0.4375,0.4444444444444444,0.3125,1.0370906591415405,51,14,14,18,7,49,18,14,19,35,16,9,32
75,0.42424242424242425,0.5,0.42857142857142855,0.3333333333333333,0.375,0.4375,0.0,0.35714285714285715,1.0,0.5652173913043478,0.1111111111111111,0.5,0.4375,1.0520505905151367,33,10,7,9,8,32,10,14,9,23,9,12,16,0.43137254901960786,0.42857142857142855,0.5,0.4444444444444444,0.42857142857142855,0.42857142857142855,0.1111111111111111,0.35714285714285715,0.7894736842105263,0.4,0.5,0.4444444444444444,0.375,1.0349880456924438,51,14,14,18,7,49,18,14,19,35,16,9,32
76,0.42424242424242425,0.5,0.42857142857142855,0.3333333333333333,0.375,0.4375,0.0,0.35714285714285715,1.0,0.5652173913043478,0.1111111111111111,0.5,0.4375,1.049475908279419,33,10,7,9,8,32,10,14,9,23,9,12,16,0.45098039215686275,0.42857142857142855,0.5,0.4444444444444444,0.42857142857142855,0.4489795918367347,0.05555555555555555,0.42857142857142855,0.8421052631578947,0.4,0.5625,0.4444444444444444,0.375,1.0328385829925537,51,14,14,18,7,49,18,14,19,35,16,9,32
77,0.42424242424242425,0.5,0.42857142857142855,0.3333333333333333,0.375,0.4375,0.0,0.35714285714285715,1.0,0.5652173913043478,0.1111111111111111,0.5,0.4375,1.046876072883606,33,10,7,9,8,32,10,14,9,23,9,12,16,0.45098039215686275,0.42857142857142855,0.5,0.4444444444444444,0.42857142857142855,0.4489795918367347,0.05555555555555555,0.42857142857142855,0.8421052631578947,0.4,0.5625,0.4444444444444444,0.375,1.0306423902511597,51,14,14,18,7,49,18,14,19,35,16,9,32
78,0.42424242424242425,0.5,0.42857142857142855,0.3333333333333333,0.375,0.4375,0.0,0.35714285714285715,1.0,0.5652173913043478,0.1111111111111111,0.5,0.4375,1.0442556142807007,33,10,7,9,8,32,10,14,9,23,9,12,16,0.45098039215686275,0.35714285714285715,0.5,0.3888888888888889,0.42857142857142855,0.4489795918367347,0.0,0.42857142857142855,0.8947368421052632,0.4,0.5625,0.5555555555555556,0.40625,1.028400182723999,51,14,14,18,7,49,18,14,19,35,16,9,32
79,0.45454545454545453,0.5,0.42857142857142855,0.3333333333333333,0.375,0.46875,0.0,0.42857142857142855,1.0,0.5652173913043478,0.2222222222222222,0.5,0.4375,1.0416183471679688,33,10,7,9,8,32,10,14,9,23,9,12,16,0.45098039215686275,0.35714285714285715,0.5,0.3888888888888889,0.42857142857142855,0.4489795918367347,0.0,0.42857142857142855,0.8947368421052632,0.4,0.5625,0.5555555555555556,0.40625,1.0261129140853882,51,14,14,18,7,49,18,14,19,35,16,9,32
80,0.45454545454545453,0.5,0.42857142857142855,0.3333333333333333,0.375,0.46875,0.0,0.42857142857142855,1.0,0.5652173913043478,0.2222222222222222,0.5,0.4375,1.0389657020568848,33,10,7,9,8,32,10,14,9,23,9,12,16,0.45098039215686275,0.35714285714285715,0.5,0.3888888888888889,0.42857142857142855,0.4489795918367347,0.0,0.42857142857142855,0.8947368421052632,0.4,0.5625,0.5555555555555556,0.40625,1.0237808227539062,51,14,14,18,7,49,18,14,19,35,16,9,32
81,0.45454545454545453,0.5,0.42857142857142855,0.3333333333333333,0.375,0.46875,0.0,0.42857142857142855,1.0,0.5652173913043478,0.2222222222222222,0.5,0.4375,1.0362977981567383,33,10,7,9,8,32,10,14,9,23,9,12,16,0.45098039215686275,0.35714285714285715,0.5,0.3888888888888889,0.42857142857142855,0.4489795918367347,0.0,0.42857142857142855,0.8947368421052632,0.4,0.5625,0.5555555555555556,0.40625,1.02140474319458,51,14,14,18,7,49,18,14,19,35,16,9,32
82,0.45454545454545453,0.5,0.42857142857142855,0.3333333333333333,0.375,0.46875,0.0,0.42857142857142855,1.0,0.5652173913043478,0.2222222222222222,0.5,0.4375,1.0336133241653442,33,10,7,9,8,32,10,14,9,23,9,12,16,0.47058823529411764,0.35714285714285715,0.5,0.3888888888888889,0.42857142857142855,0.46938775510204084,0.0,0.42857142857142855,0.9473684210526315,0.4,0.625,0.5555555555555556,0.40625,1.0189858675003052,51,14,14,18,7,49,18,14,19,35,16,9,32
83,0.48484848484848486,0.5,0.42857142857142855,0.3333333333333333,0.375,0.5,0.0,0.5,1.0,0.5652173913043478,0.3333333333333333,0.5833333333333334,0.4375,1.0309103727340698,33,10,7,9,8,32,10,14,9,23,9,12,16,0.45098039215686275,0.35714285714285715,0.5,0.3888888888888889,0.42857142857142855,0.4489795918367347,0.0,0.42857142857142855,0.8947368421052632,0.4,0.5625,0.5555555555555556,0.40625,1.0165256261825562,51,14,14,18,7,49,18,14,19,35,16,9,32
84,0.48484848484848486,0.5,0.42857142857142855,0.3333333333333333,0.375,0.5,0.0,0.5,1.0,0.5652173913043478,0.3333333333333333,0.5833333333333334,0.4375,1.0281869173049927,33,10,7,9,8,32,10,14,9,23,9,12,16,0.45098039215686275,0.35714285714285715,0.5,0.3888888888888889,0.42857142857142855,0.4489795918367347,0.0,0.42857142857142855,0.8947368421052632,0.4,0.5625,0.5555555555555556,0.40625,1.014024257659912,51,14,14,18,7,49,18,14,19,35,16,9,32
85,0.48484848484848486,0.5,0.42857142857142855,0.3333333333333333,0.375,0.5,0.0,0.5,1.0,0.5652173913043478,0.3333333333333333,0.5833333333333334,0.4375,1.0254426002502441,33,10,7,9,8,32,10,14,9,23,9,12,16,0.47058823529411764,0.35714285714285715,0.5714285714285714,0.4444444444444444,0.42857142857142855,0.46938775510204084,0.0,0.5,0.8947368421052632,0.42857142857142855,0.5625,0.5555555555555556,0.4375,1.0114834308624268,51,14,14,18,7,49,18,14,19,35,16,9,32
86,0.48484848484848486,0.5,0.42857142857142855,0.3333333333333333,0.375,0.5,0.0,0.5,1.0,0.5652173913043478,0.3333333333333333,0.5833333333333334,0.4375,1.0226770639419556,33,10,7,9,8,32,10,14,9,23,9,12,16,0.47058823529411764,0.35714285714285715,0.5714285714285714,0.4444444444444444,0.42857142857142855,0.46938775510204084,0.0,0.5,0.8947368421052632,0.42857142857142855,0.5625,0.5555555555555556,0.4375,1.008904218673706,51,14,14,18,7,49,18,14,19,35,16,9,32
87,0.48484848484848486,0.5,0.42857142857142855,0.3333333333333333,0.375,0.5,0.0,0.5,1.0,0.5652173913043478,0.3333333333333333,0.5833333333333334,0.4375,1.0198928117752075,33,10,7,9,8,32,10,14,9,23,9,12,16,0.47058823529411764,0.35714285714285715,0.5714285714285714,0.4444444444444444,0.42857142857142855,0.46938775510204084,0.0,0.5,0.8947368421052632,0.42857142857142855,0.5625,0.5555555555555556,0.4375,1.0062882900238037,51,14,14,18,7,49,18,14,19,35,16,9,32
88,0.48484848484848486,0.5,0.42857142857142855,0.3333333333333333,0.375,0.5,0.0,0.5,1.0,0.5652173913043478,0.3333333333333333,0.5833333333333334,0.4375,1.0170925855636597,33,10,7,9,8,32,10,14,9,23,9,12,16,0.49019607843137253,0.35714285714285715,0.6428571428571429,0.5,0.42857142857142855,0.4897959183673469,0.0,0.5714285714285714,0.8947368421052632,0.45714285714285713,0.5625,0.5555555555555556,0.46875,1.0036369562149048,51,14,14,18,7,49,18,14,19,35,16,9,32
89,0.48484848484848486,0.5,0.42857142857142855,0.3333333333333333,0.375,0.5,0.0,0.5,1.0,0.5652173913043478,0.3333333333333333,0.5833333333333334,0.4375,1.0142804384231567,33,10,7,9,8,32,10,14,9,23,9,12,16,0.49019607843137253,0.35714285714285715,0.6428571428571429,0.5,0.42857142857142855,0.4897959183673469,0.0,0.5714285714285714,0.8947368421052632,0.45714285714285713,0.5625,0.5555555555555556,0.46875,1.0009515285491943,51,14,14,18,7,49,18,14,19,35,16,9,32
90,0.48484848484848486,0.5,0.42857142857142855,0.3333333333333333,0.375,0.5,0.0,0.5,1.0,0.5652173913043478,0.3333333333333333,0.5833333333333334,0.4375,1.011460781097412,33,10,7,9,8,32,10,14,9,23,9,12,16,0.49019607843137253,0.35714285714285715,0.6428571428571429,0.5,0.42857142857142855,0.4897959183673469,0.0,0.5714285714285714,0.8947368421052632,0.45714285714285713,0.5625,0.5555555555555556,0.46875,0.9982335567474365,51,14,14,18,7,49,18,14,19,35,16,9,32
91,0.48484848484848486,0.5,0.42857142857142855,0.3333333333333333,0.375,0.5,0.0,0.5,1.0,0.5652173913043478,0.3333333333333333,0.5833333333333334,0.4375,1.008637547492981,33,10,7,9,8,32,10,14,9,23,9,12,16,0.49019607843137253,0.35714285714285715,0.6428571428571429,0.5,0.42857142857142855,0.4897959183673469,0.0,0.5714285714285714,0.8947368421052632,0.45714285714285713,0.5625,0.5555555555555556,0.46875,0.995484471321106,51,14,14,18,7,49,18,14,19,35,16,9,32
92,0.48484848484848486,0.5,0.42857142857142855,0.3333333333333333,0.375,0.5,0.0,0.5,1.0,0.5652173913043478,0.3333333333333333,0.5833333333333334,0.4375,1.005813717842102,33,10,7,9,8,32,10,14,9,23,9,12,16,0.49019607843137253,0.35714285714285715,0.6428571428571429,0.5,0.42857142857142855,0.4897959183673469,0.0,0.5714285714285714,0.8947368421052632,0.45714285714285713,0.5625,0.5555555555555556,0.46875,0.9927062392234802,51,14,14,18,7,49,18,14,19,35,16,9,32
93,0.48484848484848486,0.5,0.42857142857142855,0.3333333333333333,0.375,0.5,0.0,0.5,1.0,0.5652173913043478,0.3333333333333333,0.5833333333333334,0.4375,1.0029923915863037,33,10,7,9,8,32,10,14,9,23,9,12,16,0.49019607843137253,0.35714285714285715,0.6428571428571429,0.5,0.42857142857142855,0.4897959183673469,0.0,0.5714285714285714,0.8947368421052632,0.45714285714285713,0.5625,0.5555555555555556,0.46875,0.9898998141288757,51,14,14,18,7,49,18,14,19,35,16,9,32
94,0.48484848484848486,0.5,0.42857142857142855,0.3333333333333333,0.375,0.5,0.0,0.5,1.0,0.5652173913043478,0.3333333333333333,0.5833333333333334,0.4375,1.000173568725586,33,10,7,9,8,32,10,14,9,23,9,12,16,0.49019607843137253,0.35714285714285715,0.6428571428571429,0.5,0.42857142857142855,0.4897959183673469,0.0,0.5714285714285714,0.8947368421052632,0.45714285714285713,0.5625,0.5555555555555556,0.46875,0.987066924571991,51,14,14,18,7,49,18,14,19,35,16,9,32
95,0.48484848484848486,0.5,0.42857142857142855,0.3333333333333333,0.375,0.5,0.0,0.5,1.0,0.5652173913043478,0.3333333333333333,0.5833333333333334,0.4375,0.9973581433296204,33,10,7,9,8,32,10,14,9,23,9,12,16,0.49019607843137253,0.35714285714285715,0.6428571428571429,0.5,0.42857142857142855,0.4897959183673469,0.0,0.5714285714285714,0.8947368421052632,0.45714285714285713,0.5625,0.5555555555555556,0.46875,0.9842086434364319,51,14,14,18,7,49,18,14,19,35,16,9,32
96,0.48484848484848486,0.5,0.42857142857142855,0.3333333333333333,0.375,0.5,0.0,0.5,1.0,0.5652173913043478,0.3333333333333333,0.5833333333333334,0.4375,0.9945447444915771,33,10,7,9,8,32,10,14,9,23,9,12,16,0.49019607843137253,0.35714285714285715,0.6428571428571429,0.5,0.42857142857142855,0.4897959183673469,0.0,0.5714285714285714,0.8947368421052632,0.45714285714285713,0.5625,0.5555555555555556,0.46875,0.9813271164894104,51,14,14,18,7,49,18,14,19,35,16,9,32
97,0.48484848484848486,0.5,0.42857142857142855,0.3333333333333333,0.375,0.5,0.0,0.5,1.0,0.5652173913043478,0.3333333333333333,0.5833333333333334,0.4375,0.9917324185371399,33,10,7,9,8,32,10,14,9,23,9,12,16,0.49019607843137253,0.35714285714285715,0.6428571428571429,0.5,0.42857142857142855,0.4897959183673469,0.0,0.5714285714285714,0.8947368421052632,0.45714285714285713,0.5625,0.5555555555555556,0.46875,0.9784228205680847,51,14,14,18,7,49,18,14,19,35,16,9,32
98,0.48484848484848486,0.5,0.42857142857142855,0.3333333333333333,0.375,0.5,0.0,0.5,1.0,0.5652173913043478,0.3333333333333333,0.5833333333333334,0.4375,0.988920271396637,33,10,7,9,8,32,10,14,9,23,9,12,16,0.49019607843137253,0.35714285714285715,0.6428571428571429,0.5,0.42857142857142855,0.4897959183673469,0.0,0.5714285714285714,0.8947368421052632,0.45714285714285713,0.5625,0.5555555555555556,0.46875,0.9754971265792847,51,14,14,18,7,49,18,14,19,35,16,9,32
99,0.48484848484848486,0.5,0.42857142857142855,0.3333333333333333,0.375,0.5,0.0,0.5,1.0,0.5652173913043478,0.3333333333333333,0.5833333333333334,0.4375,0.9861084818840027,33,10,7,9,8,32,10,14,9,23,9,12,16,0.49019607843137253,0.35714285714285715,0.6428571428571429,0.5,0.42857142857142855,0.4897959183673469,0.0,0.5714285714285714,0.8947368421052632,0.45714285714285713,0.5625,0.5555555555555556,0.46875,0.9725515842437744,51,14,14,18,7,49,18,14,19,35,16,9,32
100,0.48484848484848486,0.5,0.42857142857142855,0.3333333333333333,0.375,0.5,0.0,0.5,1.0,0.5652173913043478,0.3333333333333333,0.5833333333333334,0.4375,0.9832983016967773,33,10,7,9,8,32,10,14,9,23,9,12,16,0.49019607843137253,0.35714285714285715,0.6428571428571429,0.5,0.42857142857142855,0.4897959183673469,0.0,0.5714285714285714,0.8947368421052632,0.45714285714285713,0.5625,0.5555555555555556,0.46875,0.969586968421936,51,14,14,18,7,49,18,14,19,35,16,9,32
101,0.48484848484848486,0.5,0.42857142857142855,0.3333333333333333,0.375,0.5,0.0,0.5,1.0,0.5652173913043478,0.3333333333333333,0.5833333333333334,0.4375,0.9804927706718445,33,10,7,9,8,32,10,14,9,23,9,12,16,0.49019607843137253,0.35714285714285715,0.6428571428571429,0.5,0.42857142857142855,0.4897959183673469,0.0,0.5714285714285714,0.8947368421052632,0.45714285714285713,0.5625,0.5555555555555556,0.46875,0.9666043519973755,51,14,14,18,7,49,18,14,19,35,16,9,32
102,0.48484848484848486,0.5,0.42857142857142855,0.3333333333333333,0.375,0.5,0.0,0.5,1.0,0.5652173913043478,0.3333333333333333,0.5833333333333334,0.4375,0.9776946306228638,33,10,7,9,8,32,10,14,9,23,9,12,16,0.49019607843137253,0.35714285714285715,0.6428571428571429,0.5,0.42857142857142855,0.4897959183673469,0.0,0.5714285714285714,0.8947368421052632,0.45714285714285713,0.5625,0.5555555555555556,0.46875,0.9636048674583435,51,14,14,18,7,49,18,14,19,35,16,9,32
103,0.48484848484848486,0.5,0.42857142857142855,0.3333333333333333,0.375,0.5,0.0,0.5,1.0,0.5652173913043478,0.3333333333333333,0.5833333333333334,0.4375,0.9749070405960083,33,10,7,9,8,32,10,14,9,23,9,12,16,0.5098039215686274,0.35714285714285715,0.7142857142857143,0.5555555555555556,0.42857142857142855,0.5102040816326531,0.0,0.6428571428571429,0.8947368421052632,0.4857142857142857,0.5625,0.5555555555555556,0.46875,0.960588812828064,51,14,14,18,7,49,18,14,19,35,16,9,32
104,0.48484848484848486,0.5,0.42857142857142855,0.3333333333333333,0.375,0.5,0.0,0.5,1.0,0.5652173913043478,0.3333333333333333,0.5833333333333334,0.4375,0.9721338748931885,33,10,7,9,8,32,10,14,9,23,9,12,16,0.5098039215686274,0.35714285714285715,0.7142857142857143,0.5555555555555556,0.42857142857142855,0.5102040816326531,0.0,0.6428571428571429,0.8947368421052632,0.4857142857142857,0.5625,0.5555555555555556,0.46875,0.957557737827301,51,14,14,18,7,49,18,14,19,35,16,9,32
105,0.48484848484848486,0.5,0.42857142857142855,0.3333333333333333,0.375,0.5,0.0,0.5,1.0,0.5652173913043478,0.3333333333333333,0.5833333333333334,0.4375,0.9693768620491028,33,10,7,9,8,32,10,14,9,23,9,12,16,0.5098039215686274,0.35714285714285715,0.7142857142857143,0.5555555555555556,0.42857142857142855,0.5102040816326531,0.0,0.6428571428571429,0.8947368421052632,0.4857142857142857,0.5625,0.5555555555555556,0.46875,0.9545120000839233,51,14,14,18,7,49,18,14,19,35,16,9,32
106,0.48484848484848486,0.5,0.42857142857142855,0.3333333333333333,0.375,0.5,0.0,0.5,1.0,0.5652173913043478,0.3333333333333333,0.5833333333333334,0.4375,0.9666353464126587,33,10,7,9,8,32,10,14,9,23,9,12,16,0.5098039215686274,0.35714285714285715,0.7142857142857143,0.5555555555555556,0.42857142857142855,0.5102040816326531,0.0,0.6428571428571429,0.8947368421052632,0.4857142857142857,0.5625,0.5555555555555556,0.46875,0.9514521360397339,51,14,14,18,7,49,18,14,19,35,16,9,32
107,0.48484848484848486,0.5,0.42857142857142855,0.3333333333333333,0.375,0.5,0.0,0.5,1.0,0.5652173913043478,0.3333333333333333,0.5833333333333334,0.4375,0.9639081954956055,33,10,7,9,8,32,10,14,9,23,9,12,16,0.5098039215686274,0.35714285714285715,0.7142857142857143,0.5555555555555556,0.42857142857142855,0.5102040816326531,0.0,0.6428571428571429,0.8947368421052632,0.4857142857142857,0.5625,0.5555555555555556,0.46875,0.9483792185783386,51,14,14,18,7,49,18,14,19,35,16,9,32
108,0.48484848484848486,0.5,0.42857142857142855,0.3333333333333333,0.375,0.5,0.0,0.5,1.0,0.5652173913043478,0.3333333333333333,0.5833333333333334,0.4375,0.9611930847167969,33,10,7,9,8,32,10,14,9,23,9,12,16,0.5098039215686274,0.35714285714285715,0.7142857142857143,0.5555555555555556,0.42857142857142855,0.5102040816326531,0.0,0.6428571428571429,0.8947368421052632,0.4857142857142857,0.5625,0.5555555555555556,0.46875,0.9452932476997375,51,14,14,18,7,49,18,14,19,35,16,9,32
109,0.48484848484848486,0.5,0.42857142857142855,0.3333333333333333,0.375,0.5,0.0,0.5,1.0,0.5652173913043478,0.3333333333333333,0.5833333333333334,0.4375,0.9584886431694031,33,10,7,9,8,32,10,14,9,23,9,12,16,0.5098039215686274,0.35714285714285715,0.7142857142857143,0.5555555555555556,0.42857142857142855,0.5102040816326531,0.0,0.6428571428571429,0.8947368421052632,0.4857142857142857,0.5625,0.5555555555555556,0.46875,0.9421946406364441,51,14,14,18,7,49,18,14,19,35,16,9,32
110,0.48484848484848486,0.5,0.42857142857142855,0.3333333333333333,0.375,0.5,0.0,0.5,1.0,0.5652173913043478,0.3333333333333333,0.5833333333333334,0.4375,0.9557944536209106,33,10,7,9,8,32,10,14,9,23,9,12,16,0.5098039215686274,0.35714285714285715,0.7142857142857143,0.5555555555555556,0.42857142857142855,0.5102040816326531,0.0,0.6428571428571429,0.8947368421052632,0.4857142857142857,0.5625,0.5555555555555556,0.46875,0.939083993434906,51,14,14,18,7,49,18,14,19,35,16,9,32
111,0.48484848484848486,0.5,0.42857142857142855,0.3333333333333333,0.375,0.5,0.0,0.5,1.0,0.5652173913043478,0.3333333333333333,0.5833333333333334,0.4375,0.9531121850013733,33,10,7,9,8,32,10,14,9,23,9,12,16,0.49019607843137253,0.35714285714285715,0.7142857142857143,0.5,0.42857142857142855,0.4897959183673469,0.0,0.6428571428571429,0.8421052631578947,0.4857142857142857,0.5,0.5555555555555556,0.4375,0.9359615445137024,51,14,14,18,7,49,18,14,19,35,16,9,32
112,0.48484848484848486,0.5,0.42857142857142855,0.3333333333333333,0.375,0.5,0.0,0.5,1.0,0.5652173913043478,0.3333333333333333,0.5833333333333334,0.4375,0.9504450559616089,33,10,7,9,8,32,10,14,9,23,9,12,16,0.49019607843137253,0.35714285714285715,0.7142857142857143,0.5,0.42857142857142855,0.4897959183673469,0.0,0.6428571428571429,0.8421052631578947,0.4857142857142857,0.5,0.5555555555555556,0.4375,0.9328275322914124,51,14,14,18,7,49,18,14,19,35,16,9,32
113,0.48484848484848486,0.5,0.42857142857142855,0.3333333333333333,0.375,0.5,0.0,0.5,1.0,0.5652173913043478,0.3333333333333333,0.5833333333333334,0.4375,0.9477965235710144,33,10,7,9,8,32,10,14,9,23,9,12,16,0.49019607843137253,0.35714285714285715,0.7142857142857143,0.5,0.42857142857142855,0.4897959183673469,0.0,0.6428571428571429,0.8421052631578947,0.4857142857142857,0.5,0.5555555555555556,0.4375,0.9296818375587463,51,14,14,18,7,49,18,14,19,35,16,9,32
114,0.48484848484848486,0.5,0.42857142857142855,0.3333333333333333,0.375,0.5,0.0,0.5,1.0,0.5652173913043478,0.3333333333333333,0.5833333333333334,0.4375,0.9451684355735779,33,10,7,9,8,32,10,14,9,23,9,12,16,0.49019607843137253,0.35714285714285715,0.7142857142857143,0.5,0.42857142857142855,0.4897959183673469,0.0,0.6428571428571429,0.8421052631578947,0.4857142857142857,0.5,0.5555555555555556,0.4375,0.926524817943573,51,14,14,18,7,49,18,14,19,35,16,9,32
115,0.48484848484848486,0.5,0.42857142857142855,0.3333333333333333,0.375,0.5,0.0,0.5,1.0,0.5652173913043478,0.3333333333333333,0.5833333333333334,0.4375,0.9425609111785889,33,10,7,9,8,32,10,14,9,23,9,12,16,0.49019607843137253,0.35714285714285715,0.7142857142857143,0.5,0.42857142857142855,0.4897959183673469,0.0,0.6428571428571429,0.8421052631578947,0.4857142857142857,0.5,0.5555555555555556,0.4375,0.9233565330505371,51,14,14,18,7,49,18,14,19,35,16,9,32
116,0.48484848484848486,0.5,0.42857142857142855,0.3333333333333333,0.375,0.5,0.0,0.5,1.0,0.5652173913043478,0.3333333333333333,0.5833333333333334,0.4375,0.9399699568748474,33,10,7,9,8,32,10,14,9,23,9,12,16,0.49019607843137253,0.35714285714285715,0.7142857142857143,0.5,0.42857142857142855,0.4897959183673469,0.0,0.6428571428571429,0.8421052631578947,0.4857142857142857,0.5,0.5555555555555556,0.4375,0.92017662525177,51,14,14,18,7,49,18,14,19,35,16,9,32
117,0.5151515151515151,0.5,0.5714285714285714,0.3333333333333333,0.375,0.53125,0.0,0.5714285714285714,1.0,0.5652173913043478,0.4444444444444444,0.5833333333333334,0.4375,0.9373902678489685,33,10,7,9,8,32,10,14,9,23,9,12,16,0.49019607843137253,0.35714285714285715,0.7142857142857143,0.5,0.42857142857142855,0.4897959183673469,0.0,0.6428571428571429,0.8421052631578947,0.4857142857142857,0.5,0.5555555555555556,0.4375,0.9169848561286926,51,14,14,18,7,49,18,14,19,35,16,9,32
118,0.5151515151515151,0.5,0.5714285714285714,0.3333333333333333,0.375,0.53125,0.0,0.5714285714285714,1.0,0.5652173913043478,0.4444444444444444,0.5833333333333334,0.4375,0.9348176121711731,33,10,7,9,8,32,10,14,9,23,9,12,16,0.47058823529411764,0.35714285714285715,0.6428571428571429,0.4444444444444444,0.42857142857142855,0.46938775510204084,0.0,0.6428571428571429,0.7894736842105263,0.45714285714285713,0.5,0.5555555555555556,0.40625,0.9137815833091736,51,14,14,18,7,49,18,14,19,35,16,9,32
119,0.5151515151515151,0.5,0.5714285714285714,0.3333333333333333,0.375,0.53125,0.0,0.5714285714285714,1.0,0.5652173913043478,0.4444444444444444,0.5833333333333334,0.4375,0.9322510361671448,33,10,7,9,8,32,10,14,9,23,9,12,16,0.47058823529411764,0.35714285714285715,0.6428571428571429,0.4444444444444444,0.42857142857142855,0.46938775510204084,0.0,0.6428571428571429,0.7894736842105263,0.45714285714285713,0.5,0.5555555555555556,0.40625,0.9105658531188965,51,14,14,18,7,49,18,14,19,35,16,9,32
120,0.5151515151515151,0.5,0.5714285714285714,0.3333333333333333,0.375,0.53125,0.0,0.5714285714285714,1.0,0.5652173913043478,0.4444444444444444,0.5833333333333334,0.4375,0.9296935200691223,33,10,7,9,8,32,10,14,9,23,9,12,16,0.47058823529411764,0.35714285714285715,0.6428571428571429,0.4444444444444444,0.42857142857142855,0.46938775510204084,0.0,0.6428571428571429,0.7894736842105263,0.45714285714285713,0.5,0.5555555555555556,0.40625,0.9073379635810852,51,14,14,18,7,49,18,14,19,35,16,9,32
121,0.5151515151515151,0.5,0.5714285714285714,0.3333333333333333,0.375,0.53125,0.0,0.5714285714285714,1.0,0.5652173913043478,0.4444444444444444,0.5833333333333334,0.4375,0.927151620388031,33,10,7,9,8,32,10,14,9,23,9,12,16,0.47058823529411764,0.35714285714285715,0.6428571428571429,0.4444444444444444,0.42857142857142855,0.46938775510204084,0.0,0.6428571428571429,0.7894736842105263,0.45714285714285713,0.5,0.5555555555555556,0.40625,0.9040968418121338,51,14,14,18,7,49,18,14,19,35,16,9,32
122,0.5151515151515151,0.5,0.5714285714285714,0.3333333333333333,0.375,0.53125,0.0,0.5714285714285714,1.0,0.5652173913043478,0.4444444444444444,0.5833333333333334,0.4375,0.9246297478675842,33,10,7,9,8,32,10,14,9,23,9,12,16,0.47058823529411764,0.35714285714285715,0.6428571428571429,0.4444444444444444,0.42857142857142855,0.46938775510204084,0.0,0.6428571428571429,0.7894736842105263,0.45714285714285713,0.5,0.5555555555555556,0.40625,0.9008423089981079,51,14,14,18,7,49,18,14,19,35,16,9,32
123,0.5151515151515151,0.5,0.5714285714285714,0.3333333333333333,0.375,0.53125,0.0,0.5714285714285714,1.0,0.5652173913043478,0.4444444444444444,0.5833333333333334,0.4375,0.9221286177635193,33,10,7,9,8,32,10,14,9,23,9,12,16,0.47058823529411764,0.35714285714285715,0.6428571428571429,0.4444444444444444,0.42857142857142855,0.46938775510204084,0.0,0.6428571428571429,0.7894736842105263,0.45714285714285713,0.5,0.5555555555555556,0.40625,0.8975732922554016,51,14,14,18,7,49,18,14,19,35,16,9,32
124,0.5151515151515151,0.5,0.5714285714285714,0.3333333333333333,0.375,0.53125,0.0,0.5714285714285714,1.0,0.5652173913043478,0.4444444444444444,0.5833333333333334,0.4375,0.9196447730064392,33,10,7,9,8,32,10,14,9,23,9,12,16,0.49019607843137253,0.35714285714285715,0.7142857142857143,0.5,0.42857142857142855,0.4897959183673469,0.0,0.7142857142857143,0.7894736842105263,0.4857142857142857,0.5,0.6666666666666666,0.4375,0.894289493560791,51,14,14,18,7,49,18,14,19,35,16,9,32
125,0.5151515151515151,0.5,0.5714285714285714,0.3333333333333333,0.375,0.53125,0.0,0.5714285714285714,1.0,0.5652173913043478,0.4444444444444444,0.5833333333333334,0.4375,0.917172372341156,33,10,7,9,8,32,10,14,9,23,9,12,16,0.49019607843137253,0.35714285714285715,0.7142857142857143,0.5,0.42857142857142855,0.4897959183673469,0.0,0.7142857142857143,0.7894736842105263,0.4857142857142857,0.5,0.6666666666666666,0.4375,0.8909902572631836,51,14,14,18,7,49,18,14,19,35,16,9,32
126,0.5151515151515151,0.5,0.5714285714285714,0.3333333333333333,0.375,0.53125,0.0,0.5714285714285714,1.0,0.5652173913043478,0.4444444444444444,0.5833333333333334,0.4375,0.914706289768219,33,10,7,9,8,32,10,14,9,23,9,12,16,0.49019607843137253,0.35714285714285715,0.7142857142857143,0.5,0.42857142857142855,0.4897959183673469,0.0,0.7142857142857143,0.7894736842105263,0.4857142857142857,0.5,0.6666666666666666,0.4375,0.8876736164093018,51,14,14,18,7,49,18,14,19,35,16,9,32
127,0.5151515151515151,0.5,0.5714285714285714,0.3333333333333333,0.375,0.53125,0.0,0.5714285714285714,1.0,0.5652173913043478,0.4444444444444444,0.5833333333333334,0.4375,0.9122459888458252,33,10,7,9,8,32,10,14,9,23,9,12,16,0.49019607843137253,0.35714285714285715,0.7142857142857143,0.5,0.42857142857142855,0.4897959183673469,0.0,0.7142857142857143,0.7894736842105263,0.4857142857142857,0.5,0.6666666666666666,0.4375,0.8843395113945007,51,14,14,18,7,49,18,14,19,35,16,9,32
128,0.5151515151515151,0.5,0.5714285714285714,0.3333333333333333,0.375,0.53125,0.0,0.5714285714285714,1.0,0.5652173913043478,0.4444444444444444,0.5833333333333334,0.4375,0.9097951650619507,33,10,7,9,8,32,10,14,9,23,9,12,16,0.49019607843137253,0.35714285714285715,0.7142857142857143,0.5,0.42857142857142855,0.4897959183673469,0.0,0.7142857142857143,0.7894736842105263,0.4857142857142857,0.5,0.6666666666666666,0.4375,0.8809860348701477,51,14,14,18,7,49,18,14,19,35,16,9,32
129,0.5151515151515151,0.5,0.5714285714285714,0.3333333333333333,0.375,0.53125,0.0,0.5714285714285714,1.0,0.5652173913043478,0.4444444444444444,0.5833333333333334,0.4375,0.907360851764679,33,10,7,9,8,32,10,14,9,23,9,12,16,0.49019607843137253,0.35714285714285715,0.7142857142857143,0.5,0.42857142857142855,0.4897959183673469,0.0,0.7142857142857143,0.7894736842105263,0.4857142857142857,0.5,0.6666666666666666,0.4375,0.8776121735572815,51,14,14,18,7,49,18,14,19,35,16,9,32
130,0.5151515151515151,0.5,0.5714285714285714,0.3333333333333333,0.375,0.53125,0.0,0.5714285714285714,1.0,0.5652173913043478,0.4444444444444444,0.5833333333333334,0.4375,0.9049484729766846,33,10,7,9,8,32,10,14,9,23,9,12,16,0.49019607843137253,0.35714285714285715,0.7142857142857143,0.5,0.42857142857142855,0.4897959183673469,0.0,0.7142857142857143,0.7894736842105263,0.4857142857142857,0.5,0.6666666666666666,0.4375,0.8742169141769409,51,14,14,18,7,49,18,14,19,35,16,9,32
131,0.5151515151515151,0.5,0.5714285714285714,0.3333333333333333,0.375,0.53125,0.0,0.5714285714285714,1.0,0.5652173913043478,0.4444444444444444,0.5833333333333334,0.4375,0.9025570154190063,33,10,7,9,8,32,10,14,9,23,9,12,16,0.5098039215686274,0.42857142857142855,0.7142857142857143,0.5555555555555556,0.5714285714285714,0.5102040816326531,0.05555555555555555,0.7142857142857143,0.7894736842105263,0.5142857142857142,0.5,0.6666666666666666,0.46875,0.8707985281944275,51,14,14,18,7,49,18,14,19,35,16,9,32
132,0.5151515151515151,0.5,0.5714285714285714,0.3333333333333333,0.375,0.53125,0.0,0.5714285714285714,1.0,0.5652173913043478,0.4444444444444444,0.5833333333333334,0.4375,0.9001824855804443,33,10,7,9,8,32,10,14,9,23,9,12,16,0.5098039215686274,0.42857142857142855,0.7142857142857143,0.5555555555555556,0.5714285714285714,0.5102040816326531,0.05555555555555555,0.7142857142857143,0.7894736842105263,0.5142857142857142,0.5,0.6666666666666666,0.46875,0.8673564791679382,51,14,14,18,7,49,18,14,19,35,16,9,32
133,0.5151515151515151,0.5,0.5714285714285714,0.3333333333333333,0.375,0.53125,0.0,0.5714285714285714,1.0,0.5652173913043478,0.4444444444444444,0.5833333333333334,0.4375,0.8978235125541687,33,10,7,9,8,32,10,14,9,23,9,12,16,0.5294117647058824,0.5,0.7857142857142857,0.6111111111111112,0.5714285714285714,0.5306122448979592,0.05555555555555555,0.7857142857142857,0.7894736842105263,0.5428571428571428,0.5,0.6666666666666666,0.5,0.8638891577720642,51,14,14,18,7,49,18,14,19,35,16,9,32
134,0.5151515151515151,0.5,0.5714285714285714,0.3333333333333333,0.375,0.53125,0.0,0.5714285714285714,1.0,0.5652173913043478,0.4444444444444444,0.5833333333333334,0.4375,0.8954817056655884,33,10,7,9,8,32,10,14,9,23,9,12,16,0.5294117647058824,0.5,0.7857142857142857,0.6111111111111112,0.5714285714285714,0.5306122448979592,0.05555555555555555,0.7857142857142857,0.7894736842105263,0.5428571428571428,0.5,0.6666666666666666,0.5,0.8603959679603577,51,14,14,18,7,49,18,14,19,35,16,9,32
135,0.5151515151515151,0.5,0.5714285714285714,0.3333333333333333,0.375,0.53125,0.0,0.5714285714285714,1.0,0.5652173913043478,0.4444444444444444,0.5833333333333334,0.4375,0.8931625485420227,33,10,7,9,8,32,10,14,9,23,9,12,16,0.5490196078431373,0.5714285714285714,0.7857142857142857,0.6111111111111112,0.7142857142857143,0.5306122448979592,0.05555555555555555,0.8571428571428571,0.7894736842105263,0.5714285714285714,0.5,0.6666666666666666,0.53125,0.8568761944770813,51,14,14,18,7,49,18,14,19,35,16,9,32
136,0.5151515151515151,0.5,0.5714285714285714,0.3333333333333333,0.375,0.53125,0.0,0.5714285714285714,1.0,0.5652173913043478,0.4444444444444444,0.5833333333333334,0.4375,0.8908747434616089,33,10,7,9,8,32,10,14,9,23,9,12,16,0.5490196078431373,0.5714285714285714,0.7857142857142857,0.6111111111111112,0.7142857142857143,0.5306122448979592,0.05555555555555555,0.8571428571428571,0.7894736842105263,0.5714285714285714,0.5,0.6666666666666666,0.53125,0.8533293008804321,51,14,14,18,7,49,18,14,19,35,16,9,32
137,0.5151515151515151,0.5,0.5714285714285714,0.3333333333333333,0.375,0.53125,0.0,0.5714285714285714,1.0,0.5652173913043478,0.4444444444444444,0.5833333333333334,0.4375,0.8886251449584961,33,10,7,9,8,32,10,14,9,23,9,12,16,0.5490196078431373,0.5714285714285714,0.7857142857142857,0.6111111111111112,0.7142857142857143,0.5306122448979592,0.05555555555555555,0.8571428571428571,0.7894736842105263,0.5714285714285714,0.5,0.6666666666666666,0.53125,0.8497541546821594,51,14,14,18,7,49,18,14,19,35,16,9,32
138,0.48484848484848486,0.5,0.5714285714285714,0.2222222222222222,0.375,0.5,0.0,0.5714285714285714,0.8888888888888888,0.5217391304347826,0.4444444444444444,0.5833333333333334,0.375,0.8864164352416992,33,10,7,9,8,32,10,14,9,23,9,12,16,0.5490196078431373,0.5714285714285714,0.7857142857142857,0.6111111111111112,0.7142857142857143,0.5306122448979592,0.05555555555555555,0.8571428571428571,0.7894736842105263,0.5714285714285714,0.5,0.6666666666666666,0.53125,0.8461509346961975,51,14,14,18,7,49,18,14,19,35,16,9,32
139,0.48484848484848486,0.5,0.5714285714285714,0.2222222222222222,0.375,0.5,0.0,0.5714285714285714,0.8888888888888888,0.5217391304347826,0.4444444444444444,0.5833333333333334,0.375,0.8842476010322571,33,10,7,9,8,32,10,14,9,23,9,12,16,0.5490196078431373,0.5714285714285714,0.7857142857142857,0.6111111111111112,0.7142857142857143,0.5306122448979592,0.05555555555555555,0.8571428571428571,0.7894736842105263,0.5714285714285714,0.5,0.6666666666666666,0.53125,0.8425194025039673,51,14,14,18,7,49,18,14,19,35,16,9,32
140,0.48484848484848486,0.5,0.5714285714285714,0.2222222222222222,0.375,0.5,0.0,0.5714285714285714,0.8888888888888888,0.5217391304347826,0.4444444444444444,0.5833333333333334,0.375,0.882119357585907,33,10,7,9,8,32,10,14,9,23,9,12,16,0.5686274509803921,0.5714285714285714,0.7857142857142857,0.6111111111111112,0.7142857142857143,0.5510204081632653,0.1111111111111111,0.8571428571428571,0.7894736842105263,0.6,0.5,0.6666666666666666,0.5625,0.8388597965240479,51,14,14,18,7,49,18,14,19,35,16,9,32
141,0.48484848484848486,0.5,0.5714285714285714,0.2222222222222222,0.375,0.5,0.0,0.6428571428571429,0.7777777777777778,0.4782608695652174,0.5555555555555556,0.5,0.375,0.880038857460022,33,10,7,9,8,32,10,14,9,23,9,12,16,0.5686274509803921,0.5714285714285714,0.7857142857142857,0.6111111111111112,0.7142857142857143,0.5510204081632653,0.1111111111111111,0.8571428571428571,0.7894736842105263,0.6,0.5,0.6666666666666666,0.5625,0.835172712802887,51,14,14,18,7,49,18,14,19,35,16,9,32
142,0.45454545454545453,0.4,0.42857142857142855,0.1111111111111111,0.25,0.46875,0.0,0.6428571428571429,0.6666666666666666,0.43478260869565216,0.5555555555555556,0.5,0.375,0.8780161738395691,33,10,7,9,8,32,10,14,9,23,9,12,16,0.5686274509803921,0.5714285714285714,0.7857142857142857,0.6111111111111112,0.7142857142857143,0.5510204081632653,0.1111111111111111,0.8571428571428571,0.7894736842105263,0.6,0.5,0.6666666666666666,0.5625,0.8314581513404846,51,14,14,18,7,49,18,14,19,35,16,9,32
143,0.45454545454545453,0.4,0.42857142857142855,0.1111111111111111,0.25,0.46875,0.0,0.6428571428571429,0.6666666666666666,0.43478260869565216,0.5555555555555556,0.5,0.375,0.876057505607605,33,10,7,9,8,32,10,14,9,23,9,12,16,0.5686274509803921,0.5714285714285714,0.7857142857142857,0.6111111111111112,0.7142857142857143,0.5510204081632653,0.1111111111111111,0.8571428571428571,0.7894736842105263,0.6,0.5,0.6666666666666666,0.5625,0.8277162313461304,51,14,14,18,7,49,18,14,19,35,16,9,32
144,0.42424242424242425,0.4,0.42857142857142855,0.1111111111111111,0.25,0.4375,0.0,0.6428571428571429,0.5555555555555556,0.391304347826087,0.5555555555555556,0.4166666666666667,0.375,0.8741623759269714,33,10,7,9,8,32,10,14,9,23,9,12,16,0.5686274509803921,0.5714285714285714,0.7857142857142857,0.6111111111111112,0.7142857142857143,0.5510204081632653,0.1111111111111111,0.8571428571428571,0.7894736842105263,0.6,0.5,0.6666666666666666,0.5625,0.8239477276802063,51,14,14,18,7,49,18,14,19,35,16,9,32
145,0.42424242424242425,0.4,0.42857142857142855,0.1111111111111111,0.25,0.4375,0.0,0.6428571428571429,0.5555555555555556,0.391304347826087,0.5555555555555556,0.4166666666666667,0.375,0.8723281025886536,33,10,7,9,8,32,10,14,9,23,9,12,16,0.5882352941176471,0.5714285714285714,0.8571428571428571,0.6111111111111112,0.7142857142857143,0.5714285714285714,0.1111111111111111,0.9285714285714286,0.7894736842105263,0.6285714285714286,0.5,0.6666666666666666,0.59375,0.8201525211334229,51,14,14,18,7,49,18,14,19,35,16,9,32
146,0.42424242424242425,0.4,0.42857142857142855,0.1111111111111111,0.25,0.4375,0.0,0.6428571428571429,0.5555555555555556,0.391304347826087,0.5555555555555556,0.4166666666666667,0.375,0.8705589771270752,33,10,7,9,8,32,10,14,9,23,9,12,16,0.6078431372549019,0.5714285714285714,0.8571428571428571,0.6111111111111112,0.7142857142857143,0.5918367346938775,0.16666666666666666,0.9285714285714286,0.7894736842105263,0.6571428571428571,0.5,0.6666666666666666,0.625,0.8163309097290039,51,14,14,18,7,49,18,14,19,35,16,9,32
147,0.42424242424242425,0.4,0.42857142857142855,0.1111111111111111,0.25,0.4375,0.0,0.6428571428571429,0.5555555555555556,0.391304347826087,0.5555555555555556,0.4166666666666667,0.375,0.8688662052154541,33,10,7,9,8,32,10,14,9,23,9,12,16,0.6078431372549019,0.5714285714285714,0.8571428571428571,0.6111111111111112,0.7142857142857143,0.5918367346938775,0.16666666666666666,0.9285714285714286,0.7894736842105263,0.6571428571428571,0.5,0.6666666666666666,0.625,0.812483549118042,51,14,14,18,7,49,18,14,19,35,16,9,32
148,0.45454545454545453,0.4,0.42857142857142855,0.1111111111111111,0.25,0.46875,0.1,0.6428571428571429,0.5555555555555556,0.391304347826087,0.6666666666666666,0.4166666666666667,0.4375,0.8672633171081543,33,10,7,9,8,32,10,14,9,23,9,12,16,0.5882352941176471,0.5714285714285714,0.7857142857142857,0.5555555555555556,0.7142857142857143,0.5714285714285714,0.16666666666666666,0.9285714285714286,0.7368421052631579,0.6285714285714286,0.5,0.6666666666666666,0.59375,0.8086105585098267,51,14,14,18,7,49,18,14,19,35,16,9,32
149,0.5454545454545454,0.5,0.5714285714285714,0.1111111111111111,0.25,0.5625,0.4,0.6428571428571429,0.5555555555555556,0.43478260869565216,0.8888888888888888,0.6666666666666666,0.4375,0.8657608032226562,33,10,7,9,8,32,10,14,9,23,9,12,16,0.6078431372549019,0.6428571428571429,0.7857142857142857,0.6111111111111112,0.7142857142857143,0.5918367346938775,0.2222222222222222,0.9285714285714286,0.7368421052631579,0.6571428571428571,0.5,0.6666666666666666,0.59375,0.8047123551368713,51,14,14,18,7,49,18,14,19,35,16,9,32
150,0.5454545454545454,0.5,0.5714285714285714,0.1111111111111111,0.25,0.5625,0.4,0.6428571428571429,0.5555555555555556,0.43478260869565216,0.8888888888888888,0.6666666666666666,0.4375,0.8643577694892883,33,10,7,9,8,32,10,14,9,23,9,12,16,0.6078431372549019,0.6428571428571429,0.7857142857142857,0.6111111111111112,0.7142857142857143,0.5918367346938775,0.2222222222222222,0.9285714285714286,0.7368421052631579,0.6571428571428571,0.5,0.6666666666666666,0.59375,0.8007892370223999,51,14,14,18,7,49,18,14,19,35,16,9,32
151,0.5454545454545454,0.5,0.42857142857142855,0.1111111111111111,0.25,0.5625,0.5,0.6428571428571429,0.4444444444444444,0.43478260869565216,0.8888888888888888,0.6666666666666666,0.5,0.8630418181419373,33,10,7,9,8,32,10,14,9,23,9,12,16,0.5882352941176471,0.6428571428571429,0.7857142857142857,0.6111111111111112,0.7142857142857143,0.5714285714285714,0.2222222222222222,0.9285714285714286,0.6842105263157895,0.6285714285714286,0.5,0.5555555555555556,0.5625,0.796841025352478,51,14,14,18,7,49,18,14,19,35,16,9,32
152,0.5151515151515151,0.4,0.42857142857142855,0.1111111111111111,0.25,0.53125,0.5,0.6428571428571429,0.3333333333333333,0.391304347826087,0.8888888888888888,0.6666666666666666,0.4375,0.861810564994812,33,10,7,9,8,32,10,14,9,23,9,12,16,0.5882352941176471,0.6428571428571429,0.7857142857142857,0.6111111111111112,0.7142857142857143,0.5714285714285714,0.2777777777777778,0.9285714285714286,0.631578947368421,0.6571428571428571,0.4375,0.5555555555555556,0.59375,0.7928668260574341,51,14,14,18,7,49,18,14,19,35,16,9,32
153,0.5757575757575758,0.5,0.5714285714285714,0.3333333333333333,0.25,0.59375,0.7,0.6428571428571429,0.3333333333333333,0.4782608695652174,0.8888888888888888,0.6666666666666666,0.4375,0.8606868982315063,33,10,7,9,8,32,10,14,9,23,9,12,16,0.5686274509803921,0.6428571428571429,0.7142857142857143,0.6666666666666666,0.5714285714285714,0.5714285714285714,0.3333333333333333,0.9285714285714286,0.5263157894736842,0.6571428571428571,0.375,0.6666666666666666,0.625,0.788865864276886,51,14,14,18,7,49,18,14,19,35,16,9,32
154,0.5757575757575758,0.5,0.5714285714285714,0.3333333333333333,0.375,0.59375,0.8,0.6428571428571429,0.2222222222222222,0.4782608695652174,0.8888888888888888,0.6666666666666666,0.5,0.8596935868263245,33,10,7,9,8,32,10,14,9,23,9,12,16,0.5686274509803921,0.5714285714285714,0.7142857142857143,0.6666666666666666,0.5714285714285714,0.5714285714285714,0.5,0.9285714285714286,0.3684210526315789,0.7142857142857143,0.25,0.6666666666666666,0.71875,0.78483647108078,51,14,14,18,7,49,18,14,19,35,16,9,32
155,0.6363636363636364,0.5,0.7142857142857143,0.5555555555555556,0.625,0.65625,1.0,0.6428571428571429,0.2222222222222222,0.5652173913043478,0.8888888888888888,0.75,0.5,0.8588278293609619,33,10,7,9,8,32,10,14,9,23,9,12,16,0.5490196078431373,0.35714285714285715,0.6428571428571429,0.6666666666666666,0.42857142857142855,0.5510204081632653,0.6111111111111112,0.9285714285714286,0.21052631578947367,0.6857142857142857,0.25,0.7777777777777778,0.71875,0.7807773351669312,51,14,14,18,7,49,18,14,19,35,16,9,32
156,0.5757575757575758,0.4,0.7142857142857143,0.5555555555555556,0.5,0.59375,1.0,0.6428571428571429,0.0,0.4782608695652174,0.8888888888888888,0.6666666666666666,0.4375,0.8580677509307861,33,10,7,9,8,32,10,14,9,23,9,12,16,0.5882352941176471,0.42857142857142855,0.7142857142857143,0.7222222222222222,0.42857142857142855,0.5918367346938775,0.7222222222222222,0.9285714285714286,0.21052631578947367,0.7142857142857143,0.3125,0.7777777777777778,0.75,0.7766870260238647,51,14,14,18,7,49,18,14,19,35,16,9,32
157,0.5757575757575758,0.4,0.7142857142857143,0.5555555555555556,0.5,0.59375,1.0,0.6428571428571429,0.0,0.4782608695652174,0.8888888888888888,0.6666666666666666,0.4375,0.8573995232582092,33,10,7,9,8,32,10,14,9,23,9,12,16,0.5294117647058824,0.35714285714285715,0.5714285714285714,0.6111111111111112,0.42857142857142855,0.5306122448979592,0.7222222222222222,0.9285714285714286,0.05263157894736842,0.6285714285714286,0.3125,0.7777777777777778,0.65625,0.7725641131401062,51,14,14,18,7,49,18,14,19,35,16,9,32
158,0.5757575757575758,0.4,0.7142857142857143,0.5555555555555556,0.5,0.59375,1.0,0.6428571428571429,0.0,0.4782608695652174,0.8888888888888888,0.6666666666666666,0.4375,0.8568443059921265,33,10,7,9,8,32,10,14,9,23,9,12,16,0.5490196078431373,0.42857142857142855,0.5,0.5555555555555556,0.42857142857142855,0.5510204081632653,0.8333333333333334,0.9285714285714286,0.0,0.6571428571428571,0.3125,0.7777777777777778,0.6875,0.7684063911437988,51,14,14,18,7,49,18,14,19,35,16,9,32
159,0.5757575757575758,0.4,0.7142857142857143,0.5555555555555556,0.5,0.59375,1.0,0.6428571428571429,0.0,0.4782608695652174,0.8888888888888888,0.6666666666666666,0.4375,0.8564302921295166,33,10,7,9,8,32,10,14,9,23,9,12,16,0.5686274509803921,0.5,0.5,0.5555555555555556,0.42857142857142855,0.5714285714285714,0.8888888888888888,0.9285714285714286,0.0,0.6571428571428571,0.375,0.7777777777777778,0.6875,0.7642117142677307,51,14,14,18,7,49,18,14,19,35,16,9,32
160,0.5757575757575758,0.4,0.7142857142857143,0.5555555555555556,0.5,0.59375,1.0,0.6428571428571429,0.0,0.4782608695652174,0.8888888888888888,0.6666666666666666,0.4375,0.8561573028564453,33,10,7,9,8,32,10,14,9,23,9,12,16,0.5882352941176471,0.5714285714285714,0.5,0.6111111111111112,0.5714285714285714,0.5918367346938775,0.9444444444444444,0.9285714285714286,0.0,0.6857142857142857,0.375,0.7777777777777778,0.71875,0.7599784731864929,51,14,14,18,7,49,18,14,19,35,16,9,32
161,0.5757575757575758,0.4,0.7142857142857143,0.5555555555555556,0.5,0.59375,1.0,0.6428571428571429,0.0,0.4782608695652174,0.8888888888888888,0.6666666666666666,0.4375,0.8560053110122681,33,10,7,9,8,32,10,14,9,23,9,12,16,0.5882352941176471,0.5714285714285714,0.5,0.6111111111111112,0.5714285714285714,0.5918367346938775,0.9444444444444444,0.9285714285714286,0.0,0.6857142857142857,0.375,0.7777777777777778,0.71875,0.7557048201560974,51,14,14,18,7,49,18,14,19,35,16,9,32
162,0.5757575757575758,0.4,0.7142857142857143,0.5555555555555556,0.5,0.59375,1.0,0.6428571428571429,0.0,0.4782608695652174,0.8888888888888888,0.6666666666666666,0.4375,0.8559648394584656,33,10,7,9,8,32,10,14,9,23,9,12,16,0.5882352941176471,0.5714285714285714,0.5,0.6111111111111112,0.5714285714285714,0.5918367346938775,0.9444444444444444,0.9285714285714286,0.0,0.6857142857142857,0.375,0.7777777777777778,0.71875,0.7513885498046875,51,14,14,18,7,49,18,14,19,35,16,9,32
163,0.5757575757575758,0.4,0.7142857142857143,0.5555555555555556,0.5,0.59375,1.0,0.6428571428571429,0.0,0.4782608695652174,0.8888888888888888,0.6666666666666666,0.4375,0.8560590744018555,33,10,7,9,8,32,10,14,9,23,9,12,16,0.5882352941176471,0.5714285714285714,0.5,0.6111111111111112,0.5714285714285714,0.5918367346938775,0.9444444444444444,0.9285714285714286,0.0,0.6857142857142857,0.375,0.7777777777777778,0.71875,0.7470284104347229,51,14,14,18,7,49,18,14,19,35,16,9,32
164,0.5757575757575758,0.4,0.7142857142857143,0.5555555555555556,0.5,0.59375,1.0,0.6428571428571429,0.0,0.4782608695652174,0.8888888888888888,0.6666666666666666,0.4375,0.8563077449798584,33,10,7,9,8,32,10,14,9,23,9,12,16,0.5882352941176471,0.5714285714285714,0.5,0.6111111111111112,0.5714285714285714,0.5918367346938775,0.9444444444444444,0.9285714285714286,0.0,0.6857142857142857,0.375,0.7777777777777778,0.71875,0.7426228523254395,51,14,14,18,7,49,18,14,19,35,16,9,32
165,0.5757575757575758,0.4,0.7142857142857143,0.5555555555555556,0.5,0.59375,1.0,0.6428571428571429,0.0,0.4782608695652174,0.8888888888888888,0.6666666666666666,0.4375,0.8567013740539551,33,10,7,9,8,32,10,14,9,23,9,12,16,0.5882352941176471,0.5714285714285714,0.5,0.6111111111111112,0.5714285714285714,0.5918367346938775,0.9444444444444444,0.9285714285714286,0.0,0.6857142857142857,0.375,0.7777777777777778,0.71875,0.738170862197876,51,14,14,18,7,49,18,14,19,35,16,9,32
166,0.5757575757575758,0.4,0.7142857142857143,0.5555555555555556,0.5,0.59375,1.0,0.6428571428571429,0.0,0.4782608695652174,0.8888888888888888,0.6666666666666666,0.4375,0.8572201728820801,33,10,7,9,8,32,10,14,9,23,9,12,16,0.5882352941176471,0.5714285714285714,0.5,0.6111111111111112,0.5714285714285714,0.5918367346938775,0.9444444444444444,0.9285714285714286,0.0,0.6857142857142857,0.375,0.7777777777777778,0.71875,0.7336709499359131,51,14,14,18,7,49,18,14,19,35,16,9,32
167,0.5757575757575758,0.4,0.7142857142857143,0.5555555555555556,0.5,0.59375,1.0,0.6428571428571429,0.0,0.4782608695652174,0.8888888888888888,0.6666666666666666,0.4375,0.8578788042068481,33,10,7,9,8,32,10,14,9,23,9,12,16,0.5882352941176471,0.5714285714285714,0.5,0.6111111111111112,0.5714285714285714,0.5918367346938775,0.9444444444444444,0.9285714285714286,0.0,0.6857142857142857,0.375,0.7777777777777778,0.71875,0.729123055934906,51,14,14,18,7,49,18,14,19,35,16,9,32
168,0.5757575757575758,0.4,0.7142857142857143,0.5555555555555556,0.5,0.59375,1.0,0.6428571428571429,0.0,0.4782608695652174,0.8888888888888888,0.6666666666666666,0.4375,0.8587106466293335,33,10,7,9,8,32,10,14,9,23,9,12,16,0.5882352941176471,0.5714285714285714,0.5,0.6111111111111112,0.5714285714285714,0.5918367346938775,0.9444444444444444,0.9285714285714286,0.0,0.6857142857142857,0.375,0.7777777777777778,0.71875,0.7245280146598816,51,14,14,18,7,49,18,14,19,35,16,9,32
169,0.5757575757575758,0.4,0.7142857142857143,0.5555555555555556,0.5,0.59375,1.0,0.6428571428571429,0.0,0.4782608695652174,0.8888888888888888,0.6666666666666666,0.4375,0.8597127795219421,33,10,7,9,8,32,10,14,9,23,9,12,16,0.5882352941176471,0.5714285714285714,0.5,0.6111111111111112,0.5714285714285714,0.5918367346938775,0.9444444444444444,0.9285714285714286,0.0,0.6857142857142857,0.375,0.7777777777777778,0.71875,0.719886839389801,51,14,14,18,7,49,18,14,19,35,16,9,32
170,0.5454545454545454,0.4,0.7142857142857143,0.5555555555555556,0.5,0.5625,1.0,0.5714285714285714,0.0,0.4782608695652174,0.7777777777777778,0.6666666666666666,0.4375,0.8608384132385254,33,10,7,9,8,32,10,14,9,23,9,12,16,0.5882352941176471,0.5714285714285714,0.5,0.6111111111111112,0.5714285714285714,0.5918367346938775,0.9444444444444444,0.9285714285714286,0.0,0.6857142857142857,0.375,0.7777777777777778,0.71875,0.7152015566825867,51,14,14,18,7,49,18,14,19,35,16,9,32
171,0.5454545454545454,0.4,0.7142857142857143,0.5555555555555556,0.5,0.5625,1.0,0.5714285714285714,0.0,0.4782608695652174,0.7777777777777778,0.6666666666666666,0.4375,0.8621033430099487,33,10,7,9,8,32,10,14,9,23,9,12,16,0.5882352941176471,0.5714285714285714,0.5,0.6111111111111112,0.5714285714285714,0.5918367346938775,0.9444444444444444,0.9285714285714286,0.0,0.6857142857142857,0.375,0.7777777777777778,0.71875,0.710475742816925,51,14,14,18,7,49,18,14,19,35,16,9,32
172,0.5454545454545454,0.4,0.7142857142857143,0.5555555555555556,0.5,0.5625,1.0,0.5714285714285714,0.0,0.4782608695652174,0.7777777777777778,0.6666666666666666,0.4375,0.8635440468788147,33,10,7,9,8,32,10,14,9,23,9,12,16,0.5882352941176471,0.5714285714285714,0.5,0.6111111111111112,0.5714285714285714,0.5918367346938775,0.9444444444444444,0.9285714285714286,0.0,0.6857142857142857,0.375,0.7777777777777778,0.71875,0.7057136297225952,51,14,14,18,7,49,18,14,19,35,16,9,32
173,0.5454545454545454,0.4,0.7142857142857143,0.5555555555555556,0.5,0.5625,1.0,0.5714285714285714,0.0,0.4782608695652174,0.7777777777777778,0.6666666666666666,0.4375,0.8651502132415771,33,10,7,9,8,32,10,14,9,23,9,12,16,0.5882352941176471,0.5714285714285714,0.5,0.6111111111111112,0.5714285714285714,0.5918367346938775,0.9444444444444444,0.9285714285714286,0.0,0.6857142857142857,0.375,0.7777777777777778,0.71875,0.7009207010269165,51,14,14,18,7,49,18,14,19,35,16,9,32
174,0.5454545454545454,0.4,0.7142857142857143,0.5555555555555556,0.5,0.5625,1.0,0.5714285714285714,0.0,0.4782608695652174,0.7777777777777778,0.6666666666666666,0.4375,0.8668971061706543,33,10,7,9,8,32,10,14,9,23,9,12,16,0.5882352941176471,0.5714285714285714,0.5,0.6111111111111112,0.5714285714285714,0.5918367346938775,0.9444444444444444,0.9285714285714286,0.0,0.6857142857142857,0.375,0.7777777777777778,0.71875,0.6961039304733276,51,14,14,18,7,49,18,14,19,35,16,9,32
175,0.5454545454545454,0.4,0.7142857142857143,0.5555555555555556,0.5,0.5625,1.0,0.5714285714285714,0.0,0.4782608695652174,0.7777777777777778,0.6666666666666666,0.4375,0.8688014149665833,33,10,7,9,8,32,10,14,9,23,9,12,16,0.5882352941176471,0.5714285714285714,0.5,0.6111111111111112,0.5714285714285714,0.5918367346938775,0.9444444444444444,0.9285714285714286,0.0,0.6857142857142857,0.375,0.7777777777777778,0.71875,0.6912710666656494,51,14,14,18,7,49,18,14,19,35,16,9,32
176,0.5454545454545454,0.4,0.7142857142857143,0.5555555555555556,0.5,0.5625,1.0,0.5714285714285714,0.0,0.4782608695652174,0.7777777777777778,0.6666666666666666,0.4375,0.8708807826042175,33,10,7,9,8,32,10,14,9,23,9,12,16,0.6078431372549019,0.6428571428571429,0.5,0.6111111111111112,0.5714285714285714,0.6122448979591837,0.9444444444444444,1.0,0.0,0.6857142857142857,0.4375,0.7777777777777778,0.71875,0.6864312887191772,51,14,14,18,7,49,18,14,19,35,16,9,32
177,0.5454545454545454,0.4,0.7142857142857143,0.5555555555555556,0.5,0.5625,1.0,0.5714285714285714,0.0,0.4782608695652174,0.7777777777777778,0.6666666666666666,0.4375,0.8730888366699219,33,10,7,9,8,32,10,14,9,23,9,12,16,0.6078431372549019,0.6428571428571429,0.5,0.6111111111111112,0.5714285714285714,0.6122448979591837,0.9444444444444444,1.0,0.0,0.6857142857142857,0.4375,0.7777777777777778,0.71875,0.6815943717956543,51,14,14,18,7,49,18,14,19,35,16,9,32
178,0.5454545454545454,0.4,0.7142857142857143,0.5555555555555556,0.5,0.5625,1.0,0.5714285714285714,0.0,0.4782608695652174,0.7777777777777778,0.6666666666666666,0.4375,0.8753981590270996,33,10,7,9,8,32,10,14,9,23,9,12,16,0.6078431372549019,0.6428571428571429,0.5,0.6111111111111112,0.5714285714285714,0.6122448979591837,0.9444444444444444,1.0,0.0,0.6857142857142857,0.4375,0.7777777777777778,0.71875,0.6767715811729431,51,14,14,18,7,49,18,14,19,35,16,9,32
179,0.5757575757575758,0.4,0.7142857142857143,0.5555555555555556,0.5,0.59375,1.0,0.5714285714285714,0.1111111111111111,0.5217391304347826,0.7777777777777778,0.75,0.5,0.8778257369995117,33,10,7,9,8,32,10,14,9,23,9,12,16,0.6078431372549019,0.6428571428571429,0.5,0.6111111111111112,0.5714285714285714,0.6122448979591837,0.9444444444444444,1.0,0.0,0.6857142857142857,0.4375,0.7777777777777778,0.71875,0.6719748377799988,51,14,14,18,7,49,18,14,19,35,16,9,32
180,0.5757575757575758,0.4,0.7142857142857143,0.5555555555555556,0.5,0.59375,1.0,0.5714285714285714,0.1111111111111111,0.5217391304347826,0.7777777777777778,0.75,0.5,0.8803359866142273,33,10,7,9,8,32,10,14,9,23,9,12,16,0.6078431372549019,0.6428571428571429,0.5,0.6111111111111112,0.5714285714285714,0.6122448979591837,0.9444444444444444,1.0,0.0,0.6857142857142857,0.4375,0.7777777777777778,0.71875,0.6672166585922241,51,14,14,18,7,49,18,14,19,35,16,9,32
181,0.5757575757575758,0.4,0.7142857142857143,0.5555555555555556,0.5,0.59375,1.0,0.5714285714285714,0.1111111111111111,0.5217391304347826,0.7777777777777778,0.75,0.5,0.8828675150871277,33,10,7,9,8,32,10,14,9,23,9,12,16,0.6078431372549019,0.6428571428571429,0.5,0.6111111111111112,0.5714285714285714,0.6122448979591837,0.9444444444444444,1.0,0.0,0.6857142857142857,0.4375,0.7777777777777778,0.71875,0.662510097026825,51,14,14,18,7,49,18,14,19,35,16,9,32
182,0.5757575757575758,0.4,0.7142857142857143,0.5555555555555556,0.5,0.59375,1.0,0.5714285714285714,0.1111111111111111,0.5217391304347826,0.7777777777777778,0.75,0.5,0.8853811621665955,33,10,7,9,8,32,10,14,9,23,9,12,16,0.6078431372549019,0.6428571428571429,0.5,0.6111111111111112,0.5714285714285714,0.6122448979591837,0.9444444444444444,1.0,0.0,0.6857142857142857,0.4375,0.7777777777777778,0.71875,0.6578673720359802,51,14,14,18,7,49,18,14,19,35,16,9,32
183,0.5454545454545454,0.4,0.7142857142857143,0.5555555555555556,0.5,0.5625,1.0,0.5714285714285714,0.0,0.4782608695652174,0.7777777777777778,0.6666666666666666,0.4375,0.8878904581069946,33,10,7,9,8,32,10,14,9,23,9,12,16,0.6274509803921569,0.6428571428571429,0.5,0.6111111111111112,0.5714285714285714,0.6326530612244898,1.0,1.0,0.0,0.6857142857142857,0.5,0.7777777777777778,0.71875,0.6532991528511047,51,14,14,18,7,49,18,14,19,35,16,9,32
184,0.5454545454545454,0.4,0.7142857142857143,0.5555555555555556,0.5,0.5625,1.0,0.5714285714285714,0.0,0.4782608695652174,0.7777777777777778,0.6666666666666666,0.4375,0.8903200030326843,33,10,7,9,8,32,10,14,9,23,9,12,16,0.6470588235294118,0.6428571428571429,0.5,0.6666666666666666,0.5714285714285714,0.6530612244897959,1.0,1.0,0.05263157894736842,0.6857142857142857,0.5625,0.7777777777777778,0.75,0.6488147974014282,51,14,14,18,7,49,18,14,19,35,16,9,32
185,0.5454545454545454,0.4,0.7142857142857143,0.5555555555555556,0.5,0.5625,1.0,0.5714285714285714,0.0,0.4782608695652174,0.7777777777777778,0.6666666666666666,0.4375,0.8926064372062683,33,10,7,9,8,32,10,14,9,23,9,12,16,0.6470588235294118,0.6428571428571429,0.5,0.6666666666666666,0.5714285714285714,0.6530612244897959,1.0,1.0,0.05263157894736842,0.6857142857142857,0.5625,0.7777777777777778,0.75,0.6444215774536133,51,14,14,18,7,49,18,14,19,35,16,9,32
186,0.5454545454545454,0.4,0.7142857142857143,0.5555555555555556,0.5,0.5625,1.0,0.5714285714285714,0.0,0.4782608695652174,0.7777777777777778,0.6666666666666666,0.4375,0.8946670889854431,33,10,7,9,8,32,10,14,9,23,9,12,16,0.6666666666666666,0.6428571428571429,0.5,0.6666666666666666,0.5714285714285714,0.673469387755102,1.0,1.0,0.10526315789473684,0.6857142857142857,0.625,0.7777777777777778,0.75,0.6401249766349792,51,14,14,18,7,49,18,14,19,35,16,9,32
187,0.5454545454545454,0.4,0.7142857142857143,0.5555555555555556,0.5,0.5625,1.0,0.5714285714285714,0.0,0.4782608695652174,0.7777777777777778,0.6666666666666666,0.4375,0.8964978456497192,33,10,7,9,8,32,10,14,9,23,9,12,16,0.6470588235294118,0.6428571428571429,0.5,0.6666666666666666,0.5714285714285714,0.6530612244897959,0.9444444444444444,1.0,0.10526315789473684,0.6857142857142857,0.5625,0.7777777777777778,0.75,0.635926365852356,51,14,14,18,7,49,18,14,19,35,16,9,32
188,0.5454545454545454,0.4,0.7142857142857143,0.5555555555555556,0.5,0.5625,1.0,0.5714285714285714,0.0,0.4782608695652174,0.7777777777777778,0.6666666666666666,0.4375,0.8980076909065247,33,10,7,9,8,32,10,14,9,23,9,12,16,0.6470588235294118,0.6428571428571429,0.5,0.6666666666666666,0.5714285714285714,0.6530612244897959,0.9444444444444444,1.0,0.10526315789473684,0.6857142857142857,0.5625,0.7777777777777778,0.75,0.6318253874778748,51,14,14,18,7,49,18,14,19,35,16,9,32
189,0.5454545454545454,0.4,0.7142857142857143,0.5555555555555556,0.5,0.5625,1.0,0.5714285714285714,0.0,0.4782608695652174,0.7777777777777778,0.6666666666666666,0.4375,0.8991475701332092,33,10,7,9,8,32,10,14,9,23,9,12,16,0.6470588235294118,0.6428571428571429,0.5,0.6666666666666666,0.5714285714285714,0.6530612244897959,0.9444444444444444,1.0,0.10526315789473684,0.6857142857142857,0.5625,0.7777777777777778,0.75,0.6278190016746521,51,14,14,18,7,49,18,14,19,35,16,9,32
190,0.5454545454545454,0.4,0.7142857142857143,0.5555555555555556,0.5,0.5625,1.0,0.5714285714285714,0.0,0.4782608695652174,0.7777777777777778,0.6666666666666666,0.4375,0.8999669551849365,33,10,7,9,8,32,10,14,9,23,9,12,16,0.6470588235294118,0.6428571428571429,0.5,0.6666666666666666,0.5714285714285714,0.6530612244897959,0.9444444444444444,1.0,0.10526315789473684,0.6857142857142857,0.5625,0.7777777777777778,0.75,0.6239033341407776,51,14,14,18,7,49,18,14,19,35,16,9,32
191,0.5454545454545454,0.4,0.7142857142857143,0.5555555555555556,0.5,0.5625,1.0,0.5714285714285714,0.0,0.4782608695652174,0.7777777777777778,0.6666666666666666,0.4375,0.900362491607666,33,10,7,9,8,32,10,14,9,23,9,12,16,0.6470588235294118,0.6428571428571429,0.5,0.6666666666666666,0.5714285714285714,0.6530612244897959,0.9444444444444444,1.0,0.10526315789473684,0.6857142857142857,0.5625,0.7777777777777778,0.75,0.6200738549232483,51,14,14,18,7,49,18,14,19,35,16,9,32
192,0.5454545454545454,0.4,0.7142857142857143,0.5555555555555556,0.5,0.5625,1.0,0.5714285714285714,0.0,0.4782608695652174,0.7777777777777778,0.6666666666666666,0.4375,0.9003971815109253,33,10,7,9,8,32,10,14,9,23,9,12,16,0.6470588235294118,0.6428571428571429,0.5,0.6666666666666666,0.5714285714285714,0.6530612244897959,0.9444444444444444,1.0,0.10526315789473684,0.6857142857142857,0.5625,0.7777777777777778,0.75,0.6163266897201538,51,14,14,18,7,49,18,14,19,35,16,9,32
193,0.5454545454545454,0.4,0.7142857142857143,0.5555555555555556,0.5,0.5625,1.0,0.5714285714285714,0.0,0.4782608695652174,0.7777777777777778,0.6666666666666666,0.4375,0.9001434445381165,33,10,7,9,8,32,10,14,9,23,9,12,16,0.6470588235294118,0.6428571428571429,0.5,0.6666666666666666,0.5714285714285714,0.6530612244897959,0.9444444444444444,1.0,0.10526315789473684,0.6857142857142857,0.5625,0.7777777777777778,0.75,0.6126592755317688,51,14,14,18,7,49,18,14,19,35,16,9,32
194,0.5757575757575758,0.5,0.8571428571428571,0.6666666666666666,0.625,0.59375,1.0,0.5714285714285714,0.1111111111111111,0.5217391304347826,0.7777777777777778,0.6666666666666666,0.4375,0.8995319604873657,33,10,7,9,8,32,10,14,9,23,9,12,16,0.6666666666666666,0.7142857142857143,0.5714285714285714,0.7222222222222222,0.5714285714285714,0.673469387755102,0.9444444444444444,1.0,0.15789473684210525,0.7142857142857143,0.5625,0.7777777777777778,0.78125,0.6090690493583679,51,14,14,18,7,49,18,14,19,35,16,9,32
195,0.5757575757575758,0.5,0.8571428571428571,0.6666666666666666,0.625,0.59375,1.0,0.5714285714285714,0.1111111111111111,0.5217391304347826,0.7777777777777778,0.6666666666666666,0.4375,0.898674726486206,33,10,7,9,8,32,10,14,9,23,9,12,16,0.6470588235294118,0.7142857142857143,0.5714285714285714,0.7222222222222222,0.5714285714285714,0.6530612244897959,0.9444444444444444,1.0,0.10526315789473684,0.7142857142857143,0.5,0.7777777777777778,0.78125,0.6055539846420288,51,14,14,18,7,49,18,14,19,35,16,9,32
196,0.5757575757575758,0.5,0.8571428571428571,0.6666666666666666,0.625,0.59375,1.0,0.5714285714285714,0.1111111111111111,0.5217391304347826,0.7777777777777778,0.6666666666666666,0.4375,0.8976209759712219,33,10,7,9,8,32,10,14,9,23,9,12,16,0.6470588235294118,0.7142857142857143,0.5714285714285714,0.7222222222222222,0.5714285714285714,0.6530612244897959,0.9444444444444444,1.0,0.10526315789473684,0.7142857142857143,0.5,0.7777777777777778,0.78125,0.6021118760108948,51,14,14,18,7,49,18,14,19,35,16,9,32
197,0.5757575757575758,0.5,0.8571428571428571,0.6666666666666666,0.625,0.59375,1.0,0.5714285714285714,0.1111111111111111,0.5217391304347826,0.7777777777777778,0.6666666666666666,0.4375,0.8963476419448853,33,10,7,9,8,32,10,14,9,23,9,12,16,0.6470588235294118,0.7142857142857143,0.5714285714285714,0.7222222222222222,0.5714285714285714,0.6530612244897959,0.9444444444444444,1.0,0.10526315789473684,0.7142857142857143,0.5,0.7777777777777778,0.78125,0.5987402200698853,51,14,14,18,7,49,18,14,19,35,16,9,32
198,0.5757575757575758,0.5,0.8571428571428571,0.6666666666666666,0.625,0.59375,1.0,0.5714285714285714,0.1111111111111111,0.5217391304347826,0.7777777777777778,0.6666666666666666,0.4375,0.8950086236000061,33,10,7,9,8,32,10,14,9,23,9,12,16,0.6470588235294118,0.7142857142857143,0.5714285714285714,0.7222222222222222,0.5714285714285714,0.6530612244897959,0.9444444444444444,1.0,0.10526315789473684,0.7142857142857143,0.5,0.7777777777777778,0.78125,0.5954370498657227,51,14,14,18,7,49,18,14,19,35,16,9,32
199,0.5757575757575758,0.5,0.8571428571428571,0.6666666666666666,0.625,0.59375,1.0,0.5714285714285714,0.1111111111111111,0.5217391304347826,0.7777777777777778,0.6666666666666666,0.4375,0.8935792446136475,33,10,7,9,8,32,10,14,9,23,9,12,16,0.6470588235294118,0.7142857142857143,0.5714285714285714,0.7222222222222222,0.5714285714285714,0.6530612244897959,0.9444444444444444,1.0,0.10526315789473684,0.7142857142857143,0.5,0.7777777777777778,0.78125,0.5921995639801025,51,14,14,18,7,49,18,14,19,35,16,9,32
200,0.6060606060606061,0.5,0.8571428571428571,0.6666666666666666,0.625,0.625,1.0,0.6428571428571429,0.1111111111111111,0.5652173913043478,0.7777777777777778,0.6666666666666666,0.5,0.8921307325363159,33,10,7,9,8,32,10,14,9,23,9,12,16,0.6274509803921569,0.7142857142857143,0.5714285714285714,0.6666666666666666,0.5714285714285714,0.6326530612244898,0.9444444444444444,1.0,0.05263157894736842,0.7142857142857143,0.4375,0.7777777777777778,0.75,0.5890249609947205,51,14,14,18,7,49,18,14,19,35,16,9,32
201,0.6060606060606061,0.5,0.8571428571428571,0.6666666666666666,0.625,0.625,1.0,0.6428571428571429,0.1111111111111111,0.5652173913043478,0.7777777777777778,0.6666666666666666,0.5,0.8907390236854553,33,10,7,9,8,32,10,14,9,23,9,12,16,0.6274509803921569,0.7142857142857143,0.5714285714285714,0.6666666666666666,0.5714285714285714,0.6326530612244898,0.9444444444444444,1.0,0.05263157894736842,0.7142857142857143,0.4375,0.7777777777777778,0.75,0.5859100222587585,51,14,14,18,7,49,18,14,19,35,16,9,32
202,0.6060606060606061,0.5,0.8571428571428571,0.6666666666666666,0.625,0.625,1.0,0.6428571428571429,0.1111111111111111,0.5652173913043478,0.7777777777777778,0.6666666666666666,0.5,0.8893646001815796,33,10,7,9,8,32,10,14,9,23,9,12,16,0.6274509803921569,0.7142857142857143,0.5714285714285714,0.6666666666666666,0.5714285714285714,0.6326530612244898,0.9444444444444444,1.0,0.05263157894736842,0.7142857142857143,0.4375,0.7777777777777778,0.75,0.5828518867492676,51,14,14,18,7,49,18,14,19,35,16,9,32
203,0.6060606060606061,0.5,0.8571428571428571,0.6666666666666666,0.625,0.625,1.0,0.6428571428571429,0.1111111111111111,0.5652173913043478,0.7777777777777778,0.6666666666666666,0.5,0.8881159424781799,33,10,7,9,8,32,10,14,9,23,9,12,16,0.6470588235294118,0.7142857142857143,0.6428571428571429,0.7222222222222222,0.5714285714285714,0.6530612244897959,0.9444444444444444,1.0,0.10526315789473684,0.7428571428571429,0.4375,0.7777777777777778,0.78125,0.5798479914665222,51,14,14,18,7,49,18,14,19,35,16,9,32
204,0.6060606060606061,0.5,0.8571428571428571,0.6666666666666666,0.625,0.625,1.0,0.6428571428571429,0.1111111111111111,0.5652173913043478,0.7777777777777778,0.6666666666666666,0.5,0.8869459629058838,33,10,7,9,8,32,10,14,9,23,9,12,16,0.6470588235294118,0.7142857142857143,0.6428571428571429,0.7222222222222222,0.5714285714285714,0.6530612244897959,0.9444444444444444,1.0,0.10526315789473684,0.7428571428571429,0.4375,0.7777777777777778,0.78125,0.5768958330154419,51,14,14,18,7,49,18,14,19,35,16,9,32
205,0.6060606060606061,0.5,0.8571428571428571,0.6666666666666666,0.625,0.625,1.0,0.6428571428571429,0.1111111111111111,0.5652173913043478,0.7777777777777778,0.6666666666666666,0.5,0.8859172463417053,33,10,7,9,8,32,10,14,9,23,9,12,16,0.6666666666666666,0.7142857142857143,0.6428571428571429,0.7222222222222222,0.5714285714285714,0.673469387755102,0.9444444444444444,1.0,0.15789473684210525,0.7428571428571429,0.5,0.7777777777777778,0.78125,0.5739936232566833,51,14,14,18,7,49,18,14,19,35,16,9,32
206,0.6060606060606061,0.5,0.8571428571428571,0.6666666666666666,0.625,0.625,1.0,0.6428571428571429,0.1111111111111111,0.5652173913043478,0.7777777777777778,0.6666666666666666,0.5,0.885014533996582,33,10,7,9,8,32,10,14,9,23,9,12,16,0.6862745098039216,0.7142857142857143,0.6428571428571429,0.7777777777777778,0.5714285714285714,0.6938775510204082,0.9444444444444444,1.0,0.21052631578947367,0.7428571428571429,0.5625,0.7777777777777778,0.8125,0.5711396336555481,51,14,14,18,7,49,18,14,19,35,16,9,32
207,0.6060606060606061,0.5,0.8571428571428571,0.6666666666666666,0.625,0.625,1.0,0.6428571428571429,0.1111111111111111,0.5652173913043478,0.7777777777777778,0.6666666666666666,0.5,0.8842164874076843,33,10,7,9,8,32,10,14,9,23,9,12,16,0.6862745098039216,0.7142857142857143,0.6428571428571429,0.7777777777777778,0.5714285714285714,0.6938775510204082,0.9444444444444444,1.0,0.21052631578947367,0.7428571428571429,0.5625,0.7777777777777778,0.8125,0.5683323740959167,51,14,14,18,7,49,18,14,19,35,16,9,32
208,0.6060606060606061,0.5,0.8571428571428571,0.6666666666666666,0.625,0.625,1.0,0.6428571428571429,0.1111111111111111,0.5652173913043478,0.7777777777777778,0.6666666666666666,0.5,0.8835474848747253,33,10,7,9,8,32,10,14,9,23,9,12,16,0.6862745098039216,0.7142857142857143,0.6428571428571429,0.7777777777777778,0.5714285714285714,0.6938775510204082,0.9444444444444444,1.0,0.21052631578947367,0.7428571428571429,0.5625,0.7777777777777778,0.8125,0.5655701756477356,51,14,14,18,7,49,18,14,19,35,16,9,32
209,0.6060606060606061,0.5,0.8571428571428571,0.6666666666666666,0.625,0.625,1.0,0.6428571428571429,0.1111111111111111,0.5652173913043478,0.7777777777777778,0.6666666666666666,0.5,0.882956326007843,33,10,7,9,8,32,10,14,9,23,9,12,16,0.6862745098039216,0.7142857142857143,0.6428571428571429,0.7777777777777778,0.5714285714285714,0.6938775510204082,0.9444444444444444,1.0,0.21052631578947367,0.7428571428571429,0.5625,0.7777777777777778,0.8125,0.5628510117530823,51,14,14,18,7,49,18,14,19,35,16,9,32
210,0.6060606060606061,0.5,0.8571428571428571,0.6666666666666666,0.625,0.625,1.0,0.6428571428571429,0.1111111111111111,0.5652173913043478,0.7777777777777778,0.6666666666666666,0.5,0.8824424743652344,33,10,7,9,8,32,10,14,9,23,9,12,16,0.6862745098039216,0.7142857142857143,0.6428571428571429,0.7777777777777778,0.5714285714285714,0.6938775510204082,0.9444444444444444,1.0,0.21052631578947367,0.7428571428571429,0.5625,0.7777777777777778,0.8125,0.5601726770401001,51,14,14,18,7,49,18,14,19,35,16,9,32
211,0.6060606060606061,0.5,0.8571428571428571,0.6666666666666666,0.625,0.625,1.0,0.6428571428571429,0.1111111111111111,0.5652173913043478,0.7777777777777778,0.6666666666666666,0.5,0.8819819092750549,33,10,7,9,8,32,10,14,9,23,9,12,16,0.6862745098039216,0.7142857142857143,0.6428571428571429,0.7777777777777778,0.5714285714285714,0.6938775510204082,0.9444444444444444,1.0,0.21052631578947367,0.7428571428571429,0.5625,0.7777777777777778,0.8125,0.5575324296951294,51,14,14,18,7,49,18,14,19,35,16,9,32
212,0.6363636363636364,0.5,0.8571428571428571,0.7777777777777778,0.625,0.65625,1.0,0.6428571428571429,0.2222222222222222,0.6086956521739131,0.7777777777777778,0.6666666666666666,0.5625,0.8815562129020691,33,10,7,9,8,32,10,14,9,23,9,12,16,0.6862745098039216,0.7142857142857143,0.6428571428571429,0.7777777777777778,0.5714285714285714,0.6938775510204082,0.9444444444444444,1.0,0.21052631578947367,0.7428571428571429,0.5625,0.7777777777777778,0.8125,0.5549269318580627,51,14,14,18,7,49,18,14,19,35,16,9,32
213,0.6363636363636364,0.5,0.8571428571428571,0.7777777777777778,0.625,0.65625,1.0,0.6428571428571429,0.2222222222222222,0.6086956521739131,0.7777777777777778,0.6666666666666666,0.5625,0.8811502456665039,33,10,7,9,8,32,10,14,9,23,9,12,16,0.6862745098039216,0.7142857142857143,0.6428571428571429,0.7777777777777778,0.5714285714285714,0.6938775510204082,0.9444444444444444,1.0,0.21052631578947367,0.7428571428571429,0.5625,0.7777777777777778,0.8125,0.5523533821105957,51,14,14,18,7,49,18,14,19,35,16,9,32
214,0.6363636363636364,0.5,0.8571428571428571,0.7777777777777778,0.625,0.65625,1.0,0.6428571428571429,0.2222222222222222,0.6086956521739131,0.7777777777777778,0.6666666666666666,0.5625,0.8807508945465088,33,10,7,9,8,32,10,14,9,23,9,12,16,0.7058823529411765,0.7142857142857143,0.7142857142857143,0.8333333333333334,0.5714285714285714,0.7142857142857143,0.9444444444444444,1.0,0.2631578947368421,0.7714285714285715,0.5625,0.7777777777777778,0.84375,0.5498078465461731,51,14,14,18,7,49,18,14,19,35,16,9,32
215,0.6363636363636364,0.5,0.8571428571428571,0.7777777777777778,0.625,0.65625,1.0,0.6428571428571429,0.2222222222222222,0.6086956521739131,0.7777777777777778,0.6666666666666666,0.5625,0.8803473114967346,33,10,7,9,8,32,10,14,9,23,9,12,16,0.7058823529411765,0.7142857142857143,0.7142857142857143,0.8333333333333334,0.5714285714285714,0.7142857142857143,0.9444444444444444,1.0,0.2631578947368421,0.7714285714285715,0.5625,0.7777777777777778,0.84375,0.5472873449325562,51,14,14,18,7,49,18,14,19,35,16,9,32
216,0.6363636363636364,0.5,0.8571428571428571,0.7777777777777778,0.625,0.65625,1.0,0.6428571428571429,0.2222222222222222,0.6086956521739131,0.7777777777777778,0.6666666666666666,0.5625,0.8799664378166199,33,10,7,9,8,32,10,14,9,23,9,12,16,0.7058823529411765,0.7142857142857143,0.7142857142857143,0.8333333333333334,0.5714285714285714,0.7142857142857143,0.9444444444444444,1.0,0.2631578947368421,0.7714285714285715,0.5625,0.7777777777777778,0.84375,0.5447880625724792,51,14,14,18,7,49,18,14,19,35,16,9,32
217,0.6363636363636364,0.5,0.8571428571428571,0.7777777777777778,0.625,0.65625,1.0,0.6428571428571429,0.2222222222222222,0.6086956521739131,0.7777777777777778,0.6666666666666666,0.5625,0.8795271515846252,33,10,7,9,8,32,10,14,9,23,9,12,16,0.7058823529411765,0.7142857142857143,0.7142857142857143,0.8333333333333334,0.5714285714285714,0.7142857142857143,0.9444444444444444,1.0,0.2631578947368421,0.7714285714285715,0.5625,0.7777777777777778,0.84375,0.5423063635826111,51,14,14,18,7,49,18,14,19,35,16,9,32
218,0.6363636363636364,0.5,0.8571428571428571,0.7777777777777778,0.625,0.65625,1.0,0.6428571428571429,0.2222222222222222,0.6086956521739131,0.7777777777777778,0.6666666666666666,0.5625,0.8791781663894653,33,10,7,9,8,32,10,14,9,23,9,12,16,0.7058823529411765,0.7142857142857143,0.7142857142857143,0.8333333333333334,0.5714285714285714,0.7142857142857143,0.9444444444444444,1.0,0.2631578947368421,0.7714285714285715,0.5625,0.7777777777777778,0.84375,0.5398393869400024,51,14,14,18,7,49,18,14,19,35,16,9,32
219,0.6363636363636364,0.5,0.8571428571428571,0.7777777777777778,0.625,0.65625,1.0,0.6428571428571429,0.2222222222222222,0.6086956521739131,0.7777777777777778,0.6666666666666666,0.5625,0.8786967396736145,33,10,7,9,8,32,10,14,9,23,9,12,16,0.7058823529411765,0.7142857142857143,0.7142857142857143,0.8333333333333334,0.5714285714285714,0.7142857142857143,0.9444444444444444,1.0,0.2631578947368421,0.7714285714285715,0.5625,0.7777777777777778,0.84375,0.5373835563659668,51,14,14,18,7,49,18,14,19,35,16,9,32
220,0.6363636363636364,0.5,0.8571428571428571,0.7777777777777778,0.625,0.65625,1.0,0.6428571428571429,0.2222222222222222,0.6086956521739131,0.7777777777777778,0.6666666666666666,0.5625,0.8784187436103821,33,10,7,9,8,32,10,14,9,23,9,12,16,0.7058823529411765,0.7142857142857143,0.7142857142857143,0.8333333333333334,0.5714285714285714,0.7142857142857143,0.9444444444444444,1.0,0.2631578947368421,0.7714285714285715,0.5625,0.7777777777777778,0.84375,0.5349364876747131,51,14,14,18,7,49,18,14,19,35,16,9,32
221,0.6363636363636364,0.5,0.8571428571428571,0.7777777777777778,0.625,0.65625,1.0,0.6428571428571429,0.2222222222222222,0.6086956521739131,0.7777777777777778,0.6666666666666666,0.5625,0.8778719902038574,33,10,7,9,8,32,10,14,9,23,9,12,16,0.7058823529411765,0.7142857142857143,0.7142857142857143,0.8333333333333334,0.5714285714285714,0.7142857142857143,0.9444444444444444,1.0,0.2631578947368421,0.7714285714285715,0.5625,0.7777777777777778,0.84375,0.5324950814247131,51,14,14,18,7,49,18,14,19,35,16,9,32
222,0.6363636363636364,0.5,0.8571428571428571,0.7777777777777778,0.625,0.65625,1.0,0.6428571428571429,0.2222222222222222,0.6086956521739131,0.7777777777777778,0.6666666666666666,0.5625,0.8777349591255188,33,10,7,9,8,32,10,14,9,23,9,12,16,0.7058823529411765,0.7142857142857143,0.7142857142857143,0.8333333333333334,0.5714285714285714,0.7142857142857143,0.9444444444444444,1.0,0.2631578947368421,0.7714285714285715,0.5625,0.7777777777777778,0.84375,0.5300568342208862,51,14,14,18,7,49,18,14,19,35,16,9,32
223,0.6363636363636364,0.5,0.8571428571428571,0.7777777777777778,0.625,0.65625,1.0,0.6428571428571429,0.2222222222222222,0.6086956521739131,0.7777777777777778,0.6666666666666666,0.5625,0.8770514130592346,33,10,7,9,8,32,10,14,9,23,9,12,16,0.7058823529411765,0.7142857142857143,0.7142857142857143,0.8333333333333334,0.5714285714285714,0.7142857142857143,0.9444444444444444,1.0,0.2631578947368421,0.7714285714285715,0.5625,0.7777777777777778,0.84375,0.5276197195053101,51,14,14,18,7,49,18,14,19,35,16,9,32
224,0.6363636363636364,0.5,0.8571428571428571,0.7777777777777778,0.625,0.65625,1.0,0.6428571428571429,0.2222222222222222,0.6086956521739131,0.7777777777777778,0.6666666666666666,0.5625,0.877223551273346,33,10,7,9,8,32,10,14,9,23,9,12,16,0.7058823529411765,0.7142857142857143,0.7142857142857143,0.8333333333333334,0.5714285714285714,0.7142857142857143,0.9444444444444444,1.0,0.2631578947368421,0.7714285714285715,0.5625,0.7777777777777778,0.84375,0.5251810550689697,51,14,14,18,7,49,18,14,19,35,16,9,32
225,0.6363636363636364,0.5,0.8571428571428571,0.7777777777777778,0.625,0.65625,1.0,0.6428571428571429,0.2222222222222222,0.6086956521739131,0.7777777777777778,0.6666666666666666,0.5625,0.8761138916015625,33,10,7,9,8,32,10,14,9,23,9,12,16,0.7058823529411765,0.7142857142857143,0.7142857142857143,0.8333333333333334,0.5714285714285714,0.7142857142857143,0.9444444444444444,1.0,0.2631578947368421,0.7714285714285715,0.5625,0.7777777777777778,0.84375,0.5227386355400085,51,14,14,18,7,49,18,14,19,35,16,9,32
226,0.6363636363636364,0.5,0.8571428571428571,0.7777777777777778,0.625,0.65625,1.0,0.6428571428571429,0.2222222222222222,0.6086956521739131,0.7777777777777778,0.6666666666666666,0.5625,0.8770578503608704,33,10,7,9,8,32,10,14,9,23,9,12,16,0.7058823529411765,0.7142857142857143,0.7142857142857143,0.8333333333333334,0.5714285714285714,0.7142857142857143,0.9444444444444444,1.0,0.2631578947368421,0.7714285714285715,0.5625,0.7777777777777778,0.84375,0.5202903151512146,51,14,14,18,7,49,18,14,19,35,16,9,32
227,0.6363636363636364,0.5,0.8571428571428571,0.7777777777777778,0.625,0.65625,1.0,0.6428571428571429,0.2222222222222222,0.6086956521739131,0.7777777777777778,0.6666666666666666,0.5625,0.874629557132721,33,10,7,9,8,32,10,14,9,23,9,12,16,0.7058823529411765,0.7142857142857143,0.7142857142857143,0.8333333333333334,0.5714285714285714,0.7142857142857143,0.9444444444444444,1.0,0.2631578947368421,0.7714285714285715,0.5625,0.7777777777777778,0.84375,0.5178345441818237,51,14,14,18,7,49,18,14,19,35,16,9,32
228,0.6363636363636364,0.5,0.8571428571428571,0.7777777777777778,0.625,0.65625,1.0,0.6428571428571429,0.2222222222222222,0.6086956521739131,0.7777777777777778,0.6666666666666666,0.5625,0.8778579831123352,33,10,7,9,8,32,10,14,9,23,9,12,16,0.7254901960784313,0.7142857142857143,0.7142857142857143,0.8333333333333334,0.5714285714285714,0.7346938775510204,0.9444444444444444,1.0,0.3157894736842105,0.7714285714285715,0.625,0.7777777777777778,0.84375,0.5153701305389404,51,14,14,18,7,49,18,14,19,35,16,9,32
229,0.6363636363636364,0.5,0.8571428571428571,0.7777777777777778,0.625,0.65625,1.0,0.6428571428571429,0.2222222222222222,0.6086956521739131,0.7777777777777778,0.6666666666666666,0.5625,0.8714143633842468,33,10,7,9,8,32,10,14,9,23,9,12,16,0.7254901960784313,0.7142857142857143,0.7142857142857143,0.8333333333333334,0.5714285714285714,0.7346938775510204,0.9444444444444444,1.0,0.3157894736842105,0.7714285714285715,0.625,0.7777777777777778,0.84375,0.5128970146179199,51,14,14,18,7,49,18,14,19,35,16,9,32
230,0.6363636363636364,0.5,0.8571428571428571,0.7777777777777778,0.625,0.65625,1.0,0.6428571428571429,0.2222222222222222,0.6086956521739131,0.7777777777777778,0.6666666666666666,0.5625,0.8806184530258179,33,10,7,9,8,32,10,14,9,23,9,12,16,0.7254901960784313,0.7142857142857143,0.7142857142857143,0.8333333333333334,0.5714285714285714,0.7346938775510204,0.9444444444444444,1.0,0.3157894736842105,0.7714285714285715,0.625,0.7777777777777778,0.84375,0.5104174017906189,51,14,14,18,7,49,18,14,19,35,16,9,32
231,0.6363636363636364,0.5,0.8571428571428571,0.7777777777777778,0.625,0.65625,1.0,0.6428571428571429,0.2222222222222222,0.6086956521739131,0.7777777777777778,0.6666666666666666,0.5625,0.8667445182800293,33,10,7,9,8,32,10,14,9,23,9,12,16,0.7254901960784313,0.7142857142857143,0.7142857142857143,0.8333333333333334,0.5714285714285714,0.7346938775510204,0.9444444444444444,1.0,0.3157894736842105,0.7714285714285715,0.625,0.7777777777777778,0.84375,0.5079348087310791,51,14,14,18,7,49,18,14,19,35,16,9,32
232,0.6363636363636364,0.5,0.8571428571428571,0.7777777777777778,0.625,0.65625,1.0,0.6428571428571429,0.2222222222222222,0.6086956521739131,0.7777777777777778,0.6666666666666666,0.5625,0.8799633979797363,33,10,7,9,8,32,10,14,9,23,9,12,16,0.7254901960784313,0.7142857142857143,0.7142857142857143,0.8333333333333334,0.5714285714285714,0.7346938775510204,0.9444444444444444,1.0,0.3157894736842105,0.7714285714285715,0.625,0.7777777777777778,0.84375,0.5054423213005066,51,14,14,18,7,49,18,14,19,35,16,9,32
233,0.6363636363636364,0.5,0.8571428571428571,0.7777777777777778,0.625,0.65625,1.0,0.6428571428571429,0.2222222222222222,0.6086956521739131,0.7777777777777778,0.6666666666666666,0.5625,0.8700739145278931,33,10,7,9,8,32,10,14,9,23,9,12,16,0.7450980392156863,0.7142857142857143,0.7142857142857143,0.8333333333333334,0.5714285714285714,0.7551020408163265,1.0,1.0,0.3157894736842105,0.7714285714285715,0.6875,0.7777777777777778,0.84375,0.5029085278511047,51,14,14,18,7,49,18,14,19,35,16,9,32
234,0.6363636363636364,0.5,0.8571428571428571,0.7777777777777778,0.625,0.65625,1.0,0.6428571428571429,0.2222222222222222,0.6086956521739131,0.7777777777777778,0.6666666666666666,0.5625,0.8690549731254578,33,10,7,9,8,32,10,14,9,23,9,12,16,0.7450980392156863,0.7142857142857143,0.7142857142857143,0.8333333333333334,0.5714285714285714,0.7551020408163265,0.9444444444444444,1.0,0.3684210526315789,0.7714285714285715,0.6875,0.7777777777777778,0.84375,0.5003395080566406,51,14,14,18,7,49,18,14,19,35,16,9,32
235,0.6363636363636364,0.5,0.8571428571428571,0.7777777777777778,0.625,0.65625,1.0,0.6428571428571429,0.2222222222222222,0.6086956521739131,0.7777777777777778,0.6666666666666666,0.5625,0.8761929869651794,33,10,7,9,8,32,10,14,9,23,9,12,16,0.7647058823529411,0.7142857142857143,0.7142857142857143,0.8333333333333334,0.5714285714285714,0.7755102040816326,0.9444444444444444,1.0,0.42105263157894735,0.7714285714285715,0.75,0.7777777777777778,0.84375,0.4977855980396271,51,14,14,18,7,49,18,14,19,35,16,9,32
236,0.6363636363636364,0.5,0.8571428571428571,0.7777777777777778,0.625,0.65625,1.0,0.6428571428571429,0.2222222222222222,0.6086956521739131,0.7777777777777778,0.6666666666666666,0.5625,0.8642438054084778,33,10,7,9,8,32,10,14,9,23,9,12,16,0.7843137254901961,0.7142857142857143,0.7142857142857143,0.8333333333333334,0.5714285714285714,0.7959183673469388,1.0,1.0,0.42105263157894735,0.7714285714285715,0.8125,0.7777777777777778,0.84375,0.4952363669872284,51,14,14,18,7,49,18,14,19,35,16,9,32
237,0.6363636363636364,0.5,0.8571428571428571,0.7777777777777778,0.625,0.65625,1.0,0.6428571428571429,0.2222222222222222,0.6086956521739131,0.7777777777777778,0.6666666666666666,0.5625,0.8694743514060974,33,10,7,9,8,32,10,14,9,23,9,12,16,0.7843137254901961,0.7142857142857143,0.7857142857142857,0.8333333333333334,0.5714285714285714,0.7959183673469388,0.9444444444444444,1.0,0.47368421052631576,0.7714285714285715,0.8125,0.7777777777777778,0.84375,0.49264097213745117,51,14,14,18,7,49,18,14,19,35,16,9,32
238,0.6060606060606061,0.5,0.8571428571428571,0.7777777777777778,0.625,0.625,0.9,0.6428571428571429,0.2222222222222222,0.6086956521739131,0.6666666666666666,0.5833333333333334,0.5625,0.8691810965538025,33,10,7,9,8,32,10,14,9,23,9,12,16,0.803921568627451,0.7142857142857143,0.7857142857142857,0.8333333333333334,0.5714285714285714,0.8163265306122449,1.0,1.0,0.47368421052631576,0.7714285714285715,0.875,0.7777777777777778,0.84375,0.49001067876815796,51,14,14,18,7,49,18,14,19,35,16,9,32
239,0.6060606060606061,0.5,0.8571428571428571,0.7777777777777778,0.625,0.625,0.9,0.6428571428571429,0.2222222222222222,0.6086956521739131,0.6666666666666666,0.5833333333333334,0.5625,0.8602163791656494,33,10,7,9,8,32,10,14,9,23,9,12,16,0.803921568627451,0.7142857142857143,0.7857142857142857,0.8333333333333334,0.5714285714285714,0.8163265306122449,1.0,1.0,0.47368421052631576,0.7714285714285715,0.875,0.7777777777777778,0.84375,0.48738548159599304,51,14,14,18,7,49,18,14,19,35,16,9,32
240,0.6060606060606061,0.5,0.8571428571428571,0.7777777777777778,0.625,0.625,0.9,0.6428571428571429,0.2222222222222222,0.6086956521739131,0.6666666666666666,0.5833333333333334,0.5625,0.8671083450317383,33,10,7,9,8,32,10,14,9,23,9,12,16,0.8235294117647058,0.7142857142857143,0.7857142857142857,0.8333333333333334,0.5714285714285714,0.8367346938775511,1.0,1.0,0.5263157894736842,0.7714285714285715,0.9375,0.8888888888888888,0.84375,0.4847494065761566,51,14,14,18,7,49,18,14,19,35,16,9,32
241,0.6060606060606061,0.5,0.8571428571428571,0.7777777777777778,0.625,0.625,0.9,0.6428571428571429,0.2222222222222222,0.6086956521739131,0.6666666666666666,0.5833333333333334,0.5625,0.8608437776565552,33,10,7,9,8,32,10,14,9,23,9,12,16,0.8235294117647058,0.7142857142857143,0.7857142857142857,0.8333333333333334,0.5714285714285714,0.8367346938775511,1.0,1.0,0.5263157894736842,0.7714285714285715,0.9375,0.8888888888888888,0.84375,0.48207125067710876,51,14,14,18,7,49,18,14,19,35,16,9,32
242,0.6060606060606061,0.5,0.8571428571428571,0.7777777777777778,0.625,0.625,0.9,0.6428571428571429,0.2222222222222222,0.6086956521739131,0.6666666666666666,0.5833333333333334,0.5625,0.8569357991218567,33,10,7,9,8,32,10,14,9,23,9,12,16,0.8235294117647058,0.7142857142857143,0.7857142857142857,0.8333333333333334,0.5714285714285714,0.8367346938775511,1.0,1.0,0.5263157894736842,0.7714285714285715,0.9375,0.8888888888888888,0.84375,0.479365736246109,51,14,14,18,7,49,18,14,19,35,16,9,32
243,0.6060606060606061,0.5,0.8571428571428571,0.7777777777777778,0.625,0.625,0.9,0.6428571428571429,0.2222222222222222,0.6086956521739131,0.6666666666666666,0.5833333333333334,0.5625,0.861609160900116,33,10,7,9,8,32,10,14,9,23,9,12,16,0.8431372549019608,0.7142857142857143,0.8571428571428571,0.8888888888888888,0.5714285714285714,0.8571428571428571,1.0,1.0,0.5789473684210527,0.8,0.9375,0.8888888888888888,0.875,0.4766574203968048,51,14,14,18,7,49,18,14,19,35,16,9,32
244,0.6060606060606061,0.5,0.8571428571428571,0.7777777777777778,0.625,0.625,0.9,0.6428571428571429,0.2222222222222222,0.6086956521739131,0.6666666666666666,0.5833333333333334,0.5625,0.8523311614990234,33,10,7,9,8,32,10,14,9,23,9,12,16,0.8431372549019608,0.7142857142857143,0.8571428571428571,0.8888888888888888,0.5714285714285714,0.8571428571428571,1.0,1.0,0.5789473684210527,0.8,0.9375,0.8888888888888888,0.875,0.4739301800727844,51,14,14,18,7,49,18,14,19,35,16,9,32
245,0.6060606060606061,0.5,0.8571428571428571,0.7777777777777778,0.625,0.625,0.9,0.6428571428571429,0.2222222222222222,0.6086956521739131,0.6666666666666666,0.5833333333333334,0.5625,0.8536577224731445,33,10,7,9,8,32,10,14,9,23,9,12,16,0.8627450980392157,0.7857142857142857,0.8571428571428571,0.8888888888888888,0.7142857142857143,0.8775510204081632,1.0,1.0,0.631578947368421,0.8285714285714286,0.9375,0.8888888888888888,0.875,0.47116461396217346,51,14,14,18,7,49,18,14,19,35,16,9,32
246,0.6060606060606061,0.5,0.8571428571428571,0.7777777777777778,0.625,0.625,0.9,0.6428571428571429,0.2222222222222222,0.6086956521739131,0.6666666666666666,0.5833333333333334,0.5625,0.8527314066886902,33,10,7,9,8,32,10,14,9,23,9,12,16,0.8627450980392157,0.7857142857142857,0.8571428571428571,0.8888888888888888,0.7142857142857143,0.8775510204081632,1.0,1.0,0.631578947368421,0.8285714285714286,0.9375,0.8888888888888888,0.875,0.46837443113327026,51,14,14,18,7,49,18,14,19,35,16,9,32
247,0.6060606060606061,0.5,0.8571428571428571,0.7777777777777778,0.625,0.625,0.9,0.6428571428571429,0.2222222222222222,0.6086956521739131,0.6666666666666666,0.5833333333333334,0.5625,0.8450203537940979,33,10,7,9,8,32,10,14,9,23,9,12,16,0.8627450980392157,0.7857142857142857,0.8571428571428571,0.8888888888888888,0.7142857142857143,0.8775510204081632,1.0,1.0,0.631578947368421,0.8285714285714286,0.9375,0.8888888888888888,0.875,0.46557408571243286,51,14,14,18,7,49,18,14,19,35,16,9,32
248,0.6060606060606061,0.5,0.8571428571428571,0.7777777777777778,0.625,0.625,0.9,0.6428571428571429,0.2222222222222222,0.6086956521739131,0.6666666666666666,0.5833333333333334,0.5625,0.8487362861633301,33,10,7,9,8,32,10,14,9,23,9,12,16,0.8627450980392157,0.7857142857142857,0.8571428571428571,0.8888888888888888,0.7142857142857143,0.8775510204081632,1.0,1.0,0.631578947368421,0.8285714285714286,0.9375,0.8888888888888888,0.875,0.46275416016578674,51,14,14,18,7,49,18,14,19,35,16,9,32
249,0.6060606060606061,0.5,0.8571428571428571,0.7777777777777778,0.625,0.625,0.9,0.6428571428571429,0.2222222222222222,0.6086956521739131,0.6666666666666666,0.5833333333333334,0.5625,0.8416186571121216,33,10,7,9,8,32,10,14,9,23,9,12,16,0.8627450980392157,0.7857142857142857,0.8571428571428571,0.8888888888888888,0.7142857142857143,0.8775510204081632,1.0,1.0,0.631578947368421,0.8285714285714286,0.9375,0.8888888888888888,0.875,0.4599035382270813,51,14,14,18,7,49,18,14,19,35,16,9,32
250,0.6060606060606061,0.5,0.8571428571428571,0.7777777777777778,0.625,0.625,0.9,0.6428571428571429,0.2222222222222222,0.6086956521739131,0.6666666666666666,0.5833333333333334,0.5625,0.839743971824646,33,10,7,9,8,32,10,14,9,23,9,12,16,0.8823529411764706,0.7857142857142857,0.9285714285714286,0.9444444444444444,0.7142857142857143,0.8979591836734694,1.0,1.0,0.6842105263157895,0.8285714285714286,1.0,0.8888888888888888,0.90625,0.4570249021053314,51,14,14,18,7,49,18,14,19,35,16,9,32
251,0.6060606060606061,0.5,0.8571428571428571,0.7777777777777778,0.625,0.625,0.9,0.6428571428571429,0.2222222222222222,0.6086956521739131,0.6666666666666666,0.5833333333333334,0.5625,0.8395535945892334,33,10,7,9,8,32,10,14,9,23,9,12,16,0.8823529411764706,0.7857142857142857,0.9285714285714286,0.9444444444444444,0.7142857142857143,0.8979591836734694,1.0,1.0,0.6842105263157895,0.8285714285714286,1.0,0.8888888888888888,0.90625,0.4541288912296295,51,14,14,18,7,49,18,14,19,35,16,9,32
252,0.6060606060606061,0.5,0.8571428571428571,0.6666666666666666,0.625,0.625,0.9,0.7142857142857143,0.1111111111111111,0.5652173913043478,0.7777777777777778,0.5833333333333334,0.5,0.8317422866821289,33,10,7,9,8,32,10,14,9,23,9,12,16,0.8823529411764706,0.7857142857142857,0.9285714285714286,0.9444444444444444,0.7142857142857143,0.8979591836734694,1.0,1.0,0.6842105263157895,0.8285714285714286,1.0,0.8888888888888888,0.90625,0.4512164294719696,51,14,14,18,7,49,18,14,19,35,16,9,32
253,0.6060606060606061,0.5,0.8571428571428571,0.6666666666666666,0.625,0.625,0.9,0.7142857142857143,0.1111111111111111,0.5652173913043478,0.7777777777777778,0.5833333333333334,0.5,0.8341019153594971,33,10,7,9,8,32,10,14,9,23,9,12,16,0.8823529411764706,0.7857142857142857,0.9285714285714286,0.9444444444444444,0.7142857142857143,0.8979591836734694,1.0,1.0,0.6842105263157895,0.8285714285714286,1.0,0.8888888888888888,0.90625,0.44828078150749207,51,14,14,18,7,49,18,14,19,35,16,9,32
254,0.6060606060606061,0.5,0.8571428571428571,0.6666666666666666,0.625,0.625,0.9,0.7142857142857143,0.1111111111111111,0.5652173913043478,0.7777777777777778,0.5833333333333334,0.5,0.826786994934082,33,10,7,9,8,32,10,14,9,23,9,12,16,0.8823529411764706,0.7857142857142857,0.9285714285714286,0.9444444444444444,0.7142857142857143,0.8979591836734694,1.0,1.0,0.6842105263157895,0.8285714285714286,1.0,0.8888888888888888,0.90625,0.44531798362731934,51,14,14,18,7,49,18,14,19,35,16,9,32
255,0.6060606060606061,0.5,0.8571428571428571,0.6666666666666666,0.625,0.625,0.9,0.7142857142857143,0.1111111111111111,0.5652173913043478,0.7777777777777778,0.5833333333333334,0.5,0.8257675170898438,33,10,7,9,8,32,10,14,9,23,9,12,16,0.8823529411764706,0.7857142857142857,0.9285714285714286,0.9444444444444444,0.7142857142857143,0.8979591836734694,1.0,1.0,0.6842105263157895,0.8285714285714286,1.0,0.8888888888888888,0.90625,0.44232964515686035,51,14,14,18,7,49,18,14,19,35,16,9,32
256,0.6060606060606061,0.5,0.8571428571428571,0.6666666666666666,0.625,0.625,0.9,0.7142857142857143,0.1111111111111111,0.5652173913043478,0.7777777777777778,0.5833333333333334,0.5,0.8228849768638611,33,10,7,9,8,32,10,14,9,23,9,12,16,0.8823529411764706,0.7857142857142857,0.9285714285714286,0.9444444444444444,0.7142857142857143,0.8979591836734694,1.0,1.0,0.6842105263157895,0.8285714285714286,1.0,0.8888888888888888,0.90625,0.439319908618927,51,14,14,18,7,49,18,14,19,35,16,9,32
257,0.6060606060606061,0.5,0.8571428571428571,0.6666666666666666,0.625,0.625,0.9,0.7142857142857143,0.1111111111111111,0.5652173913043478,0.7777777777777778,0.5833333333333334,0.5,0.8173131346702576,33,10,7,9,8,32,10,14,9,23,9,12,16,0.8823529411764706,0.7857142857142857,0.9285714285714286,0.9444444444444444,0.7142857142857143,0.8979591836734694,1.0,1.0,0.6842105263157895,0.8285714285714286,1.0,0.8888888888888888,0.90625,0.436290442943573,51,14,14,18,7,49,18,14,19,35,16,9,32
258,0.6060606060606061,0.5,0.8571428571428571,0.6666666666666666,0.625,0.625,0.9,0.7142857142857143,0.1111111111111111,0.5652173913043478,0.7777777777777778,0.5833333333333334,0.5,0.8179819583892822,33,10,7,9,8,32,10,14,9,23,9,12,16,0.9019607843137255,0.8571428571428571,1.0,0.9444444444444444,0.7142857142857143,0.9183673469387755,1.0,1.0,0.7368421052631579,0.8571428571428571,1.0,0.8888888888888888,0.90625,0.4332401156425476,51,14,14,18,7,49,18,14,19,35,16,9,32
259,0.6060606060606061,0.4,0.7142857142857143,0.5555555555555556,0.5,0.625,0.9,0.7142857142857143,0.1111111111111111,0.5652173913043478,0.7777777777777778,0.6666666666666666,0.5,0.809798002243042,33,10,7,9,8,32,10,14,9,23,9,12,16,0.9019607843137255,0.8571428571428571,1.0,0.9444444444444444,0.7142857142857143,0.9183673469387755,1.0,1.0,0.7368421052631579,0.8571428571428571,1.0,0.8888888888888888,0.90625,0.43016746640205383,51,14,14,18,7,49,18,14,19,35,16,9,32
260,0.6363636363636364,0.5,0.8571428571428571,0.6666666666666666,0.625,0.65625,0.9,0.7142857142857143,0.2222222222222222,0.6086956521739131,0.7777777777777778,0.6666666666666666,0.5,0.8118479251861572,33,10,7,9,8,32,10,14,9,23,9,12,16,0.9019607843137255,0.8571428571428571,1.0,0.9444444444444444,0.7142857142857143,0.9183673469387755,1.0,1.0,0.7368421052631579,0.8571428571428571,1.0,0.8888888888888888,0.90625,0.42707154154777527,51,14,14,18,7,49,18,14,19,35,16,9,32
261,0.6060606060606061,0.4,0.7142857142857143,0.5555555555555556,0.5,0.625,0.9,0.7142857142857143,0.1111111111111111,0.5652173913043478,0.7777777777777778,0.6666666666666666,0.5,0.8028721213340759,33,10,7,9,8,32,10,14,9,23,9,12,16,0.9019607843137255,0.8571428571428571,1.0,0.9444444444444444,0.7142857142857143,0.9183673469387755,1.0,1.0,0.7368421052631579,0.8571428571428571,1.0,0.8888888888888888,0.90625,0.42395317554473877,51,14,14,18,7,49,18,14,19,35,16,9,32
262,0.6060606060606061,0.4,0.7142857142857143,0.5555555555555556,0.5,0.625,0.9,0.7142857142857143,0.1111111111111111,0.5652173913043478,0.7777777777777778,0.6666666666666666,0.5,0.8049695491790771,33,10,7,9,8,32,10,14,9,23,9,12,16,0.9019607843137255,0.8571428571428571,1.0,0.9444444444444444,0.7142857142857143,0.9183673469387755,1.0,1.0,0.7368421052631579,0.8571428571428571,1.0,0.8888888888888888,0.90625,0.4208124577999115,51,14,14,18,7,49,18,14,19,35,16,9,32
263,0.6060606060606061,0.4,0.7142857142857143,0.5555555555555556,0.5,0.625,0.9,0.7142857142857143,0.1111111111111111,0.5652173913043478,0.7777777777777778,0.6666666666666666,0.5,0.7959369421005249,33,10,7,9,8,32,10,14,9,23,9,12,16,0.9019607843137255,0.8571428571428571,1.0,0.9444444444444444,0.7142857142857143,0.9183673469387755,1.0,1.0,0.7368421052631579,0.8571428571428571,1.0,0.8888888888888888,0.90625,0.41765111684799194,51,14,14,18,7,49,18,14,19,35,16,9,32
264,0.6060606060606061,0.4,0.7142857142857143,0.5555555555555556,0.5,0.625,0.9,0.7142857142857143,0.1111111111111111,0.5652173913043478,0.7777777777777778,0.6666666666666666,0.5,0.7978368401527405,33,10,7,9,8,32,10,14,9,23,9,12,16,0.9019607843137255,0.8571428571428571,1.0,0.9444444444444444,0.7142857142857143,0.9183673469387755,1.0,1.0,0.7368421052631579,0.8571428571428571,1.0,0.8888888888888888,0.90625,0.41446879506111145,51,14,14,18,7,49,18,14,19,35,16,9,32
265,0.6060606060606061,0.4,0.7142857142857143,0.5555555555555556,0.5,0.625,0.9,0.7142857142857143,0.1111111111111111,0.5652173913043478,0.7777777777777778,0.6666666666666666,0.5,0.7884567379951477,33,10,7,9,8,32,10,14,9,23,9,12,16,0.9019607843137255,0.8571428571428571,1.0,0.9444444444444444,0.7142857142857143,0.9183673469387755,1.0,1.0,0.7368421052631579,0.8571428571428571,1.0,0.8888888888888888,0.90625,0.41126689314842224,51,14,14,18,7,49,18,14,19,35,16,9,32
266,0.6060606060606061,0.4,0.7142857142857143,0.5555555555555556,0.5,0.625,0.9,0.7142857142857143,0.1111111111111111,0.5652173913043478,0.7777777777777778,0.6666666666666666,0.5,0.7908585667610168,33,10,7,9,8,32,10,14,9,23,9,12,16,0.9019607843137255,0.8571428571428571,1.0,0.9444444444444444,0.7142857142857143,0.9183673469387755,1.0,1.0,0.7368421052631579,0.8571428571428571,1.0,0.8888888888888888,0.90625,0.4080457091331482,51,14,14,18,7,49,18,14,19,35,16,9,32
267,0.6060606060606061,0.4,0.7142857142857143,0.5555555555555556,0.5,0.625,0.9,0.7142857142857143,0.1111111111111111,0.5652173913043478,0.7777777777777778,0.6666666666666666,0.5,0.7800313830375671,33,10,7,9,8,32,10,14,9,23,9,12,16,0.9019607843137255,0.8571428571428571,1.0,0.9444444444444444,0.7142857142857143,0.9183673469387755,1.0,1.0,0.7368421052631579,0.8571428571428571,1.0,0.8888888888888888,0.90625,0.4048071503639221,51,14,14,18,7,49,18,14,19,35,16,9,32
268,0.6060606060606061,0.4,0.7142857142857143,0.5555555555555556,0.5,0.625,0.9,0.7142857142857143,0.1111111111111111,0.5652173913043478,0.7777777777777778,0.6666666666666666,0.5,0.7844183444976807,33,10,7,9,8,32,10,14,9,23,9,12,16,0.9019607843137255,0.8571428571428571,1.0,0.9444444444444444,0.7142857142857143,0.9183673469387755,1.0,1.0,0.7368421052631579,0.8571428571428571,1.0,0.8888888888888888,0.90625,0.4015524387359619,51,14,14,18,7,49,18,14,19,35,16,9,32
269,0.6060606060606061,0.4,0.7142857142857143,0.5555555555555556,0.5,0.625,0.9,0.7142857142857143,0.1111111111111111,0.5652173913043478,0.7777777777777778,0.6666666666666666,0.5,0.7704678177833557,33,10,7,9,8,32,10,14,9,23,9,12,16,0.9019607843137255,0.8571428571428571,1.0,0.9444444444444444,0.7142857142857143,0.9183673469387755,1.0,1.0,0.7368421052631579,0.8571428571428571,1.0,0.8888888888888888,0.90625,0.3982863426208496,51,14,14,18,7,49,18,14,19,35,16,9,32
270,0.6060606060606061,0.4,0.7142857142857143,0.5555555555555556,0.5,0.625,0.9,0.7142857142857143,0.1111111111111111,0.5652173913043478,0.7777777777777778,0.6666666666666666,0.5,0.778386116027832,33,10,7,9,8,32,10,14,9,23,9,12,16,0.9019607843137255,0.8571428571428571,1.0,0.9444444444444444,0.7142857142857143,0.9183673469387755,1.0,1.0,0.7368421052631579,0.8571428571428571,1.0,0.8888888888888888,0.90625,0.39500901103019714,51,14,14,18,7,49,18,14,19,35,16,9,32
271,0.6060606060606061,0.4,0.7142857142857143,0.5555555555555556,0.5,0.625,0.9,0.7142857142857143,0.1111111111111111,0.5652173913043478,0.7777777777777778,0.6666666666666666,0.5,0.7608256340026855,33,10,7,9,8,32,10,14,9,23,9,12,16,0.9019607843137255,0.8571428571428571,1.0,0.9444444444444444,0.7142857142857143,0.9183673469387755,1.0,1.0,0.7368421052631579,0.8571428571428571,1.0,0.8888888888888888,0.90625,0.39172783493995667,51,14,14,18,7,49,18,14,19,35,16,9,32
272,0.6060606060606061,0.4,0.7142857142857143,0.5555555555555556,0.5,0.625,0.9,0.7142857142857143,0.1111111111111111,0.5652173913043478,0.7777777777777778,0.6666666666666666,0.5,0.7704596519470215,33,10,7,9,8,32,10,14,9,23,9,12,16,0.9019607843137255,0.8571428571428571,1.0,0.9444444444444444,0.7142857142857143,0.9183673469387755,1.0,1.0,0.7368421052631579,0.8571428571428571,1.0,0.8888888888888888,0.90625,0.38842666149139404,51,14,14,18,7,49,18,14,19,35,16,9,32
273,0.6060606060606061,0.4,0.7142857142857143,0.5555555555555556,0.5,0.625,0.9,0.7142857142857143,0.1111111111111111,0.5652173913043478,0.7777777777777778,0.6666666666666666,0.5,0.7542726993560791,33,10,7,9,8,32,10,14,9,23,9,12,16,0.9019607843137255,0.8571428571428571,1.0,0.9444444444444444,0.7142857142857143,0.9183673469387755,1.0,1.0,0.7368421052631579,0.8571428571428571,1.0,0.8888888888888888,0.90625,0.3851035237312317,51,14,14,18,7,49,18,14,19,35,16,9,32
274,0.6060606060606061,0.4,0.7142857142857143,0.5555555555555556,0.5,0.625,0.9,0.7142857142857143,0.1111111111111111,0.5652173913043478,0.7777777777777778,0.6666666666666666,0.5,0.7579792141914368,33,10,7,9,8,32,10,14,9,23,9,12,16,0.9019607843137255,0.8571428571428571,1.0,0.9444444444444444,0.7142857142857143,0.9183673469387755,1.0,1.0,0.7368421052631579,0.8571428571428571,1.0,0.8888888888888888,0.90625,0.3817402720451355,51,14,14,18,7,49,18,14,19,35,16,9,32
275,0.6060606060606061,0.4,0.7142857142857143,0.5555555555555556,0.5,0.625,0.9,0.7142857142857143,0.1111111111111111,0.5652173913043478,0.7777777777777778,0.6666666666666666,0.5,0.7511122226715088,33,10,7,9,8,32,10,14,9,23,9,12,16,0.9019607843137255,0.8571428571428571,1.0,0.9444444444444444,0.7142857142857143,0.9183673469387755,1.0,1.0,0.7368421052631579,0.8571428571428571,1.0,0.8888888888888888,0.90625,0.3783644139766693,51,14,14,18,7,49,18,14,19,35,16,9,32
276,0.6060606060606061,0.4,0.7142857142857143,0.5555555555555556,0.5,0.625,0.9,0.7142857142857143,0.1111111111111111,0.5652173913043478,0.7777777777777778,0.6666666666666666,0.5,0.7443985939025879,33,10,7,9,8,32,10,14,9,23,9,12,16,0.9019607843137255,0.8571428571428571,1.0,0.9444444444444444,0.7142857142857143,0.9183673469387755,1.0,1.0,0.7368421052631579,0.8571428571428571,1.0,0.8888888888888888,0.90625,0.3749963641166687,51,14,14,18,7,49,18,14,19,35,16,9,32
277,0.6060606060606061,0.4,0.7142857142857143,0.5555555555555556,0.5,0.625,0.9,0.7142857142857143,0.1111111111111111,0.5652173913043478,0.7777777777777778,0.6666666666666666,0.5,0.7471378445625305,33,10,7,9,8,32,10,14,9,23,9,12,16,0.9019607843137255,0.8571428571428571,1.0,0.9444444444444444,0.7142857142857143,0.9183673469387755,1.0,1.0,0.7368421052631579,0.8571428571428571,1.0,0.8888888888888888,0.90625,0.3716413378715515,51,14,14,18,7,49,18,14,19,35,16,9,32
278,0.6060606060606061,0.4,0.7142857142857143,0.5555555555555556,0.5,0.625,0.9,0.7142857142857143,0.1111111111111111,0.5652173913043478,0.7777777777777778,0.6666666666666666,0.5,0.7334660291671753,33,10,7,9,8,32,10,14,9,23,9,12,16,0.9019607843137255,0.8571428571428571,1.0,0.9444444444444444,0.7142857142857143,0.9183673469387755,1.0,1.0,0.7368421052631579,0.8571428571428571,1.0,0.8888888888888888,0.90625,0.3682873249053955,51,14,14,18,7,49,18,14,19,35,16,9,32
279,0.6060606060606061,0.4,0.7142857142857143,0.5555555555555556,0.5,0.625,0.9,0.7142857142857143,0.1111111111111111,0.5652173913043478,0.7777777777777778,0.6666666666666666,0.5,0.7400362491607666,33,10,7,9,8,32,10,14,9,23,9,12,16,0.9019607843137255,0.8571428571428571,1.0,0.9444444444444444,0.7142857142857143,0.9183673469387755,1.0,1.0,0.7368421052631579,0.8571428571428571,1.0,0.8888888888888888,0.90625,0.3649180829524994,51,14,14,18,7,49,18,14,19,35,16,9,32
280,0.6060606060606061,0.4,0.7142857142857143,0.5555555555555556,0.5,0.625,0.9,0.7142857142857143,0.1111111111111111,0.5652173913043478,0.7777777777777778,0.6666666666666666,0.5,0.7260034084320068,33,10,7,9,8,32,10,14,9,23,9,12,16,0.9019607843137255,0.8571428571428571,1.0,0.9444444444444444,0.7142857142857143,0.9183673469387755,1.0,1.0,0.7368421052631579,0.8571428571428571,1.0,0.8888888888888888,0.90625,0.3615287244319916,51,14,14,18,7,49,18,14,19,35,16,9,32
281,0.6060606060606061,0.4,0.7142857142857143,0.5555555555555556,0.5,0.625,0.9,0.7142857142857143,0.1111111111111111,0.5652173913043478,0.7777777777777778,0.6666666666666666,0.5,0.7295408248901367,33,10,7,9,8,32,10,14,9,23,9,12,16,0.9019607843137255,0.8571428571428571,1.0,0.9444444444444444,0.7142857142857143,0.9183673469387755,1.0,1.0,0.7368421052631579,0.8571428571428571,1.0,0.8888888888888888,0.90625,0.35811105370521545,51,14,14,18,7,49,18,14,19,35,16,9,32
282,0.6060606060606061,0.4,0.7142857142857143,0.5555555555555556,0.5,0.625,0.9,0.7142857142857143,0.1111111111111111,0.5652173913043478,0.7777777777777778,0.6666666666666666,0.5,0.7212511897087097,33,10,7,9,8,32,10,14,9,23,9,12,16,0.9019607843137255,0.8571428571428571,1.0,0.9444444444444444,0.7142857142857143,0.9183673469387755,1.0,1.0,0.7368421052631579,0.8571428571428571,1.0,0.8888888888888888,0.90625,0.35468190908432007,51,14,14,18,7,49,18,14,19,35,16,9,32
283,0.6060606060606061,0.4,0.7142857142857143,0.5555555555555556,0.5,0.625,0.9,0.7142857142857143,0.1111111111111111,0.5652173913043478,0.7777777777777778,0.6666666666666666,0.5,0.7179265022277832,33,10,7,9,8,32,10,14,9,23,9,12,16,0.9019607843137255,0.8571428571428571,1.0,0.9444444444444444,0.7142857142857143,0.9183673469387755,1.0,1.0,0.7368421052631579,0.8571428571428571,1.0,0.8888888888888888,0.90625,0.35125306248664856,51,14,14,18,7,49,18,14,19,35,16,9,32
284,0.6060606060606061,0.4,0.7142857142857143,0.5555555555555556,0.5,0.625,0.9,0.7142857142857143,0.1111111111111111,0.5652173913043478,0.7777777777777778,0.6666666666666666,0.5,0.7167273759841919,33,10,7,9,8,32,10,14,9,23,9,12,16,0.9019607843137255,0.8571428571428571,1.0,0.9444444444444444,0.7142857142857143,0.9183673469387755,1.0,1.0,0.7368421052631579,0.8571428571428571,1.0,0.8888888888888888,0.90625,0.34783270955085754,51,14,14,18,7,49,18,14,19,35,16,9,32
285,0.6060606060606061,0.4,0.7142857142857143,0.5555555555555556,0.5,0.625,0.9,0.7142857142857143,0.1111111111111111,0.5652173913043478,0.7777777777777778,0.6666666666666666,0.5,0.7074913382530212,33,10,7,9,8,32,10,14,9,23,9,12,16,0.9019607843137255,0.8571428571428571,1.0,0.9444444444444444,0.7142857142857143,0.9183673469387755,1.0,1.0,0.7368421052631579,0.8571428571428571,1.0,0.8888888888888888,0.90625,0.34441888332366943,51,14,14,18,7,49,18,14,19,35,16,9,32
286,0.5757575757575758,0.4,0.7142857142857143,0.5555555555555556,0.5,0.59375,0.9,0.6428571428571429,0.1111111111111111,0.5652173913043478,0.6666666666666666,0.5833333333333334,0.5,0.7113103270530701,33,10,7,9,8,32,10,14,9,23,9,12,16,0.9019607843137255,0.8571428571428571,1.0,0.9444444444444444,0.7142857142857143,0.9183673469387755,1.0,1.0,0.7368421052631579,0.8571428571428571,1.0,0.8888888888888888,0.90625,0.3410067856311798,51,14,14,18,7,49,18,14,19,35,16,9,32
287,0.6363636363636364,0.5,0.7142857142857143,0.5555555555555556,0.625,0.65625,0.9,0.7857142857142857,0.1111111111111111,0.5652173913043478,0.8888888888888888,0.6666666666666666,0.5625,0.6984949707984924,33,10,7,9,8,32,10,14,9,23,9,12,16,0.9019607843137255,0.8571428571428571,1.0,0.9444444444444444,0.7142857142857143,0.9183673469387755,1.0,1.0,0.7368421052631579,0.8571428571428571,1.0,0.8888888888888888,0.90625,0.3375958502292633,51,14,14,18,7,49,18,14,19,35,16,9,32
288,0.5757575757575758,0.4,0.7142857142857143,0.5555555555555556,0.5,0.59375,0.9,0.6428571428571429,0.1111111111111111,0.5652173913043478,0.6666666666666666,0.5833333333333334,0.5,0.7050583362579346,33,10,7,9,8,32,10,14,9,23,9,12,16,0.9215686274509803,0.9285714285714286,1.0,0.9444444444444444,0.8571428571428571,0.9387755102040817,1.0,1.0,0.7894736842105263,0.8857142857142857,1.0,0.8888888888888888,0.90625,0.3341819643974304,51,14,14,18,7,49,18,14,19,35,16,9,32
289,0.6363636363636364,0.5,0.7142857142857143,0.5555555555555556,0.625,0.65625,0.9,0.7857142857142857,0.1111111111111111,0.5652173913043478,0.8888888888888888,0.6666666666666666,0.5625,0.691074013710022,33,10,7,9,8,32,10,14,9,23,9,12,16,0.9215686274509803,0.9285714285714286,1.0,0.9444444444444444,0.8571428571428571,0.9387755102040817,1.0,1.0,0.7894736842105263,0.8857142857142857,1.0,0.8888888888888888,0.90625,0.33076947927474976,51,14,14,18,7,49,18,14,19,35,16,9,32
290,0.6060606060606061,0.5,0.7142857142857143,0.5555555555555556,0.625,0.625,0.9,0.7142857142857143,0.1111111111111111,0.5652173913043478,0.7777777777777778,0.5833333333333334,0.5625,0.6974024772644043,33,10,7,9,8,32,10,14,9,23,9,12,16,0.9411764705882353,1.0,1.0,1.0,0.8571428571428571,0.9591836734693877,1.0,1.0,0.8421052631578947,0.9142857142857143,1.0,0.8888888888888888,0.9375,0.3273456394672394,51,14,14,18,7,49,18,14,19,35,16,9,32
291,0.6060606060606061,0.5,0.7142857142857143,0.5555555555555556,0.625,0.625,0.9,0.7142857142857143,0.1111111111111111,0.5652173913043478,0.7777777777777778,0.5833333333333334,0.5625,0.6857671737670898,33,10,7,9,8,32,10,14,9,23,9,12,16,0.9411764705882353,1.0,1.0,1.0,0.8571428571428571,0.9591836734693877,1.0,1.0,0.8421052631578947,0.9142857142857143,1.0,0.8888888888888888,0.9375,0.32391729950904846,51,14,14,18,7,49,18,14,19,35,16,9,32
292,0.6060606060606061,0.5,0.7142857142857143,0.5555555555555556,0.625,0.625,0.9,0.7142857142857143,0.1111111111111111,0.5652173913043478,0.7777777777777778,0.5833333333333334,0.5625,0.6883113384246826,33,10,7,9,8,32,10,14,9,23,9,12,16,0.9607843137254902,1.0,1.0,1.0,0.8571428571428571,0.9795918367346939,1.0,1.0,0.8947368421052632,0.9428571428571428,1.0,1.0,0.96875,0.3204801082611084,51,14,14,18,7,49,18,14,19,35,16,9,32
293,0.6060606060606061,0.5,0.7142857142857143,0.5555555555555556,0.625,0.625,0.9,0.7142857142857143,0.1111111111111111,0.5652173913043478,0.7777777777777778,0.5833333333333334,0.5625,0.6819129586219788,33,10,7,9,8,32,10,14,9,23,9,12,16,0.9607843137254902,1.0,1.0,1.0,0.8571428571428571,0.9795918367346939,1.0,1.0,0.8947368421052632,0.9428571428571428,1.0,1.0,0.96875,0.31704840064048767,51,14,14,18,7,49,18,14,19,35,16,9,32
294,0.6060606060606061,0.5,0.7142857142857143,0.5555555555555556,0.625,0.625,0.9,0.7142857142857143,0.1111111111111111,0.5652173913043478,0.7777777777777778,0.5833333333333334,0.5625,0.6793193817138672,33,10,7,9,8,32,10,14,9,23,9,12,16,0.9607843137254902,1.0,1.0,1.0,0.8571428571428571,0.9795918367346939,1.0,1.0,0.8947368421052632,0.9428571428571428,1.0,1.0,0.96875,0.3136272430419922,51,14,14,18,7,49,18,14,19,35,16,9,32
295,0.6060606060606061,0.5,0.7142857142857143,0.5555555555555556,0.625,0.625,0.9,0.7142857142857143,0.1111111111111111,0.5652173913043478,0.7777777777777778,0.5833333333333334,0.5625,0.6781755685806274,33,10,7,9,8,32,10,14,9,23,9,12,16,0.9607843137254902,1.0,1.0,1.0,0.8571428571428571,0.9795918367346939,1.0,1.0,0.8947368421052632,0.9428571428571428,1.0,1.0,0.96875,0.3102191984653473,51,14,14,18,7,49,18,14,19,35,16,9,32
296,0.6060606060606061,0.5,0.7142857142857143,0.5555555555555556,0.625,0.625,0.9,0.7142857142857143,0.1111111111111111,0.5652173913043478,0.7777777777777778,0.5833333333333334,0.5625,0.6712304949760437,33,10,7,9,8,32,10,14,9,23,9,12,16,0.9607843137254902,1.0,1.0,1.0,0.8571428571428571,0.9795918367346939,1.0,1.0,0.8947368421052632,0.9428571428571428,1.0,1.0,0.96875,0.3068222403526306,51,14,14,18,7,49,18,14,19,35,16,9,32
297,0.6060606060606061,0.5,0.7142857142857143,0.5555555555555556,0.625,0.625,0.9,0.7142857142857143,0.1111111111111111,0.5652173913043478,0.7777777777777778,0.5833333333333334,0.5625,0.6744595766067505,33,10,7,9,8,32,10,14,9,23,9,12,16,0.9803921568627451,1.0,1.0,1.0,1.0,0.9795918367346939,1.0,1.0,0.9473684210526315,0.9714285714285714,1.0,1.0,0.96875,0.30343571305274963,51,14,14,18,7,49,18,14,19,35,16,9,32
298,0.6060606060606061,0.5,0.7142857142857143,0.5555555555555556,0.625,0.625,0.9,0.7142857142857143,0.1111111111111111,0.5652173913043478,0.7777777777777778,0.5833333333333334,0.5625,0.6635205149650574,33,10,7,9,8,32,10,14,9,23,9,12,16,0.9803921568627451,1.0,1.0,1.0,1.0,0.9795918367346939,1.0,1.0,0.9473684210526315,0.9714285714285714,1.0,1.0,0.96875,0.30006349086761475,51,14,14,18,7,49,18,14,19,35,16,9,32
299,0.6060606060606061,0.5,0.7142857142857143,0.5555555555555556,0.625,0.625,0.9,0.7142857142857143,0.1111111111111111,0.5652173913043478,0.7777777777777778,0.5833333333333334,0.5625,0.6714709997177124,33,10,7,9,8,32,10,14,9,23,9,12,16,0.9803921568627451,1.0,1.0,1.0,1.0,0.9795918367346939,1.0,1.0,0.9473684210526315,0.9714285714285714,1.0,1.0,0.96875,0.29670968651771545,51,14,14,18,7,49,18,14,19,35,16,9,32
300,0.6060606060606061,0.5,0.7142857142857143,0.5555555555555556,0.625,0.625,0.9,0.7142857142857143,0.1111111111111111,0.5652173913043478,0.7777777777777778,0.5833333333333334,0.5625,0.6559959650039673,33,10,7,9,8,32,10,14,9,23,9,12,16,0.9803921568627451,1.0,1.0,1.0,1.0,0.9795918367346939,1.0,1.0,0.9473684210526315,0.9714285714285714,1.0,1.0,0.96875,0.29338833689689636,51,14,14,18,7,49,18,14,19,35,16,9,32
301,0.6060606060606061,0.5,0.7142857142857143,0.5555555555555556,0.625,0.625,0.9,0.7142857142857143,0.1111111111111111,0.5652173913043478,0.7777777777777778,0.5833333333333334,0.5625,0.6682470440864563,33,10,7,9,8,32,10,14,9,23,9,12,16,0.9803921568627451,1.0,1.0,1.0,1.0,0.9795918367346939,1.0,1.0,0.9473684210526315,0.9714285714285714,1.0,1.0,0.96875,0.29008474946022034,51,14,14,18,7,49,18,14,19,35,16,9,32
302,0.6060606060606061,0.5,0.7142857142857143,0.5555555555555556,0.625,0.625,0.9,0.7142857142857143,0.1111111111111111,0.5652173913043478,0.7777777777777778,0.5833333333333334,0.5625,0.6511595845222473,33,10,7,9,8,32,10,14,9,23,9,12,16,0.9803921568627451,1.0,1.0,1.0,1.0,0.9795918367346939,1.0,1.0,0.9473684210526315,0.9714285714285714,1.0,1.0,0.96875,0.28679537773132324,51,14,14,18,7,49,18,14,19,35,16,9,32
303,0.6060606060606061,0.5,0.7142857142857143,0.5555555555555556,0.625,0.625,0.9,0.7142857142857143,0.1111111111111111,0.5652173913043478,0.7777777777777778,0.5833333333333334,0.5625,0.6604315042495728,33,10,7,9,8,32,10,14,9,23,9,12,16,0.9803921568627451,1.0,1.0,1.0,1.0,0.9795918367346939,1.0,1.0,0.9473684210526315,0.9714285714285714,1.0,1.0,0.96875,0.2834419906139374,51,14,14,18,7,49,18,14,19,35,16,9,32
304,0.6060606060606061,0.5,0.7142857142857143,0.5555555555555556,0.625,0.625,0.9,0.7142857142857143,0.1111111111111111,0.5652173913043478,0.7777777777777778,0.5833333333333334,0.5625,0.6517317891120911,33,10,7,9,8,32,10,14,9,23,9,12,16,0.9803921568627451,1.0,1.0,1.0,1.0,0.9795918367346939,1.0,1.0,0.9473684210526315,0.9714285714285714,1.0,1.0,0.96875,0.2800597846508026,51,14,14,18,7,49,18,14,19,35,16,9,32
305,0.6060606060606061,0.5,0.7142857142857143,0.5555555555555556,0.625,0.625,0.9,0.7142857142857143,0.1111111111111111,0.5652173913043478,0.7777777777777778,0.5833333333333334,0.5625,0.6494526267051697,33,10,7,9,8,32,10,14,9,23,9,12,16,0.9803921568627451,1.0,1.0,1.0,1.0,0.9795918367346939,1.0,1.0,0.9473684210526315,0.9714285714285714,1.0,1.0,0.96875,0.27670422196388245,51,14,14,18,7,49,18,14,19,35,16,9,32
306,0.6060606060606061,0.5,0.7142857142857143,0.5555555555555556,0.625,0.625,0.9,0.7142857142857143,0.1111111111111111,0.5652173913043478,0.7777777777777778,0.5833333333333334,0.5625,0.653527021408081,33,10,7,9,8,32,10,14,9,23,9,12,16,0.9803921568627451,1.0,1.0,1.0,1.0,0.9795918367346939,1.0,1.0,0.9473684210526315,0.9714285714285714,1.0,1.0,0.96875,0.2734445035457611,51,14,14,18,7,49,18,14,19,35,16,9,32
307,0.6060606060606061,0.5,0.7142857142857143,0.5555555555555556,0.625,0.625,0.9,0.7142857142857143,0.1111111111111111,0.5652173913043478,0.7777777777777778,0.5833333333333334,0.5625,0.6419028043746948,33,10,7,9,8,32,10,14,9,23,9,12,16,0.9803921568627451,1.0,1.0,1.0,1.0,0.9795918367346939,1.0,1.0,0.9473684210526315,0.9714285714285714,1.0,1.0,0.96875,0.2702580690383911,51,14,14,18,7,49,18,14,19,35,16,9,32
308,0.6060606060606061,0.5,0.7142857142857143,0.5555555555555556,0.625,0.625,0.9,0.7142857142857143,0.1111111111111111,0.5652173913043478,0.7777777777777778,0.5833333333333334,0.5625,0.6508872509002686,33,10,7,9,8,32,10,14,9,23,9,12,16,0.9803921568627451,1.0,1.0,1.0,1.0,0.9795918367346939,1.0,1.0,0.9473684210526315,0.9714285714285714,1.0,1.0,0.96875,0.2670741081237793,51,14,14,18,7,49,18,14,19,35,16,9,32
309,0.6060606060606061,0.5,0.7142857142857143,0.5555555555555556,0.625,0.625,0.9,0.7142857142857143,0.1111111111111111,0.5652173913043478,0.7777777777777778,0.5833333333333334,0.5625,0.6400420665740967,33,10,7,9,8,32,10,14,9,23,9,12,16,0.9803921568627451,1.0,1.0,1.0,1.0,0.9795918367346939,1.0,1.0,0.9473684210526315,0.9714285714285714,1.0,1.0,0.96875,0.26385560631752014,51,14,14,18,7,49,18,14,19,35,16,9,32
310,0.6060606060606061,0.5,0.7142857142857143,0.5555555555555556,0.625,0.625,0.9,0.7142857142857143,0.1111111111111111,0.5652173913043478,0.7777777777777778,0.5833333333333334,0.5625,0.6431064605712891,33,10,7,9,8,32,10,14,9,23,9,12,16,1.0,1.0,1.0,1.0,1.0,1.0,1.0,1.0,1.0,1.0,1.0,1.0,1.0,0.26059508323669434,51,14,14,18,7,49,18,14,19,35,16,9,32
311,0.6060606060606061,0.5,0.7142857142857143,0.5555555555555556,0.625,0.625,0.9,0.7142857142857143,0.1111111111111111,0.5652173913043478,0.7777777777777778,0.5833333333333334,0.5625,0.641669750213623,33,10,7,9,8,32,10,14,9,23,9,12,16,1.0,1.0,1.0,1.0,1.0,1.0,1.0,1.0,1.0,1.0,1.0,1.0,1.0,0.2573641836643219,51,14,14,18,7,49,18,14,19,35,16,9,32
312,0.6060606060606061,0.5,0.7142857142857143,0.5555555555555556,0.625,0.625,0.9,0.7142857142857143,0.1111111111111111,0.5652173913043478,0.7777777777777778,0.5833333333333334,0.5625,0.635511577129364,33,10,7,9,8,32,10,14,9,23,9,12,16,1.0,1.0,1.0,1.0,1.0,1.0,1.0,1.0,1.0,1.0,1.0,1.0,1.0,0.25420069694519043,51,14,14,18,7,49,18,14,19,35,16,9,32
313,0.6060606060606061,0.5,0.7142857142857143,0.5555555555555556,0.625,0.625,0.9,0.7142857142857143,0.1111111111111111,0.5652173913043478,0.7777777777777778,0.5833333333333334,0.5625,0.641693115234375,33,10,7,9,8,32,10,14,9,23,9,12,16,1.0,1.0,1.0,1.0,1.0,1.0,1.0,1.0,1.0,1.0,1.0,1.0,1.0,0.25109031796455383,51,14,14,18,7,49,18,14,19,35,16,9,32
314,0.6060606060606061,0.5,0.7142857142857143,0.5555555555555556,0.625,0.625,0.9,0.7142857142857143,0.1111111111111111,0.5652173913043478,0.7777777777777778,0.5833333333333334,0.5625,0.631615400314331,33,10,7,9,8,32,10,14,9,23,9,12,16,1.0,1.0,1.0,1.0,1.0,1.0,1.0,1.0,1.0,1.0,1.0,1.0,1.0,0.2479950189590454,51,14,14,18,7,49,18,14,19,35,16,9,32
315,0.6060606060606061,0.5,0.7142857142857143,0.5555555555555556,0.625,0.625,0.9,0.7142857142857143,0.1111111111111111,0.5652173913043478,0.7777777777777778,0.5833333333333334,0.5625,0.6376815438270569,33,10,7,9,8,32,10,14,9,23,9,12,16,1.0,1.0,1.0,1.0,1.0,1.0,1.0,1.0,1.0,1.0,1.0,1.0,1.0,0.24487841129302979,51,14,14,18,7,49,18,14,19,35,16,9,32
316,0.6060606060606061,0.5,0.7142857142857143,0.5555555555555556,0.625,0.625,0.9,0.7142857142857143,0.1111111111111111,0.5652173913043478,0.7777777777777778,0.5833333333333334,0.5625,0.6313473582267761,33,10,7,9,8,32,10,14,9,23,9,12,16,1.0,1.0,1.0,1.0,1.0,1.0,1.0,1.0,1.0,1.0,1.0,1.0,1.0,0.2417532205581665,51,14,14,18,7,49,18,14,19,35,16,9,32
317,0.6060606060606061,0.5,0.7142857142857143,0.5555555555555556,0.625,0.625,0.9,0.7142857142857143,0.1111111111111111,0.5652173913043478,0.7777777777777778,0.5833333333333334,0.5625,0.6314148902893066,33,10,7,9,8,32,10,14,9,23,9,12,16,1.0,1.0,1.0,1.0,1.0,1.0,1.0,1.0,1.0,1.0,1.0,1.0,1.0,0.23864202201366425,51,14,14,18,7,49,18,14,19,35,16,9,32
318,0.6060606060606061,0.5,0.7142857142857143,0.5555555555555556,0.625,0.625,0.9,0.7142857142857143,0.1111111111111111,0.5652173913043478,0.7777777777777778,0.5833333333333334,0.5625,0.6321495771408081,33,10,7,9,8,32,10,14,9,23,9,12,16,1.0,1.0,1.0,1.0,1.0,1.0,1.0,1.0,1.0,1.0,1.0,1.0,1.0,0.23557449877262115,51,14,14,18,7,49,18,14,19,35,16,9,32
319,0.6363636363636364,0.6,0.7142857142857143,0.5555555555555556,0.625,0.65625,0.9,0.7142857142857143,0.2222222222222222,0.6086956521739131,0.7777777777777778,0.5833333333333334,0.5625,0.6262196898460388,33,10,7,9,8,32,10,14,9,23,9,12,16,1.0,1.0,1.0,1.0,1.0,1.0,1.0,1.0,1.0,1.0,1.0,1.0,1.0,0.23255246877670288,51,14,14,18,7,49,18,14,19,35,16,9,32
320,0.6363636363636364,0.6,0.7142857142857143,0.5555555555555556,0.625,0.65625,0.9,0.7142857142857143,0.2222222222222222,0.6086956521739131,0.7777777777777778,0.5833333333333334,0.5625,0.6315120458602905,33,10,7,9,8,32,10,14,9,23,9,12,16,1.0,1.0,1.0,1.0,1.0,1.0,1.0,1.0,1.0,1.0,1.0,1.0,1.0,0.22956016659736633,51,14,14,18,7,49,18,14,19,35,16,9,32
321,0.6666666666666666,0.6,0.7142857142857143,0.5555555555555556,0.625,0.6875,0.9,0.7142857142857143,0.3333333333333333,0.6521739130434783,0.7777777777777778,0.6666666666666666,0.625,0.6233441829681396,33,10,7,9,8,32,10,14,9,23,9,12,16,1.0,1.0,1.0,1.0,1.0,1.0,1.0,1.0,1.0,1.0,1.0,1.0,1.0,0.22658325731754303,51,14,14,18,7,49,18,14,19,35,16,9,32
322,0.6666666666666666,0.6,0.7142857142857143,0.5555555555555556,0.625,0.6875,0.9,0.7142857142857143,0.3333333333333333,0.6521739130434783,0.7777777777777778,0.6666666666666666,0.625,0.6287511587142944,33,10,7,9,8,32,10,14,9,23,9,12,16,1.0,1.0,1.0,1.0,1.0,1.0,1.0,1.0,1.0,1.0,1.0,1.0,1.0,0.2236085832118988,51,14,14,18,7,49,18,14,19,35,16,9,32
323,0.6666666666666666,0.6,0.7142857142857143,0.5555555555555556,0.625,0.6875,0.9,0.7142857142857143,0.3333333333333333,0.6521739130434783,0.7777777777777778,0.6666666666666666,0.625,0.6225752234458923,33,10,7,9,8,32,10,14,9,23,9,12,16,1.0,1.0,1.0,1.0,1.0,1.0,1.0,1.0,1.0,1.0,1.0,1.0,1.0,0.22064292430877686,51,14,14,18,7,49,18,14,19,35,16,9,32
324,0.6666666666666666,0.6,0.7142857142857143,0.5555555555555556,0.625,0.6875,0.9,0.7142857142857143,0.3333333333333333,0.6521739130434783,0.7777777777777778,0.6666666666666666,0.625,0.6246777176856995,33,10,7,9,8,32,10,14,9,23,9,12,16,1.0,1.0,1.0,1.0,1.0,1.0,1.0,1.0,1.0,1.0,1.0,1.0,1.0,0.21769137680530548,51,14,14,18,7,49,18,14,19,35,16,9,32
325,0.6666666666666666,0.6,0.7142857142857143,0.5555555555555556,0.625,0.6875,0.9,0.7142857142857143,0.3333333333333333,0.6521739130434783,0.7777777777777778,0.6666666666666666,0.625,0.6228074431419373,33,10,7,9,8,32,10,14,9,23,9,12,16,1.0,1.0,1.0,1.0,1.0,1.0,1.0,1.0,1.0,1.0,1.0,1.0,1.0,0.21476802229881287,51,14,14,18,7,49,18,14,19,35,16,9,32
326,0.6666666666666666,0.6,0.7142857142857143,0.5555555555555556,0.625,0.6875,0.9,0.7142857142857143,0.3333333333333333,0.6521739130434783,0.7777777777777778,0.6666666666666666,0.625,0.6207662224769592,33,10,7,9,8,32,10,14,9,23,9,12,16,1.0,1.0,1.0,1.0,1.0,1.0,1.0,1.0,1.0,1.0,1.0,1.0,1.0,0.21187759935855865,51,14,14,18,7,49,18,14,19,35,16,9,32
327,0.6666666666666666,0.6,0.7142857142857143,0.5555555555555556,0.625,0.6875,0.9,0.7142857142857143,0.3333333333333333,0.6521739130434783,0.7777777777777778,0.6666666666666666,0.625,0.6228674054145813,33,10,7,9,8,32,10,14,9,23,9,12,16,1.0,1.0,1.0,1.0,1.0,1.0,1.0,1.0,1.0,1.0,1.0,1.0,1.0,0.2090194672346115,51,14,14,18,7,49,18,14,19,35,16,9,32
328,0.6666666666666666,0.6,0.7142857142857143,0.5555555555555556,0.625,0.6875,0.9,0.7142857142857143,0.3333333333333333,0.6521739130434783,0.7777777777777778,0.6666666666666666,0.625,0.6177040934562683,33,10,7,9,8,32,10,14,9,23,9,12,16,1.0,1.0,1.0,1.0,1.0,1.0,1.0,1.0,1.0,1.0,1.0,1.0,1.0,0.20619025826454163,51,14,14,18,7,49,18,14,19,35,16,9,32
329,0.6666666666666666,0.6,0.7142857142857143,0.5555555555555556,0.625,0.6875,0.9,0.7142857142857143,0.3333333333333333,0.6521739130434783,0.7777777777777778,0.6666666666666666,0.625,0.6223808526992798,33,10,7,9,8,32,10,14,9,23,9,12,16,1.0,1.0,1.0,1.0,1.0,1.0,1.0,1.0,1.0,1.0,1.0,1.0,1.0,0.20338556170463562,51,14,14,18,7,49,18,14,19,35,16,9,32
330,0.6666666666666666,0.6,0.7142857142857143,0.5555555555555556,0.625,0.6875,0.9,0.7142857142857143,0.3333333333333333,0.6521739130434783,0.7777777777777778,0.6666666666666666,0.625,0.6154690980911255,33,10,7,9,8,32,10,14,9,23,9,12,16,1.0,1.0,1.0,1.0,1.0,1.0,1.0,1.0,1.0,1.0,1.0,1.0,1.0,0.200604647397995,51,14,14,18,7,49,18,14,19,35,16,9,32
331,0.6666666666666666,0.6,0.7142857142857143,0.5555555555555556,0.625,0.6875,0.9,0.7142857142857143,0.3333333333333333,0.6521739130434783,0.7777777777777778,0.6666666666666666,0.625,0.6213387846946716,33,10,7,9,8,32,10,14,9,23,9,12,16,1.0,1.0,1.0,1.0,1.0,1.0,1.0,1.0,1.0,1.0,1.0,1.0,1.0,0.1978430151939392,51,14,14,18,7,49,18,14,19,35,16,9,32
332,0.6666666666666666,0.6,0.7142857142857143,0.5555555555555556,0.625,0.6875,0.9,0.7142857142857143,0.3333333333333333,0.6521739130434783,0.7777777777777778,0.6666666666666666,0.625,0.6140173077583313,33,10,7,9,8,32,10,14,9,23,9,12,16,1.0,1.0,1.0,1.0,1.0,1.0,1.0,1.0,1.0,1.0,1.0,1.0,1.0,0.19510391354560852,51,14,14,18,7,49,18,14,19,35,16,9,32
333,0.6666666666666666,0.6,0.7142857142857143,0.5555555555555556,0.625,0.6875,0.9,0.7142857142857143,0.3333333333333333,0.6521739130434783,0.7777777777777778,0.6666666666666666,0.625,0.6197479963302612,33,10,7,9,8,32,10,14,9,23,9,12,16,1.0,1.0,1.0,1.0,1.0,1.0,1.0,1.0,1.0,1.0,1.0,1.0,1.0,0.19238202273845673,51,14,14,18,7,49,18,14,19,35,16,9,32
334,0.6666666666666666,0.6,0.7142857142857143,0.5555555555555556,0.625,0.6875,0.9,0.7142857142857143,0.3333333333333333,0.6521739130434783,0.7777777777777778,0.6666666666666666,0.625,0.6133350729942322,33,10,7,9,8,32,10,14,9,23,9,12,16,1.0,1.0,1.0,1.0,1.0,1.0,1.0,1.0,1.0,1.0,1.0,1.0,1.0,0.1896829754114151,51,14,14,18,7,49,18,14,19,35,16,9,32
335,0.6666666666666666,0.6,0.7142857142857143,0.5555555555555556,0.625,0.6875,0.9,0.7142857142857143,0.3333333333333333,0.6521739130434783,0.7777777777777778,0.6666666666666666,0.625,0.6177208423614502,33,10,7,9,8,32,10,14,9,23,9,12,16,1.0,1.0,1.0,1.0,1.0,1.0,1.0,1.0,1.0,1.0,1.0,1.0,1.0,0.1870037466287613,51,14,14,18,7,49,18,14,19,35,16,9,32
336,0.6666666666666666,0.6,0.7142857142857143,0.5555555555555556,0.625,0.6875,0.9,0.7142857142857143,0.3333333333333333,0.6521739130434783,0.7777777777777778,0.6666666666666666,0.625,0.6132848262786865,33,10,7,9,8,32,10,14,9,23,9,12,16,1.0,1.0,1.0,1.0,1.0,1.0,1.0,1.0,1.0,1.0,1.0,1.0,1.0,0.18434996902942657,51,14,14,18,7,49,18,14,19,35,16,9,32
337,0.6666666666666666,0.6,0.7142857142857143,0.5555555555555556,0.625,0.6875,0.9,0.7142857142857143,0.3333333333333333,0.6521739130434783,0.7777777777777778,0.6666666666666666,0.625,0.6156142354011536,33,10,7,9,8,32,10,14,9,23,9,12,16,1.0,1.0,1.0,1.0,1.0,1.0,1.0,1.0,1.0,1.0,1.0,1.0,1.0,0.18172182142734528,51,14,14,18,7,49,18,14,19,35,16,9,32
338,0.6666666666666666,0.6,0.7142857142857143,0.5555555555555556,0.625,0.6875,0.9,0.7142857142857143,0.3333333333333333,0.6521739130434783,0.7777777777777778,0.6666666666666666,0.625,0.6135711669921875,33,10,7,9,8,32,10,14,9,23,9,12,16,1.0,1.0,1.0,1.0,1.0,1.0,1.0,1.0,1.0,1.0,1.0,1.0,1.0,0.17912203073501587,51,14,14,18,7,49,18,14,19,35,16,9,32
339,0.6666666666666666,0.6,0.7142857142857143,0.5555555555555556,0.625,0.6875,0.9,0.7142857142857143,0.3333333333333333,0.6521739130434783,0.7777777777777778,0.6666666666666666,0.625,0.6138016581535339,33,10,7,9,8,32,10,14,9,23,9,12,16,1.0,1.0,1.0,1.0,1.0,1.0,1.0,1.0,1.0,1.0,1.0,1.0,1.0,0.17655062675476074,51,14,14,18,7,49,18,14,19,35,16,9,32
340,0.6666666666666666,0.6,0.7142857142857143,0.5555555555555556,0.625,0.6875,0.9,0.7142857142857143,0.3333333333333333,0.6521739130434783,0.7777777777777778,0.6666666666666666,0.625,0.6139554977416992,33,10,7,9,8,32,10,14,9,23,9,12,16,1.0,1.0,1.0,1.0,1.0,1.0,1.0,1.0,1.0,1.0,1.0,1.0,1.0,0.17400768399238586,51,14,14,18,7,49,18,14,19,35,16,9,32
341,0.6666666666666666,0.6,0.7142857142857143,0.5555555555555556,0.625,0.6875,0.9,0.7142857142857143,0.3333333333333333,0.6521739130434783,0.7777777777777778,0.6666666666666666,0.625,0.6124128103256226,33,10,7,9,8,32,10,14,9,23,9,12,16,1.0,1.0,1.0,1.0,1.0,1.0,1.0,1.0,1.0,1.0,1.0,1.0,1.0,0.17149251699447632,51,14,14,18,7,49,18,14,19,35,16,9,32
342,0.6666666666666666,0.6,0.7142857142857143,0.5555555555555556,0.625,0.6875,0.9,0.7142857142857143,0.3333333333333333,0.6521739130434783,0.7777777777777778,0.6666666666666666,0.625,0.6144000887870789,33,10,7,9,8,32,10,14,9,23,9,12,16,1.0,1.0,1.0,1.0,1.0,1.0,1.0,1.0,1.0,1.0,1.0,1.0,1.0,0.16900449991226196,51,14,14,18,7,49,18,14,19,35,16,9,32
343,0.6666666666666666,0.6,0.7142857142857143,0.5555555555555556,0.625,0.6875,0.9,0.7142857142857143,0.3333333333333333,0.6521739130434783,0.7777777777777778,0.6666666666666666,0.625,0.6113474369049072,33,10,7,9,8,32,10,14,9,23,9,12,16,1.0,1.0,1.0,1.0,1.0,1.0,1.0,1.0,1.0,1.0,1.0,1.0,1.0,0.1665438413619995,51,14,14,18,7,49,18,14,19,35,16,9,32
344,0.6666666666666666,0.6,0.7142857142857143,0.5555555555555556,0.625,0.6875,0.9,0.7142857142857143,0.3333333333333333,0.6521739130434783,0.7777777777777778,0.6666666666666666,0.625,0.6150088310241699,33,10,7,9,8,32,10,14,9,23,9,12,16,1.0,1.0,1.0,1.0,1.0,1.0,1.0,1.0,1.0,1.0,1.0,1.0,1.0,0.16411033272743225,51,14,14,18,7,49,18,14,19,35,16,9,32
345,0.6666666666666666,0.6,0.7142857142857143,0.5555555555555556,0.625,0.6875,0.9,0.7142857142857143,0.3333333333333333,0.6521739130434783,0.7777777777777778,0.6666666666666666,0.625,0.6104307174682617,33,10,7,9,8,32,10,14,9,23,9,12,16,1.0,1.0,1.0,1.0,1.0,1.0,1.0,1.0,1.0,1.0,1.0,1.0,1.0,0.16170503199100494,51,14,14,18,7,49,18,14,19,35,16,9,32
346,0.6666666666666666,0.6,0.7142857142857143,0.5555555555555556,0.625,0.6875,0.9,0.7142857142857143,0.3333333333333333,0.6521739130434783,0.7777777777777778,0.6666666666666666,0.625,0.6158877015113831,33,10,7,9,8,32,10,14,9,23,9,12,16,1.0,1.0,1.0,1.0,1.0,1.0,1.0,1.0,1.0,1.0,1.0,1.0,1.0,0.15932771563529968,51,14,14,18,7,49,18,14,19,35,16,9,32
347,0.6666666666666666,0.6,0.7142857142857143,0.5555555555555556,0.625,0.6875,0.9,0.7142857142857143,0.3333333333333333,0.6521739130434783,0.7777777777777778,0.6666666666666666,0.625,0.6096033453941345,33,10,7,9,8,32,10,14,9,23,9,12,16,1.0,1.0,1.0,1.0,1.0,1.0,1.0,1.0,1.0,1.0,1.0,1.0,1.0,0.15698100626468658,51,14,14,18,7,49,18,14,19,35,16,9,32
348,0.6666666666666666,0.6,0.7142857142857143,0.5555555555555556,0.625,0.6875,0.9,0.7142857142857143,0.3333333333333333,0.6521739130434783,0.7777777777777778,0.6666666666666666,0.625,0.6169441938400269,33,10,7,9,8,32,10,14,9,23,9,12,16,1.0,1.0,1.0,1.0,1.0,1.0,1.0,1.0,1.0,1.0,1.0,1.0,1.0,0.1546618640422821,51,14,14,18,7,49,18,14,19,35,16,9,32
349,0.6666666666666666,0.6,0.7142857142857143,0.5555555555555556,0.625,0.6875,0.9,0.7142857142857143,0.3333333333333333,0.6521739130434783,0.7777777777777778,0.6666666666666666,0.625,0.6091213226318359,33,10,7,9,8,32,10,14,9,23,9,12,16,1.0,1.0,1.0,1.0,1.0,1.0,1.0,1.0,1.0,1.0,1.0,1.0,1.0,0.15237343311309814,51,14,14,18,7,49,18,14,19,35,16,9,32
350,0.6666666666666666,0.6,0.7142857142857143,0.5555555555555556,0.625,0.6875,0.9,0.7142857142857143,0.3333333333333333,0.6521739130434783,0.7777777777777778,0.6666666666666666,0.625,0.6176174283027649,33,10,7,9,8,32,10,14,9,23,9,12,16,1.0,1.0,1.0,1.0,1.0,1.0,1.0,1.0,1.0,1.0,1.0,1.0,1.0,0.15010547637939453,51,14,14,18,7,49,18,14,19,35,16,9,32
351,0.6666666666666666,0.6,0.7142857142857143,0.5555555555555556,0.625,0.6875,0.9,0.7142857142857143,0.3333333333333333,0.6521739130434783,0.7777777777777778,0.6666666666666666,0.625,0.6096659302711487,33,10,7,9,8,32,10,14,9,23,9,12,16,1.0,1.0,1.0,1.0,1.0,1.0,1.0,1.0,1.0,1.0,1.0,1.0,1.0,0.14786076545715332,51,14,14,18,7,49,18,14,19,35,16,9,32
352,0.6666666666666666,0.6,0.7142857142857143,0.5555555555555556,0.625,0.6875,0.9,0.7142857142857143,0.3333333333333333,0.6521739130434783,0.7777777777777778,0.6666666666666666,0.625,0.6170368790626526,33,10,7,9,8,32,10,14,9,23,9,12,16,1.0,1.0,1.0,1.0,1.0,1.0,1.0,1.0,1.0,1.0,1.0,1.0,1.0,0.14562450349330902,51,14,14,18,7,49,18,14,19,35,16,9,32
353,0.6666666666666666,0.6,0.7142857142857143,0.5555555555555556,0.625,0.6875,0.9,0.7142857142857143,0.3333333333333333,0.6521739130434783,0.7777777777777778,0.6666666666666666,0.625,0.6117942929267883,33,10,7,9,8,32,10,14,9,23,9,12,16,1.0,1.0,1.0,1.0,1.0,1.0,1.0,1.0,1.0,1.0,1.0,1.0,1.0,0.14340686798095703,51,14,14,18,7,49,18,14,19,35,16,9,32
354,0.6666666666666666,0.6,0.7142857142857143,0.5555555555555556,0.625,0.6875,0.9,0.7142857142857143,0.3333333333333333,0.6521739130434783,0.7777777777777778,0.6666666666666666,0.625,0.6152836084365845,33,10,7,9,8,32,10,14,9,23,9,12,16,1.0,1.0,1.0,1.0,1.0,1.0,1.0,1.0,1.0,1.0,1.0,1.0,1.0,0.14120973646640778,51,14,14,18,7,49,18,14,19,35,16,9,32
355,0.6666666666666666,0.6,0.7142857142857143,0.5555555555555556,0.625,0.6875,0.9,0.7142857142857143,0.3333333333333333,0.6521739130434783,0.7777777777777778,0.6666666666666666,0.625,0.6149552464485168,33,10,7,9,8,32,10,14,9,23,9,12,16,1.0,1.0,1.0,1.0,1.0,1.0,1.0,1.0,1.0,1.0,1.0,1.0,1.0,0.139048233628273,51,14,14,18,7,49,18,14,19,35,16,9,32
356,0.6666666666666666,0.6,0.7142857142857143,0.5555555555555556,0.625,0.6875,0.9,0.7142857142857143,0.3333333333333333,0.6521739130434783,0.7777777777777778,0.6666666666666666,0.625,0.6137046217918396,33,10,7,9,8,32,10,14,9,23,9,12,16,1.0,1.0,1.0,1.0,1.0,1.0,1.0,1.0,1.0,1.0,1.0,1.0,1.0,0.1369277983903885,51,14,14,18,7,49,18,14,19,35,16,9,32
357,0.6666666666666666,0.6,0.7142857142857143,0.5555555555555556,0.625,0.6875,0.9,0.7142857142857143,0.3333333333333333,0.6521739130434783,0.7777777777777778,0.6666666666666666,0.625,0.6177783012390137,33,10,7,9,8,32,10,14,9,23,9,12,16,1.0,1.0,1.0,1.0,1.0,1.0,1.0,1.0,1.0,1.0,1.0,1.0,1.0,0.1348465234041214,51,14,14,18,7,49,18,14,19,35,16,9,32
358,0.6666666666666666,0.6,0.7142857142857143,0.5555555555555556,0.625,0.6875,0.9,0.7142857142857143,0.3333333333333333,0.6521739130434783,0.7777777777777778,0.6666666666666666,0.625,0.6135170459747314,33,10,7,9,8,32,10,14,9,23,9,12,16,1.0,1.0,1.0,1.0,1.0,1.0,1.0,1.0,1.0,1.0,1.0,1.0,1.0,0.13279619812965393,51,14,14,18,7,49,18,14,19,35,16,9,32
359,0.6666666666666666,0.6,0.7142857142857143,0.5555555555555556,0.625,0.6875,0.9,0.7142857142857143,0.3333333333333333,0.6521739130434783,0.7777777777777778,0.6666666666666666,0.625,0.6191474199295044,33,10,7,9,8,32,10,14,9,23,9,12,16,1.0,1.0,1.0,1.0,1.0,1.0,1.0,1.0,1.0,1.0,1.0,1.0,1.0,0.13076603412628174,51,14,14,18,7,49,18,14,19,35,16,9,32
360,0.6666666666666666,0.6,0.7142857142857143,0.5555555555555556,0.625,0.6875,0.9,0.7142857142857143,0.3333333333333333,0.6521739130434783,0.7777777777777778,0.6666666666666666,0.625,0.6151904463768005,33,10,7,9,8,32,10,14,9,23,9,12,16,1.0,1.0,1.0,1.0,1.0,1.0,1.0,1.0,1.0,1.0,1.0,1.0,1.0,0.12875255942344666,51,14,14,18,7,49,18,14,19,35,16,9,32
361,0.6666666666666666,0.6,0.7142857142857143,0.5555555555555556,0.625,0.6875,0.9,0.7142857142857143,0.3333333333333333,0.6521739130434783,0.7777777777777778,0.6666666666666666,0.625,0.6189536452293396,33,10,7,9,8,32,10,14,9,23,9,12,16,1.0,1.0,1.0,1.0,1.0,1.0,1.0,1.0,1.0,1.0,1.0,1.0,1.0,0.12675492465496063,51,14,14,18,7,49,18,14,19,35,16,9,32
362,0.6666666666666666,0.6,0.7142857142857143,0.5555555555555556,0.625,0.6875,0.9,0.7142857142857143,0.3333333333333333,0.6521739130434783,0.7777777777777778,0.6666666666666666,0.625,0.618226170539856,33,10,7,9,8,32,10,14,9,23,9,12,16,1.0,1.0,1.0,1.0,1.0,1.0,1.0,1.0,1.0,1.0,1.0,1.0,1.0,0.12478230148553848,51,14,14,18,7,49,18,14,19,35,16,9,32
363,0.6666666666666666,0.6,0.7142857142857143,0.5555555555555556,0.625,0.6875,0.9,0.7142857142857143,0.3333333333333333,0.6521739130434783,0.7777777777777778,0.6666666666666666,0.625,0.6183702945709229,33,10,7,9,8,32,10,14,9,23,9,12,16,1.0,1.0,1.0,1.0,1.0,1.0,1.0,1.0,1.0,1.0,1.0,1.0,1.0,0.1228412538766861,51,14,14,18,7,49,18,14,19,35,16,9,32
364,0.6666666666666666,0.6,0.7142857142857143,0.5555555555555556,0.625,0.6875,0.9,0.7142857142857143,0.3333333333333333,0.6521739130434783,0.7777777777777778,0.6666666666666666,0.625,0.6212610602378845,33,10,7,9,8,32,10,14,9,23,9,12,16,1.0,1.0,1.0,1.0,1.0,1.0,1.0,1.0,1.0,1.0,1.0,1.0,1.0,0.12093404680490494,51,14,14,18,7,49,18,14,19,35,16,9,32
365,0.6666666666666666,0.6,0.7142857142857143,0.5555555555555556,0.625,0.6875,0.9,0.7142857142857143,0.3333333333333333,0.6521739130434783,0.7777777777777778,0.6666666666666666,0.625,0.6188163757324219,33,10,7,9,8,32,10,14,9,23,9,12,16,1.0,1.0,1.0,1.0,1.0,1.0,1.0,1.0,1.0,1.0,1.0,1.0,1.0,0.11905670166015625,51,14,14,18,7,49,18,14,19,35,16,9,32
366,0.6666666666666666,0.6,0.7142857142857143,0.5555555555555556,0.625,0.6875,0.9,0.7142857142857143,0.3333333333333333,0.6521739130434783,0.7777777777777778,0.6666666666666666,0.625,0.6230823993682861,33,10,7,9,8,32,10,14,9,23,9,12,16,1.0,1.0,1.0,1.0,1.0,1.0,1.0,1.0,1.0,1.0,1.0,1.0,1.0,0.11720260232686996,51,14,14,18,7,49,18,14,19,35,16,9,32
367,0.6666666666666666,0.6,0.7142857142857143,0.5555555555555556,0.625,0.6875,0.9,0.7142857142857143,0.3333333333333333,0.6521739130434783,0.7777777777777778,0.6666666666666666,0.625,0.620888352394104,33,10,7,9,8,32,10,14,9,23,9,12,16,1.0,1.0,1.0,1.0,1.0,1.0,1.0,1.0,1.0,1.0,1.0,1.0,1.0,0.11536841094493866,51,14,14,18,7,49,18,14,19,35,16,9,32
368,0.6666666666666666,0.6,0.7142857142857143,0.5555555555555556,0.625,0.6875,0.9,0.7142857142857143,0.3333333333333333,0.6521739130434783,0.7777777777777778,0.6666666666666666,0.625,0.6236051917076111,33,10,7,9,8,32,10,14,9,23,9,12,16,1.0,1.0,1.0,1.0,1.0,1.0,1.0,1.0,1.0,1.0,1.0,1.0,1.0,0.11355437338352203,51,14,14,18,7,49,18,14,19,35,16,9,32
369,0.6666666666666666,0.6,0.7142857142857143,0.5555555555555556,0.625,0.6875,0.9,0.7142857142857143,0.3333333333333333,0.6521739130434783,0.7777777777777778,0.6666666666666666,0.625,0.624057412147522,33,10,7,9,8,32,10,14,9,23,9,12,16,1.0,1.0,1.0,1.0,1.0,1.0,1.0,1.0,1.0,1.0,1.0,1.0,1.0,0.11176582425832748,51,14,14,18,7,49,18,14,19,35,16,9,32
370,0.6666666666666666,0.6,0.7142857142857143,0.5555555555555556,0.625,0.6875,0.9,0.7142857142857143,0.3333333333333333,0.6521739130434783,0.7777777777777778,0.6666666666666666,0.625,0.6239904761314392,33,10,7,9,8,32,10,14,9,23,9,12,16,1.0,1.0,1.0,1.0,1.0,1.0,1.0,1.0,1.0,1.0,1.0,1.0,1.0,0.11000625789165497,51,14,14,18,7,49,18,14,19,35,16,9,32
371,0.6666666666666666,0.6,0.7142857142857143,0.5555555555555556,0.625,0.6875,0.9,0.7142857142857143,0.3333333333333333,0.6521739130434783,0.7777777777777778,0.6666666666666666,0.625,0.6269739866256714,33,10,7,9,8,32,10,14,9,23,9,12,16,1.0,1.0,1.0,1.0,1.0,1.0,1.0,1.0,1.0,1.0,1.0,1.0,1.0,0.10827567428350449,51,14,14,18,7,49,18,14,19,35,16,9,32
372,0.6666666666666666,0.6,0.7142857142857143,0.5555555555555556,0.625,0.6875,0.9,0.7142857142857143,0.3333333333333333,0.6521739130434783,0.7777777777777778,0.6666666666666666,0.625,0.6254979372024536,33,10,7,9,8,32,10,14,9,23,9,12,16,1.0,1.0,1.0,1.0,1.0,1.0,1.0,1.0,1.0,1.0,1.0,1.0,1.0,0.10657007247209549,51,14,14,18,7,49,18,14,19,35,16,9,32
373,0.6666666666666666,0.6,0.7142857142857143,0.5555555555555556,0.625,0.6875,0.9,0.7142857142857143,0.3333333333333333,0.6521739130434783,0.7777777777777778,0.6666666666666666,0.625,0.6286745667457581,33,10,7,9,8,32,10,14,9,23,9,12,16,1.0,1.0,1.0,1.0,1.0,1.0,1.0,1.0,1.0,1.0,1.0,1.0,1.0,0.10488584637641907,51,14,14,18,7,49,18,14,19,35,16,9,32
374,0.6666666666666666,0.6,0.7142857142857143,0.5555555555555556,0.625,0.6875,0.9,0.7142857142857143,0.3333333333333333,0.6521739130434783,0.7777777777777778,0.6666666666666666,0.625,0.6283589005470276,33,10,7,9,8,32,10,14,9,23,9,12,16,1.0,1.0,1.0,1.0,1.0,1.0,1.0,1.0,1.0,1.0,1.0,1.0,1.0,0.10322307050228119,51,14,14,18,7,49,18,14,19,35,16,9,32
375,0.6666666666666666,0.6,0.7142857142857143,0.5555555555555556,0.625,0.6875,0.9,0.7142857142857143,0.3333333333333333,0.6521739130434783,0.7777777777777778,0.6666666666666666,0.625,0.629589319229126,33,10,7,9,8,32,10,14,9,23,9,12,16,1.0,1.0,1.0,1.0,1.0,1.0,1.0,1.0,1.0,1.0,1.0,1.0,1.0,0.10158399492502213,51,14,14,18,7,49,18,14,19,35,16,9,32
376,0.6666666666666666,0.6,0.7142857142857143,0.5555555555555556,0.625,0.6875,0.9,0.7142857142857143,0.3333333333333333,0.6521739130434783,0.7777777777777778,0.6666666666666666,0.625,0.6315792202949524,33,10,7,9,8,32,10,14,9,23,9,12,16,1.0,1.0,1.0,1.0,1.0,1.0,1.0,1.0,1.0,1.0,1.0,1.0,1.0,0.09997143596410751,51,14,14,18,7,49,18,14,19,35,16,9,32
377,0.6666666666666666,0.6,0.7142857142857143,0.5555555555555556,0.625,0.6875,0.9,0.7142857142857143,0.3333333333333333,0.6521739130434783,0.7777777777777778,0.6666666666666666,0.625,0.631043016910553,33,10,7,9,8,32,10,14,9,23,9,12,16,1.0,1.0,1.0,1.0,1.0,1.0,1.0,1.0,1.0,1.0,1.0,1.0,1.0,0.0983847826719284,51,14,14,18,7,49,18,14,19,35,16,9,32
378,0.6666666666666666,0.6,0.7142857142857143,0.5555555555555556,0.625,0.6875,0.9,0.7142857142857143,0.3333333333333333,0.6521739130434783,0.7777777777777778,0.6666666666666666,0.625,0.6339259147644043,33,10,7,9,8,32,10,14,9,23,9,12,16,1.0,1.0,1.0,1.0,1.0,1.0,1.0,1.0,1.0,1.0,1.0,1.0,1.0,0.0968213826417923,51,14,14,18,7,49,18,14,19,35,16,9,32
379,0.6666666666666666,0.6,0.7142857142857143,0.5555555555555556,0.625,0.6875,0.9,0.7142857142857143,0.3333333333333333,0.6521739130434783,0.7777777777777778,0.6666666666666666,0.625,0.6337259411811829,33,10,7,9,8,32,10,14,9,23,9,12,16,1.0,1.0,1.0,1.0,1.0,1.0,1.0,1.0,1.0,1.0,1.0,1.0,1.0,0.09527944028377533,51,14,14,18,7,49,18,14,19,35,16,9,32
380,0.6666666666666666,0.6,0.7142857142857143,0.5555555555555556,0.625,0.6875,0.9,0.7142857142857143,0.3333333333333333,0.6521739130434783,0.7777777777777778,0.6666666666666666,0.625,0.6353511214256287,33,10,7,9,8,32,10,14,9,23,9,12,16,1.0,1.0,1.0,1.0,1.0,1.0,1.0,1.0,1.0,1.0,1.0,1.0,1.0,0.09375949949026108,51,14,14,18,7,49,18,14,19,35,16,9,32
381,0.6666666666666666,0.6,0.7142857142857143,0.5555555555555556,0.625,0.6875,0.9,0.7142857142857143,0.3333333333333333,0.6521739130434783,0.7777777777777778,0.6666666666666666,0.625,0.6369732022285461,33,10,7,9,8,32,10,14,9,23,9,12,16,1.0,1.0,1.0,1.0,1.0,1.0,1.0,1.0,1.0,1.0,1.0,1.0,1.0,0.0922633707523346,51,14,14,18,7,49,18,14,19,35,16,9,32
382,0.6666666666666666,0.6,0.7142857142857143,0.5555555555555556,0.625,0.6875,0.9,0.7142857142857143,0.3333333333333333,0.6521739130434783,0.7777777777777778,0.6666666666666666,0.625,0.6370210647583008,33,10,7,9,8,32,10,14,9,23,9,12,16,1.0,1.0,1.0,1.0,1.0,1.0,1.0,1.0,1.0,1.0,1.0,1.0,1.0,0.09079183638095856,51,14,14,18,7,49,18,14,19,35,16,9,32
383,0.6666666666666666,0.6,0.7142857142857143,0.5555555555555556,0.625,0.6875,0.9,0.7142857142857143,0.3333333333333333,0.6521739130434783,0.7777777777777778,0.6666666666666666,0.625,0.6395553946495056,33,10,7,9,8,32,10,14,9,23,9,12,16,1.0,1.0,1.0,1.0,1.0,1.0,1.0,1.0,1.0,1.0,1.0,1.0,1.0,0.08934297412633896,51,14,14,18,7,49,18,14,19,35,16,9,32
384,0.6666666666666666,0.6,0.7142857142857143,0.5555555555555556,0.625,0.6875,0.9,0.7142857142857143,0.3333333333333333,0.6521739130434783,0.7777777777777778,0.6666666666666666,0.625,0.6397658586502075,33,10,7,9,8,32,10,14,9,23,9,12,16,1.0,1.0,1.0,1.0,1.0,1.0,1.0,1.0,1.0,1.0,1.0,1.0,1.0,0.08791546523571014,51,14,14,18,7,49,18,14,19,35,16,9,32
385,0.6666666666666666,0.6,0.7142857142857143,0.5555555555555556,0.625,0.6875,0.9,0.7142857142857143,0.3333333333333333,0.6521739130434783,0.7777777777777778,0.6666666666666666,0.625,0.6413031816482544,33,10,7,9,8,32,10,14,9,23,9,12,16,1.0,1.0,1.0,1.0,1.0,1.0,1.0,1.0,1.0,1.0,1.0,1.0,1.0,0.08650936931371689,51,14,14,18,7,49,18,14,19,35,16,9,32
386,0.6666666666666666,0.6,0.7142857142857143,0.5555555555555556,0.625,0.6875,0.9,0.7142857142857143,0.3333333333333333,0.6521739130434783,0.7777777777777778,0.6666666666666666,0.625,0.6430066227912903,33,10,7,9,8,32,10,14,9,23,9,12,16,1.0,1.0,1.0,1.0,1.0,1.0,1.0,1.0,1.0,1.0,1.0,1.0,1.0,0.08512584865093231,51,14,14,18,7,49,18,14,19,35,16,9,32
387,0.6666666666666666,0.6,0.7142857142857143,0.5555555555555556,0.625,0.6875,0.9,0.7142857142857143,0.3333333333333333,0.6521739130434783,0.7777777777777778,0.6666666666666666,0.625,0.6433230042457581,33,10,7,9,8,32,10,14,9,23,9,12,16,1.0,1.0,1.0,1.0,1.0,1.0,1.0,1.0,1.0,1.0,1.0,1.0,1.0,0.08376505225896835,51,14,14,18,7,49,18,14,19,35,16,9,32
388,0.6666666666666666,0.6,0.7142857142857143,0.5555555555555556,0.625,0.6875,0.9,0.7142857142857143,0.3333333333333333,0.6521739130434783,0.7777777777777778,0.6666666666666666,0.625,0.6455922722816467,33,10,7,9,8,32,10,14,9,23,9,12,16,1.0,1.0,1.0,1.0,1.0,1.0,1.0,1.0,1.0,1.0,1.0,1.0,1.0,0.08242589980363846,51,14,14,18,7,49,18,14,19,35,16,9,32
389,0.6666666666666666,0.6,0.7142857142857143,0.5555555555555556,0.625,0.6875,0.9,0.7142857142857143,0.3333333333333333,0.6521739130434783,0.7777777777777778,0.6666666666666666,0.625,0.6462880969047546,33,10,7,9,8,32,10,14,9,23,9,12,16,1.0,1.0,1.0,1.0,1.0,1.0,1.0,1.0,1.0,1.0,1.0,1.0,1.0,0.08110731095075607,51,14,14,18,7,49,18,14,19,35,16,9,32
390,0.6666666666666666,0.6,0.7142857142857143,0.5555555555555556,0.625,0.6875,0.9,0.7142857142857143,0.3333333333333333,0.6521739130434783,0.7777777777777778,0.6666666666666666,0.625,0.6475422978401184,33,10,7,9,8,32,10,14,9,23,9,12,16,1.0,1.0,1.0,1.0,1.0,1.0,1.0,1.0,1.0,1.0,1.0,1.0,1.0,0.07980959862470627,51,14,14,18,7,49,18,14,19,35,16,9,32
391,0.6666666666666666,0.6,0.7142857142857143,0.5555555555555556,0.625,0.6875,0.9,0.7142857142857143,0.3333333333333333,0.6521739130434783,0.7777777777777778,0.6666666666666666,0.625,0.6494469046592712,33,10,7,9,8,32,10,14,9,23,9,12,16,1.0,1.0,1.0,1.0,1.0,1.0,1.0,1.0,1.0,1.0,1.0,1.0,1.0,0.07853356748819351,51,14,14,18,7,49,18,14,19,35,16,9,32
392,0.6666666666666666,0.6,0.7142857142857143,0.5555555555555556,0.625,0.6875,0.9,0.7142857142857143,0.3333333333333333,0.6521739130434783,0.7777777777777778,0.6666666666666666,0.625,0.6499535441398621,33,10,7,9,8,32,10,14,9,23,9,12,16,1.0,1.0,1.0,1.0,1.0,1.0,1.0,1.0,1.0,1.0,1.0,1.0,1.0,0.07727852463722229,51,14,14,18,7,49,18,14,19,35,16,9,32
393,0.6666666666666666,0.6,0.7142857142857143,0.5555555555555556,0.625,0.6875,0.9,0.7142857142857143,0.3333333333333333,0.6521739130434783,0.7777777777777778,0.6666666666666666,0.625,0.6518739461898804,33,10,7,9,8,32,10,14,9,23,9,12,16,1.0,1.0,1.0,1.0,1.0,1.0,1.0,1.0,1.0,1.0,1.0,1.0,1.0,0.07604359835386276,51,14,14,18,7,49,18,14,19,35,16,9,32
394,0.6666666666666666,0.6,0.7142857142857143,0.5555555555555556,0.625,0.6875,0.9,0.7142857142857143,0.3333333333333333,0.6521739130434783,0.7777777777777778,0.6666666666666666,0.625,0.6531147360801697,33,10,7,9,8,32,10,14,9,23,9,12,16,1.0,1.0,1.0,1.0,1.0,1.0,1.0,1.0,1.0,1.0,1.0,1.0,1.0,0.07482852041721344,51,14,14,18,7,49,18,14,19,35,16,9,32
395,0.6666666666666666,0.6,0.7142857142857143,0.5555555555555556,0.625,0.6875,0.9,0.7142857142857143,0.3333333333333333,0.6521739130434783,0.7777777777777778,0.6666666666666666,0.625,0.6540542244911194,33,10,7,9,8,32,10,14,9,23,9,12,16,1.0,1.0,1.0,1.0,1.0,1.0,1.0,1.0,1.0,1.0,1.0,1.0,1.0,0.07363380491733551,51,14,14,18,7,49,18,14,19,35,16,9,32
396,0.6666666666666666,0.6,0.7142857142857143,0.5555555555555556,0.625,0.6875,0.9,0.7142857142857143,0.3333333333333333,0.6521739130434783,0.7777777777777778,0.6666666666666666,0.625,0.656057596206665,33,10,7,9,8,32,10,14,9,23,9,12,16,1.0,1.0,1.0,1.0,1.0,1.0,1.0,1.0,1.0,1.0,1.0,1.0,1.0,0.0724591612815857,51,14,14,18,7,49,18,14,19,35,16,9,32
397,0.6666666666666666,0.6,0.7142857142857143,0.5555555555555556,0.625,0.6875,0.9,0.7142857142857143,0.3333333333333333,0.6521739130434783,0.7777777777777778,0.6666666666666666,0.625,0.6569415330886841,33,10,7,9,8,32,10,14,9,23,9,12,16,1.0,1.0,1.0,1.0,1.0,1.0,1.0,1.0,1.0,1.0,1.0,1.0,1.0,0.07130391150712967,51,14,14,18,7,49,18,14,19,35,16,9,32
398,0.6666666666666666,0.6,0.7142857142857143,0.5555555555555556,0.625,0.6875,0.9,0.7142857142857143,0.3333333333333333,0.6521739130434783,0.7777777777777778,0.6666666666666666,0.625,0.658405065536499,33,10,7,9,8,32,10,14,9,23,9,12,16,1.0,1.0,1.0,1.0,1.0,1.0,1.0,1.0,1.0,1.0,1.0,1.0,1.0,0.07016772031784058,51,14,14,18,7,49,18,14,19,35,16,9,32
399,0.6666666666666666,0.6,0.7142857142857143,0.5555555555555556,0.625,0.6875,0.9,0.7142857142857143,0.3333333333333333,0.6521739130434783,0.7777777777777778,0.6666666666666666,0.625,0.6601563096046448,33,10,7,9,8,32,10,14,9,23,9,12,16,1.0,1.0,1.0,1.0,1.0,1.0,1.0,1.0,1.0,1.0,1.0,1.0,1.0,0.06905090063810349,51,14,14,18,7,49,18,14,19,35,16,9,32
400,0.6666666666666666,0.6,0.7142857142857143,0.5555555555555556,0.625,0.6875,0.9,0.7142857142857143,0.3333333333333333,0.6521739130434783,0.7777777777777778,0.6666666666666666,0.625,0.6610580682754517,33,10,7,9,8,32,10,14,9,23,9,12,16,1.0,1.0,1.0,1.0,1.0,1.0,1.0,1.0,1.0,1.0,1.0,1.0,1.0,0.0679532065987587,51,14,14,18,7,49,18,14,19,35,16,9,32
401,0.6666666666666666,0.6,0.7142857142857143,0.5555555555555556,0.625,0.6875,0.9,0.7142857142857143,0.3333333333333333,0.6521739130434783,0.7777777777777778,0.6666666666666666,0.625,0.6628447771072388,33,10,7,9,8,32,10,14,9,23,9,12,16,1.0,1.0,1.0,1.0,1.0,1.0,1.0,1.0,1.0,1.0,1.0,1.0,1.0,0.06687402725219727,51,14,14,18,7,49,18,14,19,35,16,9,32
402,0.6666666666666666,0.6,0.7142857142857143,0.5555555555555556,0.625,0.6875,0.9,0.7142857142857143,0.3333333333333333,0.6521739130434783,0.7777777777777778,0.6666666666666666,0.625,0.6643184423446655,33,10,7,9,8,32,10,14,9,23,9,12,16,1.0,1.0,1.0,1.0,1.0,1.0,1.0,1.0,1.0,1.0,1.0,1.0,1.0,0.06581320613622665,51,14,14,18,7,49,18,14,19,35,16,9,32
403,0.6666666666666666,0.6,0.7142857142857143,0.5555555555555556,0.625,0.6875,0.9,0.7142857142857143,0.3333333333333333,0.6521739130434783,0.7777777777777778,0.6666666666666666,0.625,0.6654371619224548,33,10,7,9,8,32,10,14,9,23,9,12,16,1.0,1.0,1.0,1.0,1.0,1.0,1.0,1.0,1.0,1.0,1.0,1.0,1.0,0.06477083265781403,51,14,14,18,7,49,18,14,19,35,16,9,32
404,0.6666666666666666,0.6,0.7142857142857143,0.5555555555555556,0.625,0.6875,0.9,0.7142857142857143,0.3333333333333333,0.6521739130434783,0.7777777777777778,0.6666666666666666,0.625,0.6673265099525452,33,10,7,9,8,32,10,14,9,23,9,12,16,1.0,1.0,1.0,1.0,1.0,1.0,1.0,1.0,1.0,1.0,1.0,1.0,1.0,0.0637466087937355,51,14,14,18,7,49,18,14,19,35,16,9,32
405,0.6666666666666666,0.6,0.7142857142857143,0.5555555555555556,0.625,0.6875,0.9,0.7142857142857143,0.3333333333333333,0.6521739130434783,0.7777777777777778,0.6666666666666666,0.625,0.6686379313468933,33,10,7,9,8,32,10,14,9,23,9,12,16,1.0,1.0,1.0,1.0,1.0,1.0,1.0,1.0,1.0,1.0,1.0,1.0,1.0,0.06273989379405975,51,14,14,18,7,49,18,14,19,35,16,9,32
406,0.6666666666666666,0.6,0.7142857142857143,0.5555555555555556,0.625,0.6875,0.9,0.7142857142857143,0.3333333333333333,0.6521739130434783,0.7777777777777778,0.6666666666666666,0.625,0.6699981689453125,33,10,7,9,8,32,10,14,9,23,9,12,16,1.0,1.0,1.0,1.0,1.0,1.0,1.0,1.0,1.0,1.0,1.0,1.0,1.0,0.06175079569220543,51,14,14,18,7,49,18,14,19,35,16,9,32
407,0.6666666666666666,0.6,0.7142857142857143,0.5555555555555556,0.625,0.6875,0.9,0.7142857142857143,0.3333333333333333,0.6521739130434783,0.7777777777777778,0.6666666666666666,0.625,0.6718593239784241,33,10,7,9,8,32,10,14,9,23,9,12,16,1.0,1.0,1.0,1.0,1.0,1.0,1.0,1.0,1.0,1.0,1.0,1.0,1.0,0.06077902391552925,51,14,14,18,7,49,18,14,19,35,16,9,32
408,0.6666666666666666,0.6,0.7142857142857143,0.5555555555555556,0.625,0.6875,0.9,0.7142857142857143,0.3333333333333333,0.6521739130434783,0.7777777777777778,0.6666666666666666,0.625,0.6731252670288086,33,10,7,9,8,32,10,14,9,23,9,12,16,1.0,1.0,1.0,1.0,1.0,1.0,1.0,1.0,1.0,1.0,1.0,1.0,1.0,0.05982426553964615,51,14,14,18,7,49,18,14,19,35,16,9,32
409,0.6666666666666666,0.6,0.7142857142857143,0.5555555555555556,0.625,0.6875,0.9,0.7142857142857143,0.3333333333333333,0.6521739130434783,0.7777777777777778,0.6666666666666666,0.625,0.6746609807014465,33,10,7,9,8,32,10,14,9,23,9,12,16,1.0,1.0,1.0,1.0,1.0,1.0,1.0,1.0,1.0,1.0,1.0,1.0,1.0,0.058886218816041946,51,14,14,18,7,49,18,14,19,35,16,9,32
410,0.6666666666666666,0.6,0.7142857142857143,0.5555555555555556,0.625,0.6875,0.9,0.7142857142857143,0.3333333333333333,0.6521739130434783,0.7777777777777778,0.6666666666666666,0.625,0.676450252532959,33,10,7,9,8,32,10,14,9,23,9,12,16,1.0,1.0,1.0,1.0,1.0,1.0,1.0,1.0,1.0,1.0,1.0,1.0,1.0,0.05796489119529724,51,14,14,18,7,49,18,14,19,35,16,9,32
411,0.6666666666666666,0.6,0.7142857142857143,0.5555555555555556,0.625,0.6875,0.9,0.7142857142857143,0.3333333333333333,0.6521739130434783,0.7777777777777778,0.6666666666666666,0.625,0.6777399778366089,33,10,7,9,8,32,10,14,9,23,9,12,16,1.0,1.0,1.0,1.0,1.0,1.0,1.0,1.0,1.0,1.0,1.0,1.0,1.0,0.05705972760915756,51,14,14,18,7,49,18,14,19,35,16,9,32
412,0.6666666666666666,0.6,0.7142857142857143,0.5555555555555556,0.625,0.6875,0.9,0.7142857142857143,0.3333333333333333,0.6521739130434783,0.7777777777777778,0.6666666666666666,0.625,0.6793807744979858,33,10,7,9,8,32,10,14,9,23,9,12,16,1.0,1.0,1.0,1.0,1.0,1.0,1.0,1.0,1.0,1.0,1.0,1.0,1.0,0.05617067217826843,51,14,14,18,7,49,18,14,19,35,16,9,32
413,0.6666666666666666,0.6,0.7142857142857143,0.5555555555555556,0.625,0.6875,0.9,0.7142857142857143,0.3333333333333333,0.6521739130434783,0.7777777777777778,0.6666666666666666,0.625,0.681110680103302,33,10,7,9,8,32,10,14,9,23,9,12,16,1.0,1.0,1.0,1.0,1.0,1.0,1.0,1.0,1.0,1.0,1.0,1.0,1.0,0.05529733747243881,51,14,14,18,7,49,18,14,19,35,16,9,32
414,0.696969696969697,0.7,0.7142857142857143,0.5555555555555556,0.75,0.71875,0.9,0.7142857142857143,0.4444444444444444,0.6956521739130435,0.7777777777777778,0.6666666666666666,0.625,0.6824570894241333,33,10,7,9,8,32,10,14,9,23,9,12,16,1.0,1.0,1.0,1.0,1.0,1.0,1.0,1.0,1.0,1.0,1.0,1.0,1.0,0.054439689964056015,51,14,14,18,7,49,18,14,19,35,16,9,32
415,0.696969696969697,0.7,0.7142857142857143,0.5555555555555556,0.75,0.71875,0.9,0.7142857142857143,0.4444444444444444,0.6956521739130435,0.7777777777777778,0.6666666666666666,0.625,0.6841539144515991,33,10,7,9,8,32,10,14,9,23,9,12,16,1.0,1.0,1.0,1.0,1.0,1.0,1.0,1.0,1.0,1.0,1.0,1.0,1.0,0.053597342222929,51,14,14,18,7,49,18,14,19,35,16,9,32
416,0.696969696969697,0.7,0.7142857142857143,0.5555555555555556,0.75,0.71875,0.9,0.7142857142857143,0.4444444444444444,0.6956521739130435,0.7777777777777778,0.6666666666666666,0.625,0.6858583688735962,33,10,7,9,8,32,10,14,9,23,9,12,16,1.0,1.0,1.0,1.0,1.0,1.0,1.0,1.0,1.0,1.0,1.0,1.0,1.0,0.052770137786865234,51,14,14,18,7,49,18,14,19,35,16,9,32
417,0.696969696969697,0.7,0.7142857142857143,0.5555555555555556,0.75,0.71875,0.9,0.7142857142857143,0.4444444444444444,0.6956521739130435,0.7777777777777778,0.6666666666666666,0.625,0.6872693300247192,33,10,7,9,8,32,10,14,9,23,9,12,16,1.0,1.0,1.0,1.0,1.0,1.0,1.0,1.0,1.0,1.0,1.0,1.0,1.0,0.05195784941315651,51,14,14,18,7,49,18,14,19,35,16,9,32
418,0.696969696969697,0.7,0.7142857142857143,0.5555555555555556,0.75,0.71875,0.9,0.7142857142857143,0.4444444444444444,0.6956521739130435,0.7777777777777778,0.6666666666666666,0.625,0.688998281955719,33,10,7,9,8,32,10,14,9,23,9,12,16,1.0,1.0,1.0,1.0,1.0,1.0,1.0,1.0,1.0,1.0,1.0,1.0,1.0,0.05116023123264313,51,14,14,18,7,49,18,14,19,35,16,9,32
419,0.696969696969697,0.7,0.7142857142857143,0.5555555555555556,0.75,0.71875,0.9,0.7142857142857143,0.4444444444444444,0.6956521739130435,0.7777777777777778,0.6666666666666666,0.625,0.6907066702842712,33,10,7,9,8,32,10,14,9,23,9,12,16,1.0,1.0,1.0,1.0,1.0,1.0,1.0,1.0,1.0,1.0,1.0,1.0,1.0,0.05037707835435867,51,14,14,18,7,49,18,14,19,35,16,9,32
420,0.696969696969697,0.7,0.7142857142857143,0.5555555555555556,0.75,0.71875,0.9,0.7142857142857143,0.4444444444444444,0.6956521739130435,0.7777777777777778,0.6666666666666666,0.625,0.692177951335907,33,10,7,9,8,32,10,14,9,23,9,12,16,1.0,1.0,1.0,1.0,1.0,1.0,1.0,1.0,1.0,1.0,1.0,1.0,1.0,0.04960813745856285,51,14,14,18,7,49,18,14,19,35,16,9,32
421,0.696969696969697,0.7,0.7142857142857143,0.5555555555555556,0.75,0.71875,0.9,0.7142857142857143,0.4444444444444444,0.6956521739130435,0.7777777777777778,0.6666666666666666,0.625,0.6939268112182617,33,10,7,9,8,32,10,14,9,23,9,12,16,1.0,1.0,1.0,1.0,1.0,1.0,1.0,1.0,1.0,1.0,1.0,1.0,1.0,0.04885321855545044,51,14,14,18,7,49,18,14,19,35,16,9,32
422,0.696969696969697,0.7,0.7142857142857143,0.5555555555555556,0.75,0.71875,0.9,0.7142857142857143,0.4444444444444444,0.6956521739130435,0.7777777777777778,0.6666666666666666,0.625,0.6956542730331421,33,10,7,9,8,32,10,14,9,23,9,12,16,1.0,1.0,1.0,1.0,1.0,1.0,1.0,1.0,1.0,1.0,1.0,1.0,1.0,0.048111990094184875,51,14,14,18,7,49,18,14,19,35,16,9,32
423,0.696969696969697,0.7,0.7142857142857143,0.5555555555555556,0.75,0.71875,0.9,0.7142857142857143,0.4444444444444444,0.6956521739130435,0.7777777777777778,0.6666666666666666,0.625,0.6971790790557861,33,10,7,9,8,32,10,14,9,23,9,12,16,1.0,1.0,1.0,1.0,1.0,1.0,1.0,1.0,1.0,1.0,1.0,1.0,1.0,0.047384489327669144,51,14,14,18,7,49,18,14,19,35,16,9,32
424,0.696969696969697,0.7,0.7142857142857143,0.5555555555555556,0.75,0.71875,0.9,0.7142857142857143,0.4444444444444444,0.6956521739130435,0.7777777777777778,0.6666666666666666,0.625,0.6989343762397766,33,10,7,9,8,32,10,14,9,23,9,12,16,1.0,1.0,1.0,1.0,1.0,1.0,1.0,1.0,1.0,1.0,1.0,1.0,1.0,0.046670302748680115,51,14,14,18,7,49,18,14,19,35,16,9,32
425,0.696969696969697,0.7,0.7142857142857143,0.5555555555555556,0.75,0.71875,0.9,0.7142857142857143,0.4444444444444444,0.6956521739130435,0.7777777777777778,0.6666666666666666,0.625,0.7006944417953491,33,10,7,9,8,32,10,14,9,23,9,12,16,1.0,1.0,1.0,1.0,1.0,1.0,1.0,1.0,1.0,1.0,1.0,1.0,1.0,0.04596923291683197,51,14,14,18,7,49,18,14,19,35,16,9,32
426,0.696969696969697,0.7,0.7142857142857143,0.5555555555555556,0.75,0.71875,0.9,0.7142857142857143,0.4444444444444444,0.6956521739130435,0.7777777777777778,0.6666666666666666,0.625,0.7022663950920105,33,10,7,9,8,32,10,14,9,23,9,12,16,1.0,1.0,1.0,1.0,1.0,1.0,1.0,1.0,1.0,1.0,1.0,1.0,1.0,0.04528099298477173,51,14,14,18,7,49,18,14,19,35,16,9,32
427,0.696969696969697,0.7,0.7142857142857143,0.5555555555555556,0.75,0.71875,0.9,0.7142857142857143,0.4444444444444444,0.6956521739130435,0.7777777777777778,0.6666666666666666,0.625,0.7040151357650757,33,10,7,9,8,32,10,14,9,23,9,12,16,1.0,1.0,1.0,1.0,1.0,1.0,1.0,1.0,1.0,1.0,1.0,1.0,1.0,0.04460541903972626,51,14,14,18,7,49,18,14,19,35,16,9,32
428,0.696969696969697,0.7,0.7142857142857143,0.5555555555555556,0.75,0.71875,0.9,0.7142857142857143,0.4444444444444444,0.6956521739130435,0.7777777777777778,0.6666666666666666,0.625,0.7058085203170776,33,10,7,9,8,32,10,14,9,23,9,12,16,1.0,1.0,1.0,1.0,1.0,1.0,1.0,1.0,1.0,1.0,1.0,1.0,1.0,0.0439424030482769,51,14,14,18,7,49,18,14,19,35,16,9,32
429,0.696969696969697,0.7,0.7142857142857143,0.5555555555555556,0.75,0.71875,0.9,0.7142857142857143,0.4444444444444444,0.6956521739130435,0.7777777777777778,0.6666666666666666,0.625,0.707425594329834,33,10,7,9,8,32,10,14,9,23,9,12,16,1.0,1.0,1.0,1.0,1.0,1.0,1.0,1.0,1.0,1.0,1.0,1.0,1.0,0.04329148307442665,51,14,14,18,7,49,18,14,19,35,16,9,32
430,0.696969696969697,0.7,0.7142857142857143,0.5555555555555556,0.75,0.71875,0.9,0.7142857142857143,0.4444444444444444,0.6956521739130435,0.7777777777777778,0.6666666666666666,0.625,0.7091618180274963,33,10,7,9,8,32,10,14,9,23,9,12,16,1.0,1.0,1.0,1.0,1.0,1.0,1.0,1.0,1.0,1.0,1.0,1.0,1.0,0.0426526740193367,51,14,14,18,7,49,18,14,19,35,16,9,32
431,0.696969696969697,0.7,0.7142857142857143,0.5555555555555556,0.75,0.71875,0.9,0.7142857142857143,0.4444444444444444,0.6956521739130435,0.7777777777777778,0.6666666666666666,0.625,0.7109759449958801,33,10,7,9,8,32,10,14,9,23,9,12,16,1.0,1.0,1.0,1.0,1.0,1.0,1.0,1.0,1.0,1.0,1.0,1.0,1.0,0.0420256033539772,51,14,14,18,7,49,18,14,19,35,16,9,32
432,0.696969696969697,0.7,0.7142857142857143,0.5555555555555556,0.75,0.71875,0.9,0.7142857142857143,0.4444444444444444,0.6956521739130435,0.7777777777777778,0.6666666666666666,0.625,0.7126373648643494,33,10,7,9,8,32,10,14,9,23,9,12,16,1.0,1.0,1.0,1.0,1.0,1.0,1.0,1.0,1.0,1.0,1.0,1.0,1.0,0.04141008108854294,51,14,14,18,7,49,18,14,19,35,16,9,32
433,0.696969696969697,0.7,0.7142857142857143,0.5555555555555556,0.75,0.71875,0.9,0.7142857142857143,0.4444444444444444,0.6956521739130435,0.7777777777777778,0.6666666666666666,0.625,0.7143585085868835,33,10,7,9,8,32,10,14,9,23,9,12,16,1.0,1.0,1.0,1.0,1.0,1.0,1.0,1.0,1.0,1.0,1.0,1.0,1.0,0.04080602154135704,51,14,14,18,7,49,18,14,19,35,16,9,32
434,0.696969696969697,0.7,0.7142857142857143,0.5555555555555556,0.75,0.71875,0.9,0.7142857142857143,0.4444444444444444,0.6956521739130435,0.7777777777777778,0.6666666666666666,0.625,0.7161840796470642,33,10,7,9,8,32,10,14,9,23,9,12,16,1.0,1.0,1.0,1.0,1.0,1.0,1.0,1.0,1.0,1.0,1.0,1.0,1.0,0.04021308571100235,51,14,14,18,7,49,18,14,19,35,16,9,32
435,0.696969696969697,0.7,0.7142857142857143,0.5555555555555556,0.75,0.71875,0.9,0.7142857142857143,0.4444444444444444,0.6956521739130435,0.7777777777777778,0.6666666666666666,0.625,0.7178909778594971,33,10,7,9,8,32,10,14,9,23,9,12,16,1.0,1.0,1.0,1.0,1.0,1.0,1.0,1.0,1.0,1.0,1.0,1.0,1.0,0.03963114693760872,51,14,14,18,7,49,18,14,19,35,16,9,32
436,0.696969696969697,0.7,0.7142857142857143,0.5555555555555556,0.75,0.71875,0.9,0.7142857142857143,0.4444444444444444,0.6956521739130435,0.7777777777777778,0.6666666666666666,0.625,0.7195967435836792,33,10,7,9,8,32,10,14,9,23,9,12,16,1.0,1.0,1.0,1.0,1.0,1.0,1.0,1.0,1.0,1.0,1.0,1.0,1.0,0.03905988112092018,51,14,14,18,7,49,18,14,19,35,16,9,32
437,0.696969696969697,0.7,0.7142857142857143,0.5555555555555556,0.75,0.71875,0.9,0.7142857142857143,0.4444444444444444,0.6956521739130435,0.7777777777777778,0.6666666666666666,0.625,0.7214182019233704,33,10,7,9,8,32,10,14,9,23,9,12,16,1.0,1.0,1.0,1.0,1.0,1.0,1.0,1.0,1.0,1.0,1.0,1.0,1.0,0.03849922493100166,51,14,14,18,7,49,18,14,19,35,16,9,32
438,0.696969696969697,0.7,0.7142857142857143,0.5555555555555556,0.75,0.71875,0.9,0.7142857142857143,0.4444444444444444,0.6956521739130435,0.7777777777777778,0.6666666666666666,0.625,0.7231714725494385,33,10,7,9,8,32,10,14,9,23,9,12,16,1.0,1.0,1.0,1.0,1.0,1.0,1.0,1.0,1.0,1.0,1.0,1.0,1.0,0.03794892504811287,51,14,14,18,7,49,18,14,19,35,16,9,32
439,0.696969696969697,0.7,0.7142857142857143,0.5555555555555556,0.75,0.71875,0.9,0.7142857142857143,0.4444444444444444,0.6956521739130435,0.7777777777777778,0.6666666666666666,0.625,0.7248744368553162,33,10,7,9,8,32,10,14,9,23,9,12,16,1.0,1.0,1.0,1.0,1.0,1.0,1.0,1.0,1.0,1.0,1.0,1.0,1.0,0.0374087318778038,51,14,14,18,7,49,18,14,19,35,16,9,32
440,0.696969696969697,0.7,0.7142857142857143,0.5555555555555556,0.75,0.71875,0.9,0.7142857142857143,0.4444444444444444,0.6956521739130435,0.7777777777777778,0.6666666666666666,0.625,0.7266795039176941,33,10,7,9,8,32,10,14,9,23,9,12,16,1.0,1.0,1.0,1.0,1.0,1.0,1.0,1.0,1.0,1.0,1.0,1.0,1.0,0.03687858581542969,51,14,14,18,7,49,18,14,19,35,16,9,32
441,0.696969696969697,0.7,0.7142857142857143,0.5555555555555556,0.75,0.71875,0.9,0.7142857142857143,0.4444444444444444,0.6956521739130435,0.7777777777777778,0.6666666666666666,0.625,0.7284703254699707,33,10,7,9,8,32,10,14,9,23,9,12,16,1.0,1.0,1.0,1.0,1.0,1.0,1.0,1.0,1.0,1.0,1.0,1.0,1.0,0.0363580659031868,51,14,14,18,7,49,18,14,19,35,16,9,32
442,0.696969696969697,0.7,0.7142857142857143,0.5555555555555556,0.75,0.71875,0.9,0.7142857142857143,0.4444444444444444,0.6956521739130435,0.7777777777777778,0.6666666666666666,0.625,0.730182409286499,33,10,7,9,8,32,10,14,9,23,9,12,16,1.0,1.0,1.0,1.0,1.0,1.0,1.0,1.0,1.0,1.0,1.0,1.0,1.0,0.03584717586636543,51,14,14,18,7,49,18,14,19,35,16,9,32
443,0.696969696969697,0.7,0.7142857142857143,0.5555555555555556,0.75,0.71875,0.9,0.7142857142857143,0.4444444444444444,0.6956521739130435,0.7777777777777778,0.6666666666666666,0.625,0.731959342956543,33,10,7,9,8,32,10,14,9,23,9,12,16,1.0,1.0,1.0,1.0,1.0,1.0,1.0,1.0,1.0,1.0,1.0,1.0,1.0,0.03534570336341858,51,14,14,18,7,49,18,14,19,35,16,9,32
444,0.696969696969697,0.7,0.7142857142857143,0.5555555555555556,0.75,0.71875,0.9,0.7142857142857143,0.4444444444444444,0.6956521739130435,0.7777777777777778,0.6666666666666666,0.625,0.7337691783905029,33,10,7,9,8,32,10,14,9,23,9,12,16,1.0,1.0,1.0,1.0,1.0,1.0,1.0,1.0,1.0,1.0,1.0,1.0,1.0,0.03485337272286415,51,14,14,18,7,49,18,14,19,35,16,9,32
445,0.696969696969697,0.7,0.7142857142857143,0.5555555555555556,0.75,0.71875,0.9,0.7142857142857143,0.4444444444444444,0.6956521739130435,0.7777777777777778,0.6666666666666666,0.625,0.7355024814605713,33,10,7,9,8,32,10,14,9,23,9,12,16,1.0,1.0,1.0,1.0,1.0,1.0,1.0,1.0,1.0,1.0,1.0,1.0,1.0,0.03437003865838051,51,14,14,18,7,49,18,14,19,35,16,9,32
446,0.696969696969697,0.7,0.7142857142857143,0.5555555555555556,0.75,0.71875,0.9,0.7142857142857143,0.4444444444444444,0.6956521739130435,0.7777777777777778,0.6666666666666666,0.625,0.7372456789016724,33,10,7,9,8,32,10,14,9,23,9,12,16,1.0,1.0,1.0,1.0,1.0,1.0,1.0,1.0,1.0,1.0,1.0,1.0,1.0,0.0338955819606781,51,14,14,18,7,49,18,14,19,35,16,9,32
447,0.696969696969697,0.7,0.7142857142857143,0.5555555555555556,0.75,0.71875,0.9,0.7142857142857143,0.4444444444444444,0.6956521739130435,0.7777777777777778,0.6666666666666666,0.625,0.739048957824707,33,10,7,9,8,32,10,14,9,23,9,12,16,1.0,1.0,1.0,1.0,1.0,1.0,1.0,1.0,1.0,1.0,1.0,1.0,1.0,0.0334298200905323,51,14,14,18,7,49,18,14,19,35,16,9,32
448,0.696969696969697,0.7,0.7142857142857143,0.5555555555555556,0.75,0.71875,0.9,0.7142857142857143,0.4444444444444444,0.6956521739130435,0.7777777777777778,0.6666666666666666,0.625,0.7408031225204468,33,10,7,9,8,32,10,14,9,23,9,12,16,1.0,1.0,1.0,1.0,1.0,1.0,1.0,1.0,1.0,1.0,1.0,1.0,1.0,0.03297246992588043,51,14,14,18,7,49,18,14,19,35,16,9,32
449,0.696969696969697,0.7,0.7142857142857143,0.5555555555555556,0.75,0.71875,0.9,0.7142857142857143,0.4444444444444444,0.6956521739130435,0.7777777777777778,0.6666666666666666,0.625,0.7425219416618347,33,10,7,9,8,32,10,14,9,23,9,12,16,1.0,1.0,1.0,1.0,1.0,1.0,1.0,1.0,1.0,1.0,1.0,1.0,1.0,0.0325235016644001,51,14,14,18,7,49,18,14,19,35,16,9,32
450,0.696969696969697,0.7,0.7142857142857143,0.5555555555555556,0.75,0.71875,0.9,0.7142857142857143,0.4444444444444444,0.6956521739130435,0.7777777777777778,0.6666666666666666,0.625,0.7442938685417175,33,10,7,9,8,32,10,14,9,23,9,12,16,1.0,1.0,1.0,1.0,1.0,1.0,1.0,1.0,1.0,1.0,1.0,1.0,1.0,0.03208275884389877,51,14,14,18,7,49,18,14,19,35,16,9,32
451,0.696969696969697,0.7,0.7142857142857143,0.5555555555555556,0.75,0.71875,0.9,0.7142857142857143,0.4444444444444444,0.6956521739130435,0.7777777777777778,0.6666666666666666,0.625,0.7460613250732422,33,10,7,9,8,32,10,14,9,23,9,12,16,1.0,1.0,1.0,1.0,1.0,1.0,1.0,1.0,1.0,1.0,1.0,1.0,1.0,0.0316498838365078,51,14,14,18,7,49,18,14,19,35,16,9,32
452,0.696969696969697,0.7,0.7142857142857143,0.5555555555555556,0.75,0.71875,0.9,0.7142857142857143,0.4444444444444444,0.6956521739130435,0.7777777777777778,0.6666666666666666,0.625,0.7477748394012451,33,10,7,9,8,32,10,14,9,23,9,12,16,1.0,1.0,1.0,1.0,1.0,1.0,1.0,1.0,1.0,1.0,1.0,1.0,1.0,0.03122500330209732,51,14,14,18,7,49,18,14,19,35,16,9,32
453,0.696969696969697,0.7,0.7142857142857143,0.5555555555555556,0.75,0.71875,0.9,0.7142857142857143,0.4444444444444444,0.6956521739130435,0.7777777777777778,0.6666666666666666,0.625,0.7495061755180359,33,10,7,9,8,32,10,14,9,23,9,12,16,1.0,1.0,1.0,1.0,1.0,1.0,1.0,1.0,1.0,1.0,1.0,1.0,1.0,0.030807603150606155,51,14,14,18,7,49,18,14,19,35,16,9,32
454,0.696969696969697,0.7,0.7142857142857143,0.5555555555555556,0.75,0.71875,0.9,0.7142857142857143,0.4444444444444444,0.6956521739130435,0.7777777777777778,0.6666666666666666,0.625,0.7512752413749695,33,10,7,9,8,32,10,14,9,23,9,12,16,1.0,1.0,1.0,1.0,1.0,1.0,1.0,1.0,1.0,1.0,1.0,1.0,1.0,0.030397891998291016,51,14,14,18,7,49,18,14,19,35,16,9,32
455,0.696969696969697,0.7,0.7142857142857143,0.5555555555555556,0.75,0.71875,0.9,0.7142857142857143,0.4444444444444444,0.6956521739130435,0.7777777777777778,0.6666666666666666,0.625,0.7530070543289185,33,10,7,9,8,32,10,14,9,23,9,12,16,1.0,1.0,1.0,1.0,1.0,1.0,1.0,1.0,1.0,1.0,1.0,1.0,1.0,0.02999553456902504,51,14,14,18,7,49,18,14,19,35,16,9,32
456,0.696969696969697,0.7,0.7142857142857143,0.5555555555555556,0.75,0.71875,0.9,0.7142857142857143,0.4444444444444444,0.6956521739130435,0.7777777777777778,0.6666666666666666,0.625,0.7547170519828796,33,10,7,9,8,32,10,14,9,23,9,12,16,1.0,1.0,1.0,1.0,1.0,1.0,1.0,1.0,1.0,1.0,1.0,1.0,1.0,0.02960042469203472,51,14,14,18,7,49,18,14,19,35,16,9,32
457,0.696969696969697,0.7,0.7142857142857143,0.5555555555555556,0.75,0.71875,0.9,0.7142857142857143,0.4444444444444444,0.6956521739130435,0.7777777777777778,0.6666666666666666,0.625,0.7564663290977478,33,10,7,9,8,32,10,14,9,23,9,12,16,1.0,1.0,1.0,1.0,1.0,1.0,1.0,1.0,1.0,1.0,1.0,1.0,1.0,0.029212363064289093,51,14,14,18,7,49,18,14,19,35,16,9,32
458,0.696969696969697,0.7,0.7142857142857143,0.5555555555555556,0.75,0.71875,0.9,0.7142857142857143,0.4444444444444444,0.6956521739130435,0.7777777777777778,0.6666666666666666,0.625,0.7582184672355652,33,10,7,9,8,32,10,14,9,23,9,12,16,1.0,1.0,1.0,1.0,1.0,1.0,1.0,1.0,1.0,1.0,1.0,1.0,1.0,0.02883126772940159,51,14,14,18,7,49,18,14,19,35,16,9,32
459,0.696969696969697,0.7,0.7142857142857143,0.5555555555555556,0.75,0.71875,0.9,0.7142857142857143,0.4444444444444444,0.6956521739130435,0.7777777777777778,0.6666666666666666,0.625,0.759933590888977,33,10,7,9,8,32,10,14,9,23,9,12,16,1.0,1.0,1.0,1.0,1.0,1.0,1.0,1.0,1.0,1.0,1.0,1.0,1.0,0.028456954285502434,51,14,14,18,7,49,18,14,19,35,16,9,32
460,0.696969696969697,0.7,0.7142857142857143,0.5555555555555556,0.75,0.71875,0.9,0.7142857142857143,0.4444444444444444,0.6956521739130435,0.7777777777777778,0.6666666666666666,0.625,0.7616569995880127,33,10,7,9,8,32,10,14,9,23,9,12,16,1.0,1.0,1.0,1.0,1.0,1.0,1.0,1.0,1.0,1.0,1.0,1.0,1.0,0.028089331462979317,51,14,14,18,7,49,18,14,19,35,16,9,32
461,0.696969696969697,0.7,0.7142857142857143,0.5555555555555556,0.75,0.71875,0.9,0.7142857142857143,0.4444444444444444,0.6956521739130435,0.7777777777777778,0.6666666666666666,0.625,0.7634063363075256,33,10,7,9,8,32,10,14,9,23,9,12,16,1.0,1.0,1.0,1.0,1.0,1.0,1.0,1.0,1.0,1.0,1.0,1.0,1.0,0.02772820182144642,51,14,14,18,7,49,18,14,19,35,16,9,32
462,0.696969696969697,0.7,0.7142857142857143,0.5555555555555556,0.75,0.71875,0.9,0.7142857142857143,0.4444444444444444,0.6956521739130435,0.7777777777777778,0.6666666666666666,0.625,0.7651333808898926,33,10,7,9,8,32,10,14,9,23,9,12,16,1.0,1.0,1.0,1.0,1.0,1.0,1.0,1.0,1.0,1.0,1.0,1.0,1.0,0.02737344428896904,51,14,14,18,7,49,18,14,19,35,16,9,32
463,0.696969696969697,0.7,0.7142857142857143,0.5555555555555556,0.75,0.71875,0.9,0.7142857142857143,0.4444444444444444,0.6956521739130435,0.7777777777777778,0.6666666666666666,0.625,0.7668405771255493,33,10,7,9,8,32,10,14,9,23,9,12,16,1.0,1.0,1.0,1.0,1.0,1.0,1.0,1.0,1.0,1.0,1.0,1.0,1.0,0.027025064453482628,51,14,14,18,7,49,18,14,19,35,16,9,32
464,0.696969696969697,0.7,0.7142857142857143,0.5555555555555556,0.75,0.71875,0.9,0.7142857142857143,0.4444444444444444,0.6956521739130435,0.7777777777777778,0.6666666666666666,0.625,0.7685651183128357,33,10,7,9,8,32,10,14,9,23,9,12,16,1.0,1.0,1.0,1.0,1.0,1.0,1.0,1.0,1.0,1.0,1.0,1.0,1.0,0.026682643219828606,51,14,14,18,7,49,18,14,19,35,16,9,32
465,0.696969696969697,0.7,0.7142857142857143,0.5555555555555556,0.75,0.71875,0.9,0.7142857142857143,0.4444444444444444,0.6956521739130435,0.7777777777777778,0.6666666666666666,0.625,0.770297110080719,33,10,7,9,8,32,10,14,9,23,9,12,16,1.0,1.0,1.0,1.0,1.0,1.0,1.0,1.0,1.0,1.0,1.0,1.0,1.0,0.02634638361632824,51,14,14,18,7,49,18,14,19,35,16,9,32
466,0.696969696969697,0.7,0.7142857142857143,0.5555555555555556,0.75,0.71875,0.9,0.7142857142857143,0.4444444444444444,0.6956521739130435,0.7777777777777778,0.6666666666666666,0.625,0.7720021605491638,33,10,7,9,8,32,10,14,9,23,9,12,16,1.0,1.0,1.0,1.0,1.0,1.0,1.0,1.0,1.0,1.0,1.0,1.0,1.0,0.026015907526016235,51,14,14,18,7,49,18,14,19,35,16,9,32
467,0.6666666666666666,0.7,0.7142857142857143,0.5555555555555556,0.75,0.6875,0.9,0.6428571428571429,0.4444444444444444,0.6956521739130435,0.6666666666666666,0.6666666666666666,0.625,0.7736999988555908,33,10,7,9,8,32,10,14,9,23,9,12,16,1.0,1.0,1.0,1.0,1.0,1.0,1.0,1.0,1.0,1.0,1.0,1.0,1.0,0.025691252201795578,51,14,14,18,7,49,18,14,19,35,16,9,32
468,0.6666666666666666,0.7,0.7142857142857143,0.5555555555555556,0.75,0.6875,0.9,0.6428571428571429,0.4444444444444444,0.6956521739130435,0.6666666666666666,0.6666666666666666,0.625,0.7754141092300415,33,10,7,9,8,32,10,14,9,23,9,12,16,1.0,1.0,1.0,1.0,1.0,1.0,1.0,1.0,1.0,1.0,1.0,1.0,1.0,0.02537222020328045,51,14,14,18,7,49,18,14,19,35,16,9,32
469,0.6666666666666666,0.7,0.7142857142857143,0.5555555555555556,0.75,0.6875,0.9,0.6428571428571429,0.4444444444444444,0.6956521739130435,0.6666666666666666,0.6666666666666666,0.625,0.7771202921867371,33,10,7,9,8,32,10,14,9,23,9,12,16,1.0,1.0,1.0,1.0,1.0,1.0,1.0,1.0,1.0,1.0,1.0,1.0,1.0,0.025058722123503685,51,14,14,18,7,49,18,14,19,35,16,9,32
470,0.6666666666666666,0.7,0.7142857142857143,0.5555555555555556,0.75,0.6875,0.9,0.6428571428571429,0.4444444444444444,0.6956521739130435,0.6666666666666666,0.6666666666666666,0.625,0.778799831867218,33,10,7,9,8,32,10,14,9,23,9,12,16,1.0,1.0,1.0,1.0,1.0,1.0,1.0,1.0,1.0,1.0,1.0,1.0,1.0,0.02475058287382126,51,14,14,18,7,49,18,14,19,35,16,9,32
471,0.6666666666666666,0.7,0.7142857142857143,0.5555555555555556,0.75,0.6875,0.9,0.6428571428571429,0.4444444444444444,0.6956521739130435,0.6666666666666666,0.6666666666666666,0.625,0.7804805040359497,33,10,7,9,8,32,10,14,9,23,9,12,16,1.0,1.0,1.0,1.0,1.0,1.0,1.0,1.0,1.0,1.0,1.0,1.0,1.0,0.024447694420814514,51,14,14,18,7,49,18,14,19,35,16,9,32
472,0.6666666666666666,0.7,0.7142857142857143,0.5555555555555556,0.75,0.6875,0.9,0.6428571428571429,0.4444444444444444,0.6956521739130435,0.6666666666666666,0.6666666666666666,0.625,0.7821763753890991,33,10,7,9,8,32,10,14,9,23,9,12,16,1.0,1.0,1.0,1.0,1.0,1.0,1.0,1.0,1.0,1.0,1.0,1.0,1.0,0.024150213226675987,51,14,14,18,7,49,18,14,19,35,16,9,32
473,0.6666666666666666,0.7,0.7142857142857143,0.5555555555555556,0.75,0.6875,0.9,0.6428571428571429,0.4444444444444444,0.6956521739130435,0.6666666666666666,0.6666666666666666,0.625,0.7838564515113831,33,10,7,9,8,32,10,14,9,23,9,12,16,1.0,1.0,1.0,1.0,1.0,1.0,1.0,1.0,1.0,1.0,1.0,1.0,1.0,0.023857776075601578,51,14,14,18,7,49,18,14,19,35,16,9,32
474,0.6666666666666666,0.7,0.7142857142857143,0.5555555555555556,0.75,0.6875,0.9,0.6428571428571429,0.4444444444444444,0.6956521739130435,0.6666666666666666,0.6666666666666666,0.625,0.7855135202407837,33,10,7,9,8,32,10,14,9,23,9,12,16,1.0,1.0,1.0,1.0,1.0,1.0,1.0,1.0,1.0,1.0,1.0,1.0,1.0,0.02357020042836666,51,14,14,18,7,49,18,14,19,35,16,9,32
475,0.6666666666666666,0.7,0.7142857142857143,0.5555555555555556,0.75,0.6875,0.9,0.6428571428571429,0.4444444444444444,0.6956521739130435,0.6666666666666666,0.6666666666666666,0.625,0.787179172039032,33,10,7,9,8,32,10,14,9,23,9,12,16,1.0,1.0,1.0,1.0,1.0,1.0,1.0,1.0,1.0,1.0,1.0,1.0,1.0,0.023287562653422356,51,14,14,18,7,49,18,14,19,35,16,9,32
476,0.6666666666666666,0.7,0.7142857142857143,0.5555555555555556,0.75,0.6875,0.9,0.6428571428571429,0.4444444444444444,0.6956521739130435,0.6666666666666666,0.6666666666666666,0.625,0.7888539433479309,33,10,7,9,8,32,10,14,9,23,9,12,16,1.0,1.0,1.0,1.0,1.0,1.0,1.0,1.0,1.0,1.0,1.0,1.0,1.0,0.023009678348898888,51,14,14,18,7,49,18,14,19,35,16,9,32
477,0.6666666666666666,0.7,0.7142857142857143,0.5555555555555556,0.75,0.6875,0.9,0.6428571428571429,0.4444444444444444,0.6956521739130435,0.6666666666666666,0.6666666666666666,0.625,0.7905120849609375,33,10,7,9,8,32,10,14,9,23,9,12,16,1.0,1.0,1.0,1.0,1.0,1.0,1.0,1.0,1.0,1.0,1.0,1.0,1.0,0.02273654378950596,51,14,14,18,7,49,18,14,19,35,16,9,32
478,0.6666666666666666,0.7,0.7142857142857143,0.5555555555555556,0.75,0.6875,0.9,0.6428571428571429,0.4444444444444444,0.6956521739130435,0.6666666666666666,0.6666666666666666,0.625,0.7921556234359741,33,10,7,9,8,32,10,14,9,23,9,12,16,1.0,1.0,1.0,1.0,1.0,1.0,1.0,1.0,1.0,1.0,1.0,1.0,1.0,0.022468000650405884,51,14,14,18,7,49,18,14,19,35,16,9,32
479,0.6666666666666666,0.7,0.7142857142857143,0.5555555555555556,0.75,0.6875,0.9,0.6428571428571429,0.4444444444444444,0.6956521739130435,0.6666666666666666,0.6666666666666666,0.625,0.7938059568405151,33,10,7,9,8,32,10,14,9,23,9,12,16,1.0,1.0,1.0,1.0,1.0,1.0,1.0,1.0,1.0,1.0,1.0,1.0,1.0,0.02220388501882553,51,14,14,18,7,49,18,14,19,35,16,9,32
480,0.6666666666666666,0.7,0.7142857142857143,0.5555555555555556,0.75,0.6875,0.9,0.6428571428571429,0.4444444444444444,0.6956521739130435,0.6666666666666666,0.6666666666666666,0.625,0.7954618334770203,33,10,7,9,8,32,10,14,9,23,9,12,16,1.0,1.0,1.0,1.0,1.0,1.0,1.0,1.0,1.0,1.0,1.0,1.0,1.0,0.021944209933280945,51,14,14,18,7,49,18,14,19,35,16,9,32
481,0.6666666666666666,0.7,0.7142857142857143,0.5555555555555556,0.75,0.6875,0.9,0.6428571428571429,0.4444444444444444,0.6956521739130435,0.6666666666666666,0.6666666666666666,0.625,0.7971019148826599,33,10,7,9,8,32,10,14,9,23,9,12,16,1.0,1.0,1.0,1.0,1.0,1.0,1.0,1.0,1.0,1.0,1.0,1.0,1.0,0.021688872948288918,51,14,14,18,7,49,18,14,19,35,16,9,32
482,0.6666666666666666,0.7,0.7142857142857143,0.5555555555555556,0.75,0.6875,0.9,0.6428571428571429,0.4444444444444444,0.6956521739130435,0.6666666666666666,0.6666666666666666,0.625,0.7987298369407654,33,10,7,9,8,32,10,14,9,23,9,12,16,1.0,1.0,1.0,1.0,1.0,1.0,1.0,1.0,1.0,1.0,1.0,1.0,1.0,0.02143779955804348,51,14,14,18,7,49,18,14,19,35,16,9,32
483,0.6666666666666666,0.7,0.7142857142857143,0.5555555555555556,0.75,0.6875,0.9,0.6428571428571429,0.4444444444444444,0.6956521739130435,0.6666666666666666,0.6666666666666666,0.625,0.8003631234169006,33,10,7,9,8,32,10,14,9,23,9,12,16,1.0,1.0,1.0,1.0,1.0,1.0,1.0,1.0,1.0,1.0,1.0,1.0,1.0,0.021190866827964783,51,14,14,18,7,49,18,14,19,35,16,9,32
484,0.6666666666666666,0.7,0.7142857142857143,0.5555555555555556,0.75,0.6875,0.9,0.6428571428571429,0.4444444444444444,0.6956521739130435,0.6666666666666666,0.6666666666666666,0.625,0.8019958138465881,33,10,7,9,8,32,10,14,9,23,9,12,16,1.0,1.0,1.0,1.0,1.0,1.0,1.0,1.0,1.0,1.0,1.0,1.0,1.0,0.020947899669408798,51,14,14,18,7,49,18,14,19,35,16,9,32
485,0.6666666666666666,0.7,0.7142857142857143,0.5555555555555556,0.75,0.6875,0.9,0.6428571428571429,0.4444444444444444,0.6956521739130435,0.6666666666666666,0.6666666666666666,0.625,0.8036101460456848,33,10,7,9,8,32,10,14,9,23,9,12,16,1.0,1.0,1.0,1.0,1.0,1.0,1.0,1.0,1.0,1.0,1.0,1.0,1.0,0.020708855241537094,51,14,14,18,7,49,18,14,19,35,16,9,32
486,0.6666666666666666,0.7,0.7142857142857143,0.5555555555555556,0.75,0.6875,0.9,0.6428571428571429,0.4444444444444444,0.6956521739130435,0.6666666666666666,0.6666666666666666,0.625,0.8052175045013428,33,10,7,9,8,32,10,14,9,23,9,12,16,1.0,1.0,1.0,1.0,1.0,1.0,1.0,1.0,1.0,1.0,1.0,1.0,1.0,0.020473981276154518,51,14,14,18,7,49,18,14,19,35,16,9,32
487,0.6666666666666666,0.7,0.7142857142857143,0.5555555555555556,0.75,0.6875,0.9,0.6428571428571429,0.4444444444444444,0.6956521739130435,0.6666666666666666,0.6666666666666666,0.625,0.8068295121192932,33,10,7,9,8,32,10,14,9,23,9,12,16,1.0,1.0,1.0,1.0,1.0,1.0,1.0,1.0,1.0,1.0,1.0,1.0,1.0,0.020242774859070778,51,14,14,18,7,49,18,14,19,35,16,9,32
488,0.6666666666666666,0.7,0.7142857142857143,0.5555555555555556,0.75,0.6875,0.9,0.6428571428571429,0.4444444444444444,0.6956521739130435,0.6666666666666666,0.6666666666666666,0.625,0.8084357976913452,33,10,7,9,8,32,10,14,9,23,9,12,16,1.0,1.0,1.0,1.0,1.0,1.0,1.0,1.0,1.0,1.0,1.0,1.0,1.0,0.02001529186964035,51,14,14,18,7,49,18,14,19,35,16,9,32
489,0.6666666666666666,0.7,0.7142857142857143,0.5555555555555556,0.75,0.6875,0.9,0.6428571428571429,0.4444444444444444,0.6956521739130435,0.6666666666666666,0.6666666666666666,0.625,0.8100271821022034,33,10,7,9,8,32,10,14,9,23,9,12,16,1.0,1.0,1.0,1.0,1.0,1.0,1.0,1.0,1.0,1.0,1.0,1.0,1.0,0.01979154162108898,51,14,14,18,7,49,18,14,19,35,16,9,32
490,0.6666666666666666,0.7,0.7142857142857143,0.5555555555555556,0.75,0.6875,0.9,0.6428571428571429,0.4444444444444444,0.6956521739130435,0.6666666666666666,0.6666666666666666,0.625,0.8116138577461243,33,10,7,9,8,32,10,14,9,23,9,12,16,1.0,1.0,1.0,1.0,1.0,1.0,1.0,1.0,1.0,1.0,1.0,1.0,1.0,0.019571416079998016,51,14,14,18,7,49,18,14,19,35,16,9,32
491,0.6666666666666666,0.7,0.7142857142857143,0.5555555555555556,0.75,0.6875,0.9,0.6428571428571429,0.4444444444444444,0.6956521739130435,0.6666666666666666,0.6666666666666666,0.625,0.8132023811340332,33,10,7,9,8,32,10,14,9,23,9,12,16,1.0,1.0,1.0,1.0,1.0,1.0,1.0,1.0,1.0,1.0,1.0,1.0,1.0,0.01935477741062641,51,14,14,18,7,49,18,14,19,35,16,9,32
492,0.6666666666666666,0.7,0.7142857142857143,0.5555555555555556,0.75,0.6875,0.9,0.6428571428571429,0.4444444444444444,0.6956521739130435,0.6666666666666666,0.6666666666666666,0.625,0.8147879838943481,33,10,7,9,8,32,10,14,9,23,9,12,16,1.0,1.0,1.0,1.0,1.0,1.0,1.0,1.0,1.0,1.0,1.0,1.0,1.0,0.01914159394800663,51,14,14,18,7,49,18,14,19,35,16,9,32
493,0.6666666666666666,0.7,0.7142857142857143,0.5555555555555556,0.75,0.6875,0.9,0.6428571428571429,0.4444444444444444,0.6956521739130435,0.6666666666666666,0.6666666666666666,0.625,0.8163625597953796,33,10,7,9,8,32,10,14,9,23,9,12,16,1.0,1.0,1.0,1.0,1.0,1.0,1.0,1.0,1.0,1.0,1.0,1.0,1.0,0.018931785598397255,51,14,14,18,7,49,18,14,19,35,16,9,32
494,0.6666666666666666,0.7,0.7142857142857143,0.5555555555555556,0.75,0.6875,0.9,0.6428571428571429,0.4444444444444444,0.6956521739130435,0.6666666666666666,0.6666666666666666,0.625,0.8179305195808411,33,10,7,9,8,32,10,14,9,23,9,12,16,1.0,1.0,1.0,1.0,1.0,1.0,1.0,1.0,1.0,1.0,1.0,1.0,1.0,0.018725212663412094,51,14,14,18,7,49,18,14,19,35,16,9,32
495,0.6666666666666666,0.7,0.7142857142857143,0.5555555555555556,0.75,0.6875,0.9,0.6428571428571429,0.4444444444444444,0.6956521739130435,0.6666666666666666,0.6666666666666666,0.625,0.8195040225982666,33,10,7,9,8,32,10,14,9,23,9,12,16,1.0,1.0,1.0,1.0,1.0,1.0,1.0,1.0,1.0,1.0,1.0,1.0,1.0,0.018522066995501518,51,14,14,18,7,49,18,14,19,35,16,9,32
496,0.6666666666666666,0.7,0.7142857142857143,0.5555555555555556,0.75,0.6875,0.9,0.6428571428571429,0.4444444444444444,0.6956521739130435,0.6666666666666666,0.6666666666666666,0.625,0.8210771679878235,33,10,7,9,8,32,10,14,9,23,9,12,16,1.0,1.0,1.0,1.0,1.0,1.0,1.0,1.0,1.0,1.0,1.0,1.0,1.0,0.018322130665183067,51,14,14,18,7,49,18,14,19,35,16,9,32
497,0.6666666666666666,0.7,0.7142857142857143,0.5555555555555556,0.75,0.6875,0.9,0.6428571428571429,0.4444444444444444,0.6956521739130435,0.6666666666666666,0.6666666666666666,0.625,0.8226394653320312,33,10,7,9,8,32,10,14,9,23,9,12,16,1.0,1.0,1.0,1.0,1.0,1.0,1.0,1.0,1.0,1.0,1.0,1.0,1.0,0.01812518760561943,51,14,14,18,7,49,18,14,19,35,16,9,32
498,0.6666666666666666,0.7,0.7142857142857143,0.5555555555555556,0.75,0.6875,0.9,0.6428571428571429,0.4444444444444444,0.6956521739130435,0.6666666666666666,0.6666666666666666,0.625,0.8241978287696838,33,10,7,9,8,32,10,14,9,23,9,12,16,1.0,1.0,1.0,1.0,1.0,1.0,1.0,1.0,1.0,1.0,1.0,1.0,1.0,0.0179313775151968,51,14,14,18,7,49,18,14,19,35,16,9,32
499,0.6666666666666666,0.7,0.7142857142857143,0.5555555555555556,0.75,0.6875,0.9,0.6428571428571429,0.4444444444444444,0.6956521739130435,0.6666666666666666,0.6666666666666666,0.625,0.8257609009742737,33,10,7,9,8,32,10,14,9,23,9,12,16,1.0,1.0,1.0,1.0,1.0,1.0,1.0,1.0,1.0,1.0,1.0,1.0,1.0,0.017740562558174133,51,14,14,18,7,49,18,14,19,35,16,9,32
500,0.6666666666666666,0.7,0.7142857142857143,0.5555555555555556,0.75,0.6875,0.9,0.6428571428571429,0.4444444444444444,0.6956521739130435,0.6666666666666666,0.6666666666666666,0.625,0.8273231983184814,33,10,7,9,8,32,10,14,9,23,9,12,16,1.0,1.0,1.0,1.0,1.0,1.0,1.0,1.0,1.0,1.0,1.0,1.0,1.0,0.017552852630615234,51,14,14,18,7,49,18,14,19,35,16,9,32
501,0.6666666666666666,0.7,0.7142857142857143,0.5555555555555556,0.75,0.6875,0.9,0.6428571428571429,0.4444444444444444,0.6956521739130435,0.6666666666666666,0.6666666666666666,0.625,0.828875720500946,33,10,7,9,8,32,10,14,9,23,9,12,16,1.0,1.0,1.0,1.0,1.0,1.0,1.0,1.0,1.0,1.0,1.0,1.0,1.0,0.01736784540116787,51,14,14,18,7,49,18,14,19,35,16,9,32
502,0.6666666666666666,0.7,0.7142857142857143,0.5555555555555556,0.75,0.6875,0.9,0.6428571428571429,0.4444444444444444,0.6956521739130435,0.6666666666666666,0.6666666666666666,0.625,0.8304243087768555,33,10,7,9,8,32,10,14,9,23,9,12,16,1.0,1.0,1.0,1.0,1.0,1.0,1.0,1.0,1.0,1.0,1.0,1.0,1.0,0.01718580536544323,51,14,14,18,7,49,18,14,19,35,16,9,32
503,0.6666666666666666,0.7,0.7142857142857143,0.5555555555555556,0.75,0.6875,0.9,0.6428571428571429,0.4444444444444444,0.6956521739130435,0.6666666666666666,0.6666666666666666,0.625,0.8319727778434753,33,10,7,9,8,32,10,14,9,23,9,12,16,1.0,1.0,1.0,1.0,1.0,1.0,1.0,1.0,1.0,1.0,1.0,1.0,1.0,0.017006397247314453,51,14,14,18,7,49,18,14,19,35,16,9,32
504,0.6666666666666666,0.7,0.7142857142857143,0.5555555555555556,0.75,0.6875,0.9,0.6428571428571429,0.4444444444444444,0.6956521739130435,0.6666666666666666,0.6666666666666666,0.625,0.8335205912590027,33,10,7,9,8,32,10,14,9,23,9,12,16,1.0,1.0,1.0,1.0,1.0,1.0,1.0,1.0,1.0,1.0,1.0,1.0,1.0,0.016829930245876312,51,14,14,18,7,49,18,14,19,35,16,9,32
505,0.6666666666666666,0.7,0.7142857142857143,0.5555555555555556,0.75,0.6875,0.9,0.6428571428571429,0.4444444444444444,0.6956521739130435,0.6666666666666666,0.6666666666666666,0.625,0.8350580334663391,33,10,7,9,8,32,10,14,9,23,9,12,16,1.0,1.0,1.0,1.0,1.0,1.0,1.0,1.0,1.0,1.0,1.0,1.0,1.0,0.016655955463647842,51,14,14,18,7,49,18,14,19,35,16,9,32
506,0.6666666666666666,0.7,0.7142857142857143,0.5555555555555556,0.75,0.6875,0.9,0.6428571428571429,0.4444444444444444,0.6956521739130435,0.6666666666666666,0.6666666666666666,0.625,0.8365896940231323,33,10,7,9,8,32,10,14,9,23,9,12,16,1.0,1.0,1.0,1.0,1.0,1.0,1.0,1.0,1.0,1.0,1.0,1.0,1.0,0.01648472249507904,51,14,14,18,7,49,18,14,19,35,16,9,32
507,0.6666666666666666,0.7,0.7142857142857143,0.5555555555555556,0.75,0.6875,0.9,0.6428571428571429,0.4444444444444444,0.6956521739130435,0.6666666666666666,0.6666666666666666,0.625,0.8381183743476868,33,10,7,9,8,32,10,14,9,23,9,12,16,1.0,1.0,1.0,1.0,1.0,1.0,1.0,1.0,1.0,1.0,1.0,1.0,1.0,0.01631598360836506,51,14,14,18,7,49,18,14,19,35,16,9,32
508,0.6666666666666666,0.7,0.7142857142857143,0.5555555555555556,0.75,0.6875,0.9,0.6428571428571429,0.4444444444444444,0.6956521739130435,0.6666666666666666,0.6666666666666666,0.625,0.8396425247192383,33,10,7,9,8,32,10,14,9,23,9,12,16,1.0,1.0,1.0,1.0,1.0,1.0,1.0,1.0,1.0,1.0,1.0,1.0,1.0,0.016149820759892464,51,14,14,18,7,49,18,14,19,35,16,9,32
509,0.6666666666666666,0.7,0.7142857142857143,0.5555555555555556,0.75,0.6875,0.9,0.6428571428571429,0.4444444444444444,0.6956521739130435,0.6666666666666666,0.6666666666666666,0.625,0.8411599397659302,33,10,7,9,8,32,10,14,9,23,9,12,16,1.0,1.0,1.0,1.0,1.0,1.0,1.0,1.0,1.0,1.0,1.0,1.0,1.0,0.015986157581210136,51,14,14,18,7,49,18,14,19,35,16,9,32
510,0.6666666666666666,0.7,0.7142857142857143,0.5555555555555556,0.75,0.6875,0.9,0.6428571428571429,0.4444444444444444,0.6956521739130435,0.6666666666666666,0.6666666666666666,0.625,0.8426722884178162,33,10,7,9,8,32,10,14,9,23,9,12,16,1.0,1.0,1.0,1.0,1.0,1.0,1.0,1.0,1.0,1.0,1.0,1.0,1.0,0.015824999660253525,51,14,14,18,7,49,18,14,19,35,16,9,32
511,0.6666666666666666,0.7,0.7142857142857143,0.5555555555555556,0.75,0.6875,0.9,0.6428571428571429,0.4444444444444444,0.6956521739130435,0.6666666666666666,0.6666666666666666,0.625,0.8441771268844604,33,10,7,9,8,32,10,14,9,23,9,12,16,1.0,1.0,1.0,1.0,1.0,1.0,1.0,1.0,1.0,1.0,1.0,1.0,1.0,0.01566603220999241,51,14,14,18,7,49,18,14,19,35,16,9,32
512,0.6666666666666666,0.7,0.7142857142857143,0.5555555555555556,0.75,0.6875,0.9,0.6428571428571429,0.4444444444444444,0.6956521739130435,0.6666666666666666,0.6666666666666666,0.625,0.8456766605377197,33,10,7,9,8,32,10,14,9,23,9,12,16,1.0,1.0,1.0,1.0,1.0,1.0,1.0,1.0,1.0,1.0,1.0,1.0,1.0,0.015509432181715965,51,14,14,18,7,49,18,14,19,35,16,9,32
513,0.6666666666666666,0.7,0.7142857142857143,0.5555555555555556,0.75,0.6875,0.9,0.6428571428571429,0.4444444444444444,0.6956521739130435,0.6666666666666666,0.6666666666666666,0.625,0.8471745848655701,33,10,7,9,8,32,10,14,9,23,9,12,16,1.0,1.0,1.0,1.0,1.0,1.0,1.0,1.0,1.0,1.0,1.0,1.0,1.0,0.015355221927165985,51,14,14,18,7,49,18,14,19,35,16,9,32
514,0.6666666666666666,0.7,0.7142857142857143,0.5555555555555556,0.75,0.6875,0.9,0.6428571428571429,0.4444444444444444,0.6956521739130435,0.6666666666666666,0.6666666666666666,0.625,0.8486694097518921,33,10,7,9,8,32,10,14,9,23,9,12,16,1.0,1.0,1.0,1.0,1.0,1.0,1.0,1.0,1.0,1.0,1.0,1.0,1.0,0.015203307382762432,51,14,14,18,7,49,18,14,19,35,16,9,32
515,0.6666666666666666,0.7,0.7142857142857143,0.5555555555555556,0.75,0.6875,0.9,0.6428571428571429,0.4444444444444444,0.6956521739130435,0.6666666666666666,0.6666666666666666,0.625,0.8501547574996948,33,10,7,9,8,32,10,14,9,23,9,12,16,1.0,1.0,1.0,1.0,1.0,1.0,1.0,1.0,1.0,1.0,1.0,1.0,1.0,0.015053482726216316,51,14,14,18,7,49,18,14,19,35,16,9,32
516,0.6666666666666666,0.7,0.7142857142857143,0.5555555555555556,0.75,0.6875,0.9,0.6428571428571429,0.4444444444444444,0.6956521739130435,0.6666666666666666,0.6666666666666666,0.625,0.8516337275505066,33,10,7,9,8,32,10,14,9,23,9,12,16,1.0,1.0,1.0,1.0,1.0,1.0,1.0,1.0,1.0,1.0,1.0,1.0,1.0,0.014905869029462337,51,14,14,18,7,49,18,14,19,35,16,9,32
517,0.6666666666666666,0.7,0.7142857142857143,0.5555555555555556,0.75,0.6875,0.9,0.6428571428571429,0.4444444444444444,0.6956521739130435,0.6666666666666666,0.6666666666666666,0.625,0.8531149625778198,33,10,7,9,8,32,10,14,9,23,9,12,16,1.0,1.0,1.0,1.0,1.0,1.0,1.0,1.0,1.0,1.0,1.0,1.0,1.0,0.014760475605726242,51,14,14,18,7,49,18,14,19,35,16,9,32
518,0.6666666666666666,0.7,0.7142857142857143,0.5555555555555556,0.75,0.6875,0.9,0.6428571428571429,0.4444444444444444,0.6956521739130435,0.6666666666666666,0.6666666666666666,0.625,0.8545953035354614,33,10,7,9,8,32,10,14,9,23,9,12,16,1.0,1.0,1.0,1.0,1.0,1.0,1.0,1.0,1.0,1.0,1.0,1.0,1.0,0.014617190696299076,51,14,14,18,7,49,18,14,19,35,16,9,32
519,0.6666666666666666,0.7,0.7142857142857143,0.5555555555555556,0.75,0.6875,0.9,0.6428571428571429,0.4444444444444444,0.6956521739130435,0.6666666666666666,0.6666666666666666,0.625,0.8560638427734375,33,10,7,9,8,32,10,14,9,23,9,12,16,1.0,1.0,1.0,1.0,1.0,1.0,1.0,1.0,1.0,1.0,1.0,1.0,1.0,0.014475771225988865,51,14,14,18,7,49,18,14,19,35,16,9,32
520,0.6666666666666666,0.7,0.7142857142857143,0.5555555555555556,0.75,0.6875,0.9,0.6428571428571429,0.4444444444444444,0.6956521739130435,0.6666666666666666,0.6666666666666666,0.625,0.8575245141983032,33,10,7,9,8,32,10,14,9,23,9,12,16,1.0,1.0,1.0,1.0,1.0,1.0,1.0,1.0,1.0,1.0,1.0,1.0,1.0,0.01433651614934206,51,14,14,18,7,49,18,14,19,35,16,9,32
521,0.6666666666666666,0.7,0.7142857142857143,0.5555555555555556,0.75,0.6875,0.9,0.6428571428571429,0.4444444444444444,0.6956521739130435,0.6666666666666666,0.6666666666666666,0.625,0.8589866161346436,33,10,7,9,8,32,10,14,9,23,9,12,16,1.0,1.0,1.0,1.0,1.0,1.0,1.0,1.0,1.0,1.0,1.0,1.0,1.0,0.014199242927134037,51,14,14,18,7,49,18,14,19,35,16,9,32
522,0.6666666666666666,0.7,0.7142857142857143,0.5555555555555556,0.75,0.6875,0.9,0.6428571428571429,0.4444444444444444,0.6956521739130435,0.6666666666666666,0.6666666666666666,0.625,0.8604496121406555,33,10,7,9,8,32,10,14,9,23,9,12,16,1.0,1.0,1.0,1.0,1.0,1.0,1.0,1.0,1.0,1.0,1.0,1.0,1.0,0.01406386774033308,51,14,14,18,7,49,18,14,19,35,16,9,32
523,0.6666666666666666,0.7,0.7142857142857143,0.5555555555555556,0.75,0.6875,0.9,0.6428571428571429,0.4444444444444444,0.6956521739130435,0.6666666666666666,0.6666666666666666,0.625,0.8619031310081482,33,10,7,9,8,32,10,14,9,23,9,12,16,1.0,1.0,1.0,1.0,1.0,1.0,1.0,1.0,1.0,1.0,1.0,1.0,1.0,0.013930385932326317,51,14,14,18,7,49,18,14,19,35,16,9,32
524,0.6666666666666666,0.7,0.7142857142857143,0.5555555555555556,0.75,0.6875,0.9,0.6428571428571429,0.4444444444444444,0.6956521739130435,0.6666666666666666,0.6666666666666666,0.625,0.863347053527832,33,10,7,9,8,32,10,14,9,23,9,12,16,1.0,1.0,1.0,1.0,1.0,1.0,1.0,1.0,1.0,1.0,1.0,1.0,1.0,0.013798845000565052,51,14,14,18,7,49,18,14,19,35,16,9,32
525,0.6666666666666666,0.7,0.7142857142857143,0.5555555555555556,0.75,0.6875,0.9,0.6428571428571429,0.4444444444444444,0.6956521739130435,0.6666666666666666,0.6666666666666666,0.625,0.8647902607917786,33,10,7,9,8,32,10,14,9,23,9,12,16,1.0,1.0,1.0,1.0,1.0,1.0,1.0,1.0,1.0,1.0,1.0,1.0,1.0,0.013669149950146675,51,14,14,18,7,49,18,14,19,35,16,9,32
526,0.6666666666666666,0.7,0.7142857142857143,0.5555555555555556,0.75,0.6875,0.9,0.6428571428571429,0.4444444444444444,0.6956521739130435,0.6666666666666666,0.6666666666666666,0.625,0.8662300109863281,33,10,7,9,8,32,10,14,9,23,9,12,16,1.0,1.0,1.0,1.0,1.0,1.0,1.0,1.0,1.0,1.0,1.0,1.0,1.0,0.013541090302169323,51,14,14,18,7,49,18,14,19,35,16,9,32
527,0.6666666666666666,0.7,0.7142857142857143,0.5555555555555556,0.75,0.6875,0.9,0.6428571428571429,0.4444444444444444,0.6956521739130435,0.6666666666666666,0.6666666666666666,0.625,0.8676654696464539,33,10,7,9,8,32,10,14,9,23,9,12,16,1.0,1.0,1.0,1.0,1.0,1.0,1.0,1.0,1.0,1.0,1.0,1.0,1.0,0.013415000401437283,51,14,14,18,7,49,18,14,19,35,16,9,32
528,0.6666666666666666,0.7,0.7142857142857143,0.5555555555555556,0.75,0.6875,0.9,0.6428571428571429,0.4444444444444444,0.6956521739130435,0.6666666666666666,0.6666666666666666,0.625,0.8690933585166931,33,10,7,9,8,32,10,14,9,23,9,12,16,1.0,1.0,1.0,1.0,1.0,1.0,1.0,1.0,1.0,1.0,1.0,1.0,1.0,0.013290583156049252,51,14,14,18,7,49,18,14,19,35,16,9,32
529,0.6666666666666666,0.7,0.7142857142857143,0.5555555555555556,0.75,0.6875,0.9,0.6428571428571429,0.4444444444444444,0.6956521739130435,0.6666666666666666,0.6666666666666666,0.625,0.8705151677131653,33,10,7,9,8,32,10,14,9,23,9,12,16,1.0,1.0,1.0,1.0,1.0,1.0,1.0,1.0,1.0,1.0,1.0,1.0,1.0,0.013167858123779297,51,14,14,18,7,49,18,14,19,35,16,9,32
530,0.6666666666666666,0.7,0.7142857142857143,0.5555555555555556,0.75,0.6875,0.9,0.6428571428571429,0.4444444444444444,0.6956521739130435,0.6666666666666666,0.6666666666666666,0.625,0.8719332218170166,33,10,7,9,8,32,10,14,9,23,9,12,16,1.0,1.0,1.0,1.0,1.0,1.0,1.0,1.0,1.0,1.0,1.0,1.0,1.0,0.013046891428530216,51,14,14,18,7,49,18,14,19,35,16,9,32
531,0.6666666666666666,0.7,0.7142857142857143,0.5555555555555556,0.75,0.6875,0.9,0.6428571428571429,0.4444444444444444,0.6956521739130435,0.6666666666666666,0.6666666666666666,0.625,0.8733474016189575,33,10,7,9,8,32,10,14,9,23,9,12,16,1.0,1.0,1.0,1.0,1.0,1.0,1.0,1.0,1.0,1.0,1.0,1.0,1.0,0.012927448377013206,51,14,14,18,7,49,18,14,19,35,16,9,32
532,0.696969696969697,0.7,0.7142857142857143,0.5555555555555556,0.75,0.71875,0.9,0.7142857142857143,0.4444444444444444,0.6956521739130435,0.7777777777777778,0.75,0.625,0.874754011631012,33,10,7,9,8,32,10,14,9,23,9,12,16,1.0,1.0,1.0,1.0,1.0,1.0,1.0,1.0,1.0,1.0,1.0,1.0,1.0,0.012809631414711475,51,14,14,18,7,49,18,14,19,35,16,9,32
533,0.696969696969697,0.7,0.7142857142857143,0.5555555555555556,0.75,0.71875,0.9,0.7142857142857143,0.4444444444444444,0.6956521739130435,0.7777777777777778,0.75,0.625,0.8761552572250366,33,10,7,9,8,32,10,14,9,23,9,12,16,1.0,1.0,1.0,1.0,1.0,1.0,1.0,1.0,1.0,1.0,1.0,1.0,1.0,0.012693527154624462,51,14,14,18,7,49,18,14,19,35,16,9,32
534,0.696969696969697,0.7,0.7142857142857143,0.5555555555555556,0.75,0.71875,0.9,0.7142857142857143,0.4444444444444444,0.6956521739130435,0.7777777777777778,0.75,0.625,0.8775526881217957,33,10,7,9,8,32,10,14,9,23,9,12,16,1.0,1.0,1.0,1.0,1.0,1.0,1.0,1.0,1.0,1.0,1.0,1.0,1.0,0.012579010799527168,51,14,14,18,7,49,18,14,19,35,16,9,32
535,0.696969696969697,0.7,0.7142857142857143,0.5555555555555556,0.75,0.71875,0.9,0.7142857142857143,0.4444444444444444,0.6956521739130435,0.7777777777777778,0.75,0.625,0.8789443969726562,33,10,7,9,8,32,10,14,9,23,9,12,16,1.0,1.0,1.0,1.0,1.0,1.0,1.0,1.0,1.0,1.0,1.0,1.0,1.0,0.012465925887227058,51,14,14,18,7,49,18,14,19,35,16,9,32
536,0.696969696969697,0.7,0.7142857142857143,0.5555555555555556,0.75,0.71875,0.9,0.7142857142857143,0.4444444444444444,0.6956521739130435,0.7777777777777778,0.75,0.625,0.8803331255912781,33,10,7,9,8,32,10,14,9,23,9,12,16,1.0,1.0,1.0,1.0,1.0,1.0,1.0,1.0,1.0,1.0,1.0,1.0,1.0,0.012354467064142227,51,14,14,18,7,49,18,14,19,35,16,9,32
537,0.7272727272727273,0.8,0.8571428571428571,0.5555555555555556,0.875,0.75,0.9,0.7142857142857143,0.5555555555555556,0.7391304347826086,0.7777777777777778,0.75,0.625,0.8817141056060791,33,10,7,9,8,32,10,14,9,23,9,12,16,1.0,1.0,1.0,1.0,1.0,1.0,1.0,1.0,1.0,1.0,1.0,1.0,1.0,0.012244411744177341,51,14,14,18,7,49,18,14,19,35,16,9,32
538,0.7272727272727273,0.8,0.8571428571428571,0.5555555555555556,0.875,0.75,0.9,0.7142857142857143,0.5555555555555556,0.7391304347826086,0.7777777777777778,0.75,0.625,0.8830886483192444,33,10,7,9,8,32,10,14,9,23,9,12,16,1.0,1.0,1.0,1.0,1.0,1.0,1.0,1.0,1.0,1.0,1.0,1.0,1.0,0.012135795317590237,51,14,14,18,7,49,18,14,19,35,16,9,32
539,0.7272727272727273,0.8,0.8571428571428571,0.5555555555555556,0.875,0.75,0.9,0.7142857142857143,0.5555555555555556,0.7391304347826086,0.7777777777777778,0.75,0.625,0.8844591975212097,33,10,7,9,8,32,10,14,9,23,9,12,16,1.0,1.0,1.0,1.0,1.0,1.0,1.0,1.0,1.0,1.0,1.0,1.0,1.0,0.012028553523123264,51,14,14,18,7,49,18,14,19,35,16,9,32
540,0.7272727272727273,0.8,0.8571428571428571,0.5555555555555556,0.875,0.75,0.9,0.7142857142857143,0.5555555555555556,0.7391304347826086,0.7777777777777778,0.75,0.625,0.8858286738395691,33,10,7,9,8,32,10,14,9,23,9,12,16,1.0,1.0,1.0,1.0,1.0,1.0,1.0,1.0,1.0,1.0,1.0,1.0,1.0,0.011922845616936684,51,14,14,18,7,49,18,14,19,35,16,9,32
541,0.7272727272727273,0.8,0.8571428571428571,0.5555555555555556,0.875,0.75,0.9,0.7142857142857143,0.5555555555555556,0.7391304347826086,0.7777777777777778,0.75,0.625,0.8871936798095703,33,10,7,9,8,32,10,14,9,23,9,12,16,1.0,1.0,1.0,1.0,1.0,1.0,1.0,1.0,1.0,1.0,1.0,1.0,1.0,0.011818483471870422,51,14,14,18,7,49,18,14,19,35,16,9,32
542,0.7272727272727273,0.8,0.8571428571428571,0.5555555555555556,0.875,0.75,0.9,0.7142857142857143,0.5555555555555556,0.7391304347826086,0.7777777777777778,0.75,0.625,0.8885497450828552,33,10,7,9,8,32,10,14,9,23,9,12,16,1.0,1.0,1.0,1.0,1.0,1.0,1.0,1.0,1.0,1.0,1.0,1.0,1.0,0.011715402826666832,51,14,14,18,7,49,18,14,19,35,16,9,32
543,0.7272727272727273,0.8,0.8571428571428571,0.5555555555555556,0.875,0.75,0.9,0.7142857142857143,0.5555555555555556,0.7391304347826086,0.7777777777777778,0.75,0.625,0.8898991942405701,33,10,7,9,8,32,10,14,9,23,9,12,16,1.0,1.0,1.0,1.0,1.0,1.0,1.0,1.0,1.0,1.0,1.0,1.0,1.0,0.01161382719874382,51,14,14,18,7,49,18,14,19,35,16,9,32
544,0.7272727272727273,0.8,0.8571428571428571,0.5555555555555556,0.875,0.75,0.9,0.7142857142857143,0.5555555555555556,0.7391304347826086,0.7777777777777778,0.75,0.625,0.891247034072876,33,10,7,9,8,32,10,14,9,23,9,12,16,1.0,1.0,1.0,1.0,1.0,1.0,1.0,1.0,1.0,1.0,1.0,1.0,1.0,0.011513485573232174,51,14,14,18,7,49,18,14,19,35,16,9,32
545,0.7272727272727273,0.8,0.8571428571428571,0.5555555555555556,0.875,0.75,0.9,0.7142857142857143,0.5555555555555556,0.7391304347826086,0.7777777777777778,0.75,0.625,0.89259272813797,33,10,7,9,8,32,10,14,9,23,9,12,16,1.0,1.0,1.0,1.0,1.0,1.0,1.0,1.0,1.0,1.0,1.0,1.0,1.0,0.01141438726335764,51,14,14,18,7,49,18,14,19,35,16,9,32
546,0.7272727272727273,0.8,0.8571428571428571,0.5555555555555556,0.875,0.75,0.9,0.7142857142857143,0.5555555555555556,0.7391304347826086,0.7777777777777778,0.75,0.625,0.8939341902732849,33,10,7,9,8,32,10,14,9,23,9,12,16,1.0,1.0,1.0,1.0,1.0,1.0,1.0,1.0,1.0,1.0,1.0,1.0,1.0,0.011316739022731781,51,14,14,18,7,49,18,14,19,35,16,9,32
547,0.7272727272727273,0.8,0.8571428571428571,0.5555555555555556,0.875,0.75,0.9,0.7142857142857143,0.5555555555555556,0.7391304347826086,0.7777777777777778,0.75,0.625,0.8952661752700806,33,10,7,9,8,32,10,14,9,23,9,12,16,1.0,1.0,1.0,1.0,1.0,1.0,1.0,1.0,1.0,1.0,1.0,1.0,1.0,0.011220109649002552,51,14,14,18,7,49,18,14,19,35,16,9,32
548,0.7272727272727273,0.8,0.8571428571428571,0.5555555555555556,0.875,0.75,0.9,0.7142857142857143,0.5555555555555556,0.7391304347826086,0.7777777777777778,0.75,0.625,0.8965940475463867,33,10,7,9,8,32,10,14,9,23,9,12,16,1.0,1.0,1.0,1.0,1.0,1.0,1.0,1.0,1.0,1.0,1.0,1.0,1.0,0.011124947108328342,51,14,14,18,7,49,18,14,19,35,16,9,32
549,0.7272727272727273,0.8,0.8571428571428571,0.5555555555555556,0.875,0.75,0.9,0.7142857142857143,0.5555555555555556,0.7391304347826086,0.7777777777777778,0.75,0.625,0.8979202508926392,33,10,7,9,8,32,10,14,9,23,9,12,16,1.0,1.0,1.0,1.0,1.0,1.0,1.0,1.0,1.0,1.0,1.0,1.0,1.0,0.011030805297195911,51,14,14,18,7,49,18,14,19,35,16,9,32
550,0.7272727272727273,0.8,0.8571428571428571,0.5555555555555556,0.875,0.75,0.9,0.7142857142857143,0.5555555555555556,0.7391304347826086,0.7777777777777778,0.75,0.625,0.8992452025413513,33,10,7,9,8,32,10,14,9,23,9,12,16,1.0,1.0,1.0,1.0,1.0,1.0,1.0,1.0,1.0,1.0,1.0,1.0,1.0,0.010937961749732494,51,14,14,18,7,49,18,14,19,35,16,9,32
551,0.7272727272727273,0.8,0.8571428571428571,0.5555555555555556,0.875,0.75,0.9,0.7142857142857143,0.5555555555555556,0.7391304347826086,0.7777777777777778,0.75,0.625,0.9005633592605591,33,10,7,9,8,32,10,14,9,23,9,12,16,1.0,1.0,1.0,1.0,1.0,1.0,1.0,1.0,1.0,1.0,1.0,1.0,1.0,0.010846231132745743,51,14,14,18,7,49,18,14,19,35,16,9,32
552,0.7272727272727273,0.8,0.8571428571428571,0.5555555555555556,0.875,0.75,0.9,0.7142857142857143,0.5555555555555556,0.7391304347826086,0.7777777777777778,0.75,0.625,0.9018745422363281,33,10,7,9,8,32,10,14,9,23,9,12,16,1.0,1.0,1.0,1.0,1.0,1.0,1.0,1.0,1.0,1.0,1.0,1.0,1.0,0.0107556888833642,51,14,14,18,7,49,18,14,19,35,16,9,32
553,0.7272727272727273,0.8,0.8571428571428571,0.5555555555555556,0.875,0.75,0.9,0.7142857142857143,0.5555555555555556,0.7391304347826086,0.7777777777777778,0.75,0.625,0.9031811356544495,33,10,7,9,8,32,10,14,9,23,9,12,16,1.0,1.0,1.0,1.0,1.0,1.0,1.0,1.0,1.0,1.0,1.0,1.0,1.0,0.01066622044891119,51,14,14,18,7,49,18,14,19,35,16,9,32
554,0.7272727272727273,0.8,0.8571428571428571,0.5555555555555556,0.875,0.75,0.9,0.7142857142857143,0.5555555555555556,0.7391304347826086,0.7777777777777778,0.75,0.625,0.904488205909729,33,10,7,9,8,32,10,14,9,23,9,12,16,1.0,1.0,1.0,1.0,1.0,1.0,1.0,1.0,1.0,1.0,1.0,1.0,1.0,0.010577949695289135,51,14,14,18,7,49,18,14,19,35,16,9,32
555,0.7272727272727273,0.8,0.8571428571428571,0.5555555555555556,0.875,0.75,0.9,0.7142857142857143,0.5555555555555556,0.7391304347826086,0.7777777777777778,0.75,0.625,0.9057939052581787,33,10,7,9,8,32,10,14,9,23,9,12,16,1.0,1.0,1.0,1.0,1.0,1.0,1.0,1.0,1.0,1.0,1.0,1.0,1.0,0.010490772314369678,51,14,14,18,7,49,18,14,19,35,16,9,32
556,0.7272727272727273,0.8,0.8571428571428571,0.5555555555555556,0.875,0.75,0.9,0.7142857142857143,0.5555555555555556,0.7391304347826086,0.7777777777777778,0.75,0.625,0.9070928692817688,33,10,7,9,8,32,10,14,9,23,9,12,16,1.0,1.0,1.0,1.0,1.0,1.0,1.0,1.0,1.0,1.0,1.0,1.0,1.0,0.01040460541844368,51,14,14,18,7,49,18,14,19,35,16,9,32
557,0.7272727272727273,0.8,0.8571428571428571,0.5555555555555556,0.875,0.75,0.9,0.7142857142857143,0.5555555555555556,0.7391304347826086,0.7777777777777778,0.75,0.625,0.9083809852600098,33,10,7,9,8,32,10,14,9,23,9,12,16,1.0,1.0,1.0,1.0,1.0,1.0,1.0,1.0,1.0,1.0,1.0,1.0,1.0,0.01031953189522028,51,14,14,18,7,49,18,14,19,35,16,9,32
558,0.7272727272727273,0.8,0.8571428571428571,0.5555555555555556,0.875,0.75,0.9,0.7142857142857143,0.5555555555555556,0.7391304347826086,0.7777777777777778,0.75,0.625,0.909665048122406,33,10,7,9,8,32,10,14,9,23,9,12,16,1.0,1.0,1.0,1.0,1.0,1.0,1.0,1.0,1.0,1.0,1.0,1.0,1.0,0.010235365480184555,51,14,14,18,7,49,18,14,19,35,16,9,32
559,0.7272727272727273,0.8,0.8571428571428571,0.5555555555555556,0.875,0.75,0.9,0.7142857142857143,0.5555555555555556,0.7391304347826086,0.7777777777777778,0.75,0.625,0.9109514951705933,33,10,7,9,8,32,10,14,9,23,9,12,16,1.0,1.0,1.0,1.0,1.0,1.0,1.0,1.0,1.0,1.0,1.0,1.0,1.0,0.010152405127882957,51,14,14,18,7,49,18,14,19,35,16,9,32
560,0.7272727272727273,0.8,0.8571428571428571,0.5555555555555556,0.875,0.75,0.9,0.7142857142857143,0.5555555555555556,0.7391304347826086,0.7777777777777778,0.75,0.625,0.9122386574745178,33,10,7,9,8,32,10,14,9,23,9,12,16,1.0,1.0,1.0,1.0,1.0,1.0,1.0,1.0,1.0,1.0,1.0,1.0,1.0,0.010070426389575005,51,14,14,18,7,49,18,14,19,35,16,9,32
561,0.7272727272727273,0.8,0.8571428571428571,0.5555555555555556,0.875,0.75,0.9,0.7142857142857143,0.5555555555555556,0.7391304347826086,0.7777777777777778,0.75,0.625,0.9135165810585022,33,10,7,9,8,32,10,14,9,23,9,12,16,1.0,1.0,1.0,1.0,1.0,1.0,1.0,1.0,1.0,1.0,1.0,1.0,1.0,0.00998937338590622,51,14,14,18,7,49,18,14,19,35,16,9,32
562,0.7272727272727273,0.8,0.8571428571428571,0.5555555555555556,0.875,0.75,0.9,0.7142857142857143,0.5555555555555556,0.7391304347826086,0.7777777777777778,0.75,0.625,0.9147849678993225,33,10,7,9,8,32,10,14,9,23,9,12,16,1.0,1.0,1.0,1.0,1.0,1.0,1.0,1.0,1.0,1.0,1.0,1.0,1.0,0.009909405373036861,51,14,14,18,7,49,18,14,19,35,16,9,32
563,0.7272727272727273,0.8,0.8571428571428571,0.5555555555555556,0.875,0.75,0.9,0.7142857142857143,0.5555555555555556,0.7391304347826086,0.7777777777777778,0.75,0.625,0.9160492420196533,33,10,7,9,8,32,10,14,9,23,9,12,16,1.0,1.0,1.0,1.0,1.0,1.0,1.0,1.0,1.0,1.0,1.0,1.0,1.0,0.009830259718000889,51,14,14,18,7,49,18,14,19,35,16,9,32
564,0.7272727272727273,0.8,0.8571428571428571,0.5555555555555556,0.875,0.75,0.9,0.7142857142857143,0.5555555555555556,0.7391304347826086,0.7777777777777778,0.75,0.625,0.9173173308372498,33,10,7,9,8,32,10,14,9,23,9,12,16,1.0,1.0,1.0,1.0,1.0,1.0,1.0,1.0,1.0,1.0,1.0,1.0,1.0,0.009752199053764343,51,14,14,18,7,49,18,14,19,35,16,9,32
565,0.7272727272727273,0.8,0.8571428571428571,0.5555555555555556,0.875,0.75,0.9,0.7142857142857143,0.5555555555555556,0.7391304347826086,0.7777777777777778,0.75,0.625,0.9185810685157776,33,10,7,9,8,32,10,14,9,23,9,12,16,1.0,1.0,1.0,1.0,1.0,1.0,1.0,1.0,1.0,1.0,1.0,1.0,1.0,0.009674979373812675,51,14,14,18,7,49,18,14,19,35,16,9,32
566,0.7272727272727273,0.8,0.8571428571428571,0.5555555555555556,0.875,0.75,0.9,0.7142857142857143,0.5555555555555556,0.7391304347826086,0.7777777777777778,0.75,0.625,0.9198349714279175,33,10,7,9,8,32,10,14,9,23,9,12,16,1.0,1.0,1.0,1.0,1.0,1.0,1.0,1.0,1.0,1.0,1.0,1.0,1.0,0.009598704054951668,51,14,14,18,7,49,18,14,19,35,16,9,32
567,0.7272727272727273,0.8,0.8571428571428571,0.5555555555555556,0.875,0.75,0.9,0.7142857142857143,0.5555555555555556,0.7391304347826086,0.7777777777777778,0.75,0.625,0.9210860729217529,33,10,7,9,8,32,10,14,9,23,9,12,16,1.0,1.0,1.0,1.0,1.0,1.0,1.0,1.0,1.0,1.0,1.0,1.0,1.0,0.009523466229438782,51,14,14,18,7,49,18,14,19,35,16,9,32
568,0.7272727272727273,0.8,0.8571428571428571,0.5555555555555556,0.875,0.75,0.9,0.7142857142857143,0.5555555555555556,0.7391304347826086,0.7777777777777778,0.75,0.625,0.9223337173461914,33,10,7,9,8,32,10,14,9,23,9,12,16,1.0,1.0,1.0,1.0,1.0,1.0,1.0,1.0,1.0,1.0,1.0,1.0,1.0,0.009448930621147156,51,14,14,18,7,49,18,14,19,35,16,9,32
569,0.7272727272727273,0.8,0.8571428571428571,0.5555555555555556,0.875,0.75,0.9,0.7142857142857143,0.5555555555555556,0.7391304347826086,0.7777777777777778,0.75,0.625,0.9235802888870239,33,10,7,9,8,32,10,14,9,23,9,12,16,1.0,1.0,1.0,1.0,1.0,1.0,1.0,1.0,1.0,1.0,1.0,1.0,1.0,0.0093753756955266,51,14,14,18,7,49,18,14,19,35,16,9,32
570,0.7272727272727273,0.8,0.8571428571428571,0.5555555555555556,0.875,0.75,0.9,0.7142857142857143,0.5555555555555556,0.7391304347826086,0.7777777777777778,0.75,0.625,0.9248209595680237,33,10,7,9,8,32,10,14,9,23,9,12,16,1.0,1.0,1.0,1.0,1.0,1.0,1.0,1.0,1.0,1.0,1.0,1.0,1.0,0.009302588179707527,51,14,14,18,7,49,18,14,19,35,16,9,32
571,0.7272727272727273,0.8,0.8571428571428571,0.5555555555555556,0.875,0.75,0.9,0.7142857142857143,0.5555555555555556,0.7391304347826086,0.7777777777777778,0.75,0.625,0.9260546565055847,33,10,7,9,8,32,10,14,9,23,9,12,16,1.0,1.0,1.0,1.0,1.0,1.0,1.0,1.0,1.0,1.0,1.0,1.0,1.0,0.009230650961399078,51,14,14,18,7,49,18,14,19,35,16,9,32
572,0.7272727272727273,0.8,0.8571428571428571,0.5555555555555556,0.875,0.75,0.9,0.7142857142857143,0.5555555555555556,0.7391304347826086,0.7777777777777778,0.75,0.625,0.9272862672805786,33,10,7,9,8,32,10,14,9,23,9,12,16,1.0,1.0,1.0,1.0,1.0,1.0,1.0,1.0,1.0,1.0,1.0,1.0,1.0,0.009159639477729797,51,14,14,18,7,49,18,14,19,35,16,9,32
573,0.7272727272727273,0.8,0.8571428571428571,0.5555555555555556,0.875,0.75,0.9,0.7142857142857143,0.5555555555555556,0.7391304347826086,0.7777777777777778,0.75,0.625,0.9285163879394531,33,10,7,9,8,32,10,14,9,23,9,12,16,1.0,1.0,1.0,1.0,1.0,1.0,1.0,1.0,1.0,1.0,1.0,1.0,1.0,0.00908931065350771,51,14,14,18,7,49,18,14,19,35,16,9,32
574,0.7272727272727273,0.8,0.8571428571428571,0.5555555555555556,0.875,0.75,0.9,0.7142857142857143,0.5555555555555556,0.7391304347826086,0.7777777777777778,0.75,0.625,0.9297448992729187,33,10,7,9,8,32,10,14,9,23,9,12,16,1.0,1.0,1.0,1.0,1.0,1.0,1.0,1.0,1.0,1.0,1.0,1.0,1.0,0.009019898250699043,51,14,14,18,7,49,18,14,19,35,16,9,32
575,0.7272727272727273,0.8,0.8571428571428571,0.5555555555555556,0.875,0.75,0.9,0.7142857142857143,0.5555555555555556,0.7391304347826086,0.7777777777777778,0.75,0.625,0.9309679865837097,33,10,7,9,8,32,10,14,9,23,9,12,16,1.0,1.0,1.0,1.0,1.0,1.0,1.0,1.0,1.0,1.0,1.0,1.0,1.0,0.008951252326369286,51,14,14,18,7,49,18,14,19,35,16,9,32
576,0.7272727272727273,0.8,0.8571428571428571,0.5555555555555556,0.875,0.75,0.9,0.7142857142857143,0.5555555555555556,0.7391304347826086,0.7777777777777778,0.75,0.625,0.9321849942207336,33,10,7,9,8,32,10,14,9,23,9,12,16,1.0,1.0,1.0,1.0,1.0,1.0,1.0,1.0,1.0,1.0,1.0,1.0,1.0,0.008883429691195488,51,14,14,18,7,49,18,14,19,35,16,9,32
577,0.7272727272727273,0.8,0.8571428571428571,0.5555555555555556,0.875,0.75,0.9,0.7142857142857143,0.5555555555555556,0.7391304347826086,0.7777777777777778,0.75,0.625,0.9333999752998352,33,10,7,9,8,32,10,14,9,23,9,12,16,1.0,1.0,1.0,1.0,1.0,1.0,1.0,1.0,1.0,1.0,1.0,1.0,1.0,0.00881633535027504,51,14,14,18,7,49,18,14,19,35,16,9,32
578,0.7272727272727273,0.8,0.8571428571428571,0.5555555555555556,0.875,0.75,0.9,0.7142857142857143,0.5555555555555556,0.7391304347826086,0.7777777777777778,0.75,0.625,0.9346126317977905,33,10,7,9,8,32,10,14,9,23,9,12,16,1.0,1.0,1.0,1.0,1.0,1.0,1.0,1.0,1.0,1.0,1.0,1.0,1.0,0.008749999105930328,51,14,14,18,7,49,18,14,19,35,16,9,32
579,0.7272727272727273,0.8,0.8571428571428571,0.5555555555555556,0.875,0.75,0.9,0.7142857142857143,0.5555555555555556,0.7391304347826086,0.7777777777777778,0.75,0.625,0.9358206987380981,33,10,7,9,8,32,10,14,9,23,9,12,16,1.0,1.0,1.0,1.0,1.0,1.0,1.0,1.0,1.0,1.0,1.0,1.0,1.0,0.008684392087161541,51,14,14,18,7,49,18,14,19,35,16,9,32
580,0.7272727272727273,0.8,0.8571428571428571,0.5555555555555556,0.875,0.75,0.9,0.7142857142857143,0.5555555555555556,0.7391304347826086,0.7777777777777778,0.75,0.625,0.9370282888412476,33,10,7,9,8,32,10,14,9,23,9,12,16,1.0,1.0,1.0,1.0,1.0,1.0,1.0,1.0,1.0,1.0,1.0,1.0,1.0,0.008619663305580616,51,14,14,18,7,49,18,14,19,35,16,9,32
581,0.7272727272727273,0.8,0.8571428571428571,0.5555555555555556,0.875,0.75,0.9,0.7142857142857143,0.5555555555555556,0.7391304347826086,0.7777777777777778,0.75,0.625,0.9382314085960388,33,10,7,9,8,32,10,14,9,23,9,12,16,1.0,1.0,1.0,1.0,1.0,1.0,1.0,1.0,1.0,1.0,1.0,1.0,1.0,0.008555580861866474,51,14,14,18,7,49,18,14,19,35,16,9,32
582,0.7272727272727273,0.8,0.8571428571428571,0.5555555555555556,0.875,0.75,0.9,0.7142857142857143,0.5555555555555556,0.7391304347826086,0.7777777777777778,0.75,0.625,0.9394264221191406,33,10,7,9,8,32,10,14,9,23,9,12,16,1.0,1.0,1.0,1.0,1.0,1.0,1.0,1.0,1.0,1.0,1.0,1.0,1.0,0.00849213358014822,51,14,14,18,7,49,18,14,19,35,16,9,32
583,0.7272727272727273,0.8,0.8571428571428571,0.5555555555555556,0.875,0.75,0.9,0.7142857142857143,0.5555555555555556,0.7391304347826086,0.7777777777777778,0.75,0.625,0.9406203031539917,33,10,7,9,8,32,10,14,9,23,9,12,16,1.0,1.0,1.0,1.0,1.0,1.0,1.0,1.0,1.0,1.0,1.0,1.0,1.0,0.008429545909166336,51,14,14,18,7,49,18,14,19,35,16,9,32
584,0.7272727272727273,0.8,0.8571428571428571,0.5555555555555556,0.875,0.75,0.9,0.7142857142857143,0.5555555555555556,0.7391304347826086,0.7777777777777778,0.75,0.625,0.9418114423751831,33,10,7,9,8,32,10,14,9,23,9,12,16,1.0,1.0,1.0,1.0,1.0,1.0,1.0,1.0,1.0,1.0,1.0,1.0,1.0,0.008367454633116722,51,14,14,18,7,49,18,14,19,35,16,9,32
585,0.7272727272727273,0.8,0.8571428571428571,0.5555555555555556,0.875,0.75,0.9,0.7142857142857143,0.5555555555555556,0.7391304347826086,0.7777777777777778,0.75,0.625,0.9429991841316223,33,10,7,9,8,32,10,14,9,23,9,12,16,1.0,1.0,1.0,1.0,1.0,1.0,1.0,1.0,1.0,1.0,1.0,1.0,1.0,0.008306157775223255,51,14,14,18,7,49,18,14,19,35,16,9,32
586,0.7272727272727273,0.8,0.8571428571428571,0.5555555555555556,0.875,0.75,0.9,0.7142857142857143,0.5555555555555556,0.7391304347826086,0.7777777777777778,0.75,0.625,0.9441854357719421,33,10,7,9,8,32,10,14,9,23,9,12,16,1.0,1.0,1.0,1.0,1.0,1.0,1.0,1.0,1.0,1.0,1.0,1.0,1.0,0.008245636709034443,51,14,14,18,7,49,18,14,19,35,16,9,32
587,0.7272727272727273,0.8,0.8571428571428571,0.5555555555555556,0.875,0.75,0.9,0.7142857142857143,0.5555555555555556,0.7391304347826086,0.7777777777777778,0.75,0.625,0.9453685283660889,33,10,7,9,8,32,10,14,9,23,9,12,16,1.0,1.0,1.0,1.0,1.0,1.0,1.0,1.0,1.0,1.0,1.0,1.0,1.0,0.00818576104938984,51,14,14,18,7,49,18,14,19,35,16,9,32
588,0.7272727272727273,0.8,0.8571428571428571,0.5555555555555556,0.875,0.75,0.9,0.7142857142857143,0.5555555555555556,0.7391304347826086,0.7777777777777778,0.75,0.625,0.9465406537055969,33,10,7,9,8,32,10,14,9,23,9,12,16,1.0,1.0,1.0,1.0,1.0,1.0,1.0,1.0,1.0,1.0,1.0,1.0,1.0,0.008126258850097656,51,14,14,18,7,49,18,14,19,35,16,9,32
589,0.7272727272727273,0.8,0.8571428571428571,0.5555555555555556,0.875,0.75,0.9,0.7142857142857143,0.5555555555555556,0.7391304347826086,0.7777777777777778,0.75,0.625,0.9477118849754333,33,10,7,9,8,32,10,14,9,23,9,12,16,1.0,1.0,1.0,1.0,1.0,1.0,1.0,1.0,1.0,1.0,1.0,1.0,1.0,0.008067719638347626,51,14,14,18,7,49,18,14,19,35,16,9,32
590,0.7272727272727273,0.8,0.8571428571428571,0.5555555555555556,0.875,0.75,0.9,0.7142857142857143,0.5555555555555556,0.7391304347826086,0.7777777777777778,0.75,0.625,0.9488829970359802,33,10,7,9,8,32,10,14,9,23,9,12,16,1.0,1.0,1.0,1.0,1.0,1.0,1.0,1.0,1.0,1.0,1.0,1.0,1.0,0.00800971407443285,51,14,14,18,7,49,18,14,19,35,16,9,32
591,0.7272727272727273,0.8,0.8571428571428571,0.5555555555555556,0.875,0.75,0.9,0.7142857142857143,0.5555555555555556,0.7391304347826086,0.7777777777777778,0.75,0.625,0.9500540494918823,33,10,7,9,8,32,10,14,9,23,9,12,16,1.0,1.0,1.0,1.0,1.0,1.0,1.0,1.0,1.0,1.0,1.0,1.0,1.0,0.00795232504606247,51,14,14,18,7,49,18,14,19,35,16,9,32
592,0.7272727272727273,0.8,0.8571428571428571,0.5555555555555556,0.875,0.75,0.9,0.7142857142857143,0.5555555555555556,0.7391304347826086,0.7777777777777778,0.75,0.625,0.9512204527854919,33,10,7,9,8,32,10,14,9,23,9,12,16,1.0,1.0,1.0,1.0,1.0,1.0,1.0,1.0,1.0,1.0,1.0,1.0,1.0,0.007895666174590588,51,14,14,18,7,49,18,14,19,35,16,9,32
593,0.7272727272727273,0.8,0.8571428571428571,0.5555555555555556,0.875,0.75,0.9,0.7142857142857143,0.5555555555555556,0.7391304347826086,0.7777777777777778,0.75,0.625,0.9523781538009644,33,10,7,9,8,32,10,14,9,23,9,12,16,1.0,1.0,1.0,1.0,1.0,1.0,1.0,1.0,1.0,1.0,1.0,1.0,1.0,0.007839473895728588,51,14,14,18,7,49,18,14,19,35,16,9,32
594,0.7272727272727273,0.8,0.8571428571428571,0.5555555555555556,0.875,0.75,0.9,0.7142857142857143,0.5555555555555556,0.7391304347826086,0.7777777777777778,0.75,0.625,0.9535278677940369,33,10,7,9,8,32,10,14,9,23,9,12,16,1.0,1.0,1.0,1.0,1.0,1.0,1.0,1.0,1.0,1.0,1.0,1.0,1.0,0.007783814799040556,51,14,14,18,7,49,18,14,19,35,16,9,32
595,0.7272727272727273,0.8,0.8571428571428571,0.5555555555555556,0.875,0.75,0.9,0.7142857142857143,0.5555555555555556,0.7391304347826086,0.7777777777777778,0.75,0.625,0.9546802639961243,33,10,7,9,8,32,10,14,9,23,9,12,16,1.0,1.0,1.0,1.0,1.0,1.0,1.0,1.0,1.0,1.0,1.0,1.0,1.0,0.007728959899395704,51,14,14,18,7,49,18,14,19,35,16,9,32
596,0.7272727272727273,0.8,0.8571428571428571,0.5555555555555556,0.875,0.75,0.9,0.7142857142857143,0.5555555555555556,0.7391304347826086,0.7777777777777778,0.75,0.625,0.9558345675468445,33,10,7,9,8,32,10,14,9,23,9,12,16,1.0,1.0,1.0,1.0,1.0,1.0,1.0,1.0,1.0,1.0,1.0,1.0,1.0,0.007674497552216053,51,14,14,18,7,49,18,14,19,35,16,9,32
597,0.7272727272727273,0.8,0.8571428571428571,0.5555555555555556,0.875,0.75,0.9,0.7142857142857143,0.5555555555555556,0.7391304347826086,0.7777777777777778,0.75,0.625,0.956986129283905,33,10,7,9,8,32,10,14,9,23,9,12,16,1.0,1.0,1.0,1.0,1.0,1.0,1.0,1.0,1.0,1.0,1.0,1.0,1.0,0.007620745804160833,51,14,14,18,7,49,18,14,19,35,16,9,32
598,0.7272727272727273,0.8,0.8571428571428571,0.5555555555555556,0.875,0.75,0.9,0.7142857142857143,0.5555555555555556,0.7391304347826086,0.7777777777777778,0.75,0.625,0.958128035068512,33,10,7,9,8,32,10,14,9,23,9,12,16,1.0,1.0,1.0,1.0,1.0,1.0,1.0,1.0,1.0,1.0,1.0,1.0,1.0,0.007567433640360832,51,14,14,18,7,49,18,14,19,35,16,9,32
599,0.7272727272727273,0.8,0.8571428571428571,0.5555555555555556,0.875,0.75,0.9,0.7142857142857143,0.5555555555555556,0.7391304347826086,0.7777777777777778,0.75,0.625,0.9592618346214294,33,10,7,9,8,32,10,14,9,23,9,12,16,1.0,1.0,1.0,1.0,1.0,1.0,1.0,1.0,1.0,1.0,1.0,1.0,1.0,0.007514766417443752,51,14,14,18,7,49,18,14,19,35,16,9,32
600,0.7272727272727273,0.8,0.8571428571428571,0.5555555555555556,0.875,0.75,0.9,0.7142857142857143,0.5555555555555556,0.7391304347826086,0.7777777777777778,0.75,0.625,0.960399866104126,33,10,7,9,8,32,10,14,9,23,9,12,16,1.0,1.0,1.0,1.0,1.0,1.0,1.0,1.0,1.0,1.0,1.0,1.0,1.0,0.007462735287845135,51,14,14,18,7,49,18,14,19,35,16,9,32
601,0.7272727272727273,0.8,0.8571428571428571,0.5555555555555556,0.875,0.75,0.9,0.7142857142857143,0.5555555555555556,0.7391304347826086,0.7777777777777778,0.75,0.625,0.9615386724472046,33,10,7,9,8,32,10,14,9,23,9,12,16,1.0,1.0,1.0,1.0,1.0,1.0,1.0,1.0,1.0,1.0,1.0,1.0,1.0,0.007411106023937464,51,14,14,18,7,49,18,14,19,35,16,9,32
602,0.7272727272727273,0.8,0.8571428571428571,0.5555555555555556,0.875,0.75,0.9,0.7142857142857143,0.5555555555555556,0.7391304347826086,0.7777777777777778,0.75,0.625,0.9626734256744385,33,10,7,9,8,32,10,14,9,23,9,12,16,1.0,1.0,1.0,1.0,1.0,1.0,1.0,1.0,1.0,1.0,1.0,1.0,1.0,0.007360103074461222,51,14,14,18,7,49,18,14,19,35,16,9,32
603,0.7272727272727273,0.8,0.8571428571428571,0.5555555555555556,0.875,0.75,0.9,0.7142857142857143,0.5555555555555556,0.7391304347826086,0.7777777777777778,0.75,0.625,0.9637991189956665,33,10,7,9,8,32,10,14,9,23,9,12,16,1.0,1.0,1.0,1.0,1.0,1.0,1.0,1.0,1.0,1.0,1.0,1.0,1.0,0.007309567648917437,51,14,14,18,7,49,18,14,19,35,16,9,32
604,0.7272727272727273,0.8,0.8571428571428571,0.5555555555555556,0.875,0.75,0.9,0.7142857142857143,0.5555555555555556,0.7391304347826086,0.7777777777777778,0.75,0.625,0.9649211168289185,33,10,7,9,8,32,10,14,9,23,9,12,16,1.0,1.0,1.0,1.0,1.0,1.0,1.0,1.0,1.0,1.0,1.0,1.0,1.0,0.00725967762991786,51,14,14,18,7,49,18,14,19,35,16,9,32
605,0.7272727272727273,0.8,0.8571428571428571,0.5555555555555556,0.875,0.75,0.9,0.7142857142857143,0.5555555555555556,0.7391304347826086,0.7777777777777778,0.75,0.625,0.9660406112670898,33,10,7,9,8,32,10,14,9,23,9,12,16,1.0,1.0,1.0,1.0,1.0,1.0,1.0,1.0,1.0,1.0,1.0,1.0,1.0,0.007210161071270704,51,14,14,18,7,49,18,14,19,35,16,9,32
606,0.7272727272727273,0.8,0.8571428571428571,0.5555555555555556,0.875,0.75,0.9,0.7142857142857143,0.5555555555555556,0.7391304347826086,0.7777777777777778,0.75,0.625,0.967161238193512,33,10,7,9,8,32,10,14,9,23,9,12,16,1.0,1.0,1.0,1.0,1.0,1.0,1.0,1.0,1.0,1.0,1.0,1.0,1.0,0.007161243353039026,51,14,14,18,7,49,18,14,19,35,16,9,32
607,0.7272727272727273,0.8,0.8571428571428571,0.5555555555555556,0.875,0.75,0.9,0.7142857142857143,0.5555555555555556,0.7391304347826086,0.7777777777777778,0.75,0.625,0.9682765603065491,33,10,7,9,8,32,10,14,9,23,9,12,16,1.0,1.0,1.0,1.0,1.0,1.0,1.0,1.0,1.0,1.0,1.0,1.0,1.0,0.007112699560821056,51,14,14,18,7,49,18,14,19,35,16,9,32
608,0.7272727272727273,0.8,0.8571428571428571,0.5555555555555556,0.875,0.75,0.9,0.7142857142857143,0.5555555555555556,0.7391304347826086,0.7777777777777778,0.75,0.625,0.9693881869316101,33,10,7,9,8,32,10,14,9,23,9,12,16,1.0,1.0,1.0,1.0,1.0,1.0,1.0,1.0,1.0,1.0,1.0,1.0,1.0,0.007064810022711754,51,14,14,18,7,49,18,14,19,35,16,9,32
609,0.7272727272727273,0.8,0.8571428571428571,0.5555555555555556,0.875,0.75,0.9,0.7142857142857143,0.5555555555555556,0.7391304347826086,0.7777777777777778,0.75,0.625,0.9704983830451965,33,10,7,9,8,32,10,14,9,23,9,12,16,1.0,1.0,1.0,1.0,1.0,1.0,1.0,1.0,1.0,1.0,1.0,1.0,1.0,0.007017332129180431,51,14,14,18,7,49,18,14,19,35,16,9,32
610,0.7272727272727273,0.8,0.8571428571428571,0.5555555555555556,0.875,0.75,0.9,0.7142857142857143,0.5555555555555556,0.7391304347826086,0.7777777777777778,0.75,0.625,0.9716027975082397,33,10,7,9,8,32,10,14,9,23,9,12,16,1.0,1.0,1.0,1.0,1.0,1.0,1.0,1.0,1.0,1.0,1.0,1.0,1.0,0.0069702561013400555,51,14,14,18,7,49,18,14,19,35,16,9,32
611,0.7272727272727273,0.8,0.8571428571428571,0.5555555555555556,0.875,0.75,0.9,0.7142857142857143,0.5555555555555556,0.7391304347826086,0.7777777777777778,0.75,0.625,0.9727025032043457,33,10,7,9,8,32,10,14,9,23,9,12,16,1.0,1.0,1.0,1.0,1.0,1.0,1.0,1.0,1.0,1.0,1.0,1.0,1.0,0.006923722103238106,51,14,14,18,7,49,18,14,19,35,16,9,32
612,0.7272727272727273,0.8,0.8571428571428571,0.5555555555555556,0.875,0.75,0.9,0.7142857142857143,0.5555555555555556,0.7391304347826086,0.7777777777777778,0.75,0.625,0.9737992882728577,33,10,7,9,8,32,10,14,9,23,9,12,16,1.0,1.0,1.0,1.0,1.0,1.0,1.0,1.0,1.0,1.0,1.0,1.0,1.0,0.006877637468278408,51,14,14,18,7,49,18,14,19,35,16,9,32
613,0.7272727272727273,0.8,0.8571428571428571,0.5555555555555556,0.875,0.75,0.9,0.7142857142857143,0.5555555555555556,0.7391304347826086,0.7777777777777778,0.75,0.625,0.9748968482017517,33,10,7,9,8,32,10,14,9,23,9,12,16,1.0,1.0,1.0,1.0,1.0,1.0,1.0,1.0,1.0,1.0,1.0,1.0,1.0,0.00683201989158988,51,14,14,18,7,49,18,14,19,35,16,9,32
614,0.7272727272727273,0.8,0.8571428571428571,0.5555555555555556,0.875,0.75,0.9,0.7142857142857143,0.5555555555555556,0.7391304347826086,0.7777777777777778,0.75,0.625,0.975994348526001,33,10,7,9,8,32,10,14,9,23,9,12,16,1.0,1.0,1.0,1.0,1.0,1.0,1.0,1.0,1.0,1.0,1.0,1.0,1.0,0.006786991376429796,51,14,14,18,7,49,18,14,19,35,16,9,32
615,0.7272727272727273,0.8,0.8571428571428571,0.5555555555555556,0.875,0.75,0.9,0.7142857142857143,0.5555555555555556,0.7391304347826086,0.7777777777777778,0.75,0.625,0.9770898818969727,33,10,7,9,8,32,10,14,9,23,9,12,16,1.0,1.0,1.0,1.0,1.0,1.0,1.0,1.0,1.0,1.0,1.0,1.0,1.0,0.0067423186264932156,51,14,14,18,7,49,18,14,19,35,16,9,32
616,0.7272727272727273,0.8,0.8571428571428571,0.5555555555555556,0.875,0.75,0.9,0.7142857142857143,0.5555555555555556,0.7391304347826086,0.7777777777777778,0.75,0.625,0.9781754016876221,33,10,7,9,8,32,10,14,9,23,9,12,16,1.0,1.0,1.0,1.0,1.0,1.0,1.0,1.0,1.0,1.0,1.0,1.0,1.0,0.006697982084006071,51,14,14,18,7,49,18,14,19,35,16,9,32
617,0.7272727272727273,0.8,0.8571428571428571,0.5555555555555556,0.875,0.75,0.9,0.7142857142857143,0.5555555555555556,0.7391304347826086,0.7777777777777778,0.75,0.625,0.9792541861534119,33,10,7,9,8,32,10,14,9,23,9,12,16,1.0,1.0,1.0,1.0,1.0,1.0,1.0,1.0,1.0,1.0,1.0,1.0,1.0,0.006654187571257353,51,14,14,18,7,49,18,14,19,35,16,9,32
618,0.7272727272727273,0.8,0.8571428571428571,0.5555555555555556,0.875,0.75,0.9,0.7142857142857143,0.5555555555555556,0.7391304347826086,0.7777777777777778,0.75,0.625,0.9803333878517151,33,10,7,9,8,32,10,14,9,23,9,12,16,1.0,1.0,1.0,1.0,1.0,1.0,1.0,1.0,1.0,1.0,1.0,1.0,1.0,0.0066108424216508865,51,14,14,18,7,49,18,14,19,35,16,9,32
619,0.7272727272727273,0.8,0.8571428571428571,0.5555555555555556,0.875,0.75,0.9,0.7142857142857143,0.5555555555555556,0.7391304347826086,0.7777777777777778,0.75,0.625,0.9814172387123108,33,10,7,9,8,32,10,14,9,23,9,12,16,1.0,1.0,1.0,1.0,1.0,1.0,1.0,1.0,1.0,1.0,1.0,1.0,1.0,0.006567992269992828,51,14,14,18,7,49,18,14,19,35,16,9,32
620,0.7272727272727273,0.8,0.8571428571428571,0.5555555555555556,0.875,0.75,0.9,0.7142857142857143,0.5555555555555556,0.7391304347826086,0.7777777777777778,0.75,0.625,0.9824995398521423,33,10,7,9,8,32,10,14,9,23,9,12,16,1.0,1.0,1.0,1.0,1.0,1.0,1.0,1.0,1.0,1.0,1.0,1.0,1.0,0.006525460630655289,51,14,14,18,7,49,18,14,19,35,16,9,32
621,0.7272727272727273,0.8,0.8571428571428571,0.5555555555555556,0.875,0.75,0.9,0.7142857142857143,0.5555555555555556,0.7391304347826086,0.7777777777777778,0.75,0.625,0.9835708141326904,33,10,7,9,8,32,10,14,9,23,9,12,16,1.0,1.0,1.0,1.0,1.0,1.0,1.0,1.0,1.0,1.0,1.0,1.0,1.0,0.006483227480202913,51,14,14,18,7,49,18,14,19,35,16,9,32
622,0.7272727272727273,0.8,0.8571428571428571,0.5555555555555556,0.875,0.75,0.9,0.7142857142857143,0.5555555555555556,0.7391304347826086,0.7777777777777778,0.75,0.625,0.9846349954605103,33,10,7,9,8,32,10,14,9,23,9,12,16,1.0,1.0,1.0,1.0,1.0,1.0,1.0,1.0,1.0,1.0,1.0,1.0,1.0,0.006441574543714523,51,14,14,18,7,49,18,14,19,35,16,9,32
623,0.7272727272727273,0.8,0.8571428571428571,0.5555555555555556,0.875,0.75,0.9,0.7142857142857143,0.5555555555555556,0.7391304347826086,0.7777777777777778,0.75,0.625,0.9856968522071838,33,10,7,9,8,32,10,14,9,23,9,12,16,1.0,1.0,1.0,1.0,1.0,1.0,1.0,1.0,1.0,1.0,1.0,1.0,1.0,0.006400211248546839,51,14,14,18,7,49,18,14,19,35,16,9,32
624,0.7272727272727273,0.8,0.8571428571428571,0.5555555555555556,0.875,0.75,0.9,0.7142857142857143,0.5555555555555556,0.7391304347826086,0.7777777777777778,0.75,0.625,0.986762285232544,33,10,7,9,8,32,10,14,9,23,9,12,16,1.0,1.0,1.0,1.0,1.0,1.0,1.0,1.0,1.0,1.0,1.0,1.0,1.0,0.006359362043440342,51,14,14,18,7,49,18,14,19,35,16,9,32
625,0.7272727272727273,0.8,0.8571428571428571,0.5555555555555556,0.875,0.75,0.9,0.7142857142857143,0.5555555555555556,0.7391304347826086,0.7777777777777778,0.75,0.625,0.9878301024436951,33,10,7,9,8,32,10,14,9,23,9,12,16,1.0,1.0,1.0,1.0,1.0,1.0,1.0,1.0,1.0,1.0,1.0,1.0,1.0,0.006318915169686079,51,14,14,18,7,49,18,14,19,35,16,9,32
626,0.7272727272727273,0.8,0.8571428571428571,0.5555555555555556,0.875,0.75,0.9,0.7142857142857143,0.5555555555555556,0.7391304347826086,0.7777777777777778,0.75,0.625,0.9888925552368164,33,10,7,9,8,32,10,14,9,23,9,12,16,1.0,1.0,1.0,1.0,1.0,1.0,1.0,1.0,1.0,1.0,1.0,1.0,1.0,0.006278748624026775,51,14,14,18,7,49,18,14,19,35,16,9,32
627,0.7272727272727273,0.8,0.8571428571428571,0.5555555555555556,0.875,0.75,0.9,0.7142857142857143,0.5555555555555556,0.7391304347826086,0.7777777777777778,0.75,0.625,0.9899470210075378,33,10,7,9,8,32,10,14,9,23,9,12,16,1.0,1.0,1.0,1.0,1.0,1.0,1.0,1.0,1.0,1.0,1.0,1.0,1.0,0.006239077541977167,51,14,14,18,7,49,18,14,19,35,16,9,32
628,0.7272727272727273,0.8,0.8571428571428571,0.5555555555555556,0.875,0.75,0.9,0.7142857142857143,0.5555555555555556,0.7391304347826086,0.7777777777777778,0.75,0.625,0.9909957051277161,33,10,7,9,8,32,10,14,9,23,9,12,16,1.0,1.0,1.0,1.0,1.0,1.0,1.0,1.0,1.0,1.0,1.0,1.0,1.0,0.006199733819812536,51,14,14,18,7,49,18,14,19,35,16,9,32
629,0.7272727272727273,0.8,0.8571428571428571,0.5555555555555556,0.875,0.75,0.9,0.7142857142857143,0.5555555555555556,0.7391304347826086,0.7777777777777778,0.75,0.625,0.992042064666748,33,10,7,9,8,32,10,14,9,23,9,12,16,1.0,1.0,1.0,1.0,1.0,1.0,1.0,1.0,1.0,1.0,1.0,1.0,1.0,0.006160689517855644,51,14,14,18,7,49,18,14,19,35,16,9,32
630,0.7272727272727273,0.8,0.8571428571428571,0.5555555555555556,0.875,0.75,0.9,0.7142857142857143,0.5555555555555556,0.7391304347826086,0.7777777777777778,0.75,0.625,0.9930903315544128,33,10,7,9,8,32,10,14,9,23,9,12,16,1.0,1.0,1.0,1.0,1.0,1.0,1.0,1.0,1.0,1.0,1.0,1.0,1.0,0.006122075021266937,51,14,14,18,7,49,18,14,19,35,16,9,32
631,0.7272727272727273,0.8,0.8571428571428571,0.5555555555555556,0.875,0.75,0.9,0.7142857142857143,0.5555555555555556,0.7391304347826086,0.7777777777777778,0.75,0.625,0.9941396117210388,33,10,7,9,8,32,10,14,9,23,9,12,16,1.0,1.0,1.0,1.0,1.0,1.0,1.0,1.0,1.0,1.0,1.0,1.0,1.0,0.0060838437639176846,51,14,14,18,7,49,18,14,19,35,16,9,32
632,0.7272727272727273,0.8,0.8571428571428571,0.5555555555555556,0.875,0.75,0.9,0.7142857142857143,0.5555555555555556,0.7391304347826086,0.7777777777777778,0.75,0.625,0.9951868057250977,33,10,7,9,8,32,10,14,9,23,9,12,16,1.0,1.0,1.0,1.0,1.0,1.0,1.0,1.0,1.0,1.0,1.0,1.0,1.0,0.006046117749065161,51,14,14,18,7,49,18,14,19,35,16,9,32
633,0.7272727272727273,0.8,0.8571428571428571,0.5555555555555556,0.875,0.75,0.9,0.7142857142857143,0.5555555555555556,0.7391304347826086,0.7777777777777778,0.75,0.625,0.9962244033813477,33,10,7,9,8,32,10,14,9,23,9,12,16,1.0,1.0,1.0,1.0,1.0,1.0,1.0,1.0,1.0,1.0,1.0,1.0,1.0,0.006008428521454334,51,14,14,18,7,49,18,14,19,35,16,9,32
634,0.7272727272727273,0.8,0.8571428571428571,0.5555555555555556,0.875,0.75,0.9,0.7142857142857143,0.5555555555555556,0.7391304347826086,0.7777777777777778,0.75,0.625,0.9972540140151978,33,10,7,9,8,32,10,14,9,23,9,12,16,1.0,1.0,1.0,1.0,1.0,1.0,1.0,1.0,1.0,1.0,1.0,1.0,1.0,0.00597125431522727,51,14,14,18,7,49,18,14,19,35,16,9,32
635,0.7272727272727273,0.8,0.8571428571428571,0.5555555555555556,0.875,0.75,0.9,0.7142857142857143,0.5555555555555556,0.7391304347826086,0.7777777777777778,0.75,0.625,0.9982845187187195,33,10,7,9,8,32,10,14,9,23,9,12,16,1.0,1.0,1.0,1.0,1.0,1.0,1.0,1.0,1.0,1.0,1.0,1.0,1.0,0.005934481509029865,51,14,14,18,7,49,18,14,19,35,16,9,32
636,0.7272727272727273,0.8,0.8571428571428571,0.5555555555555556,0.875,0.75,0.9,0.7142857142857143,0.5555555555555556,0.7391304347826086,0.7777777777777778,0.75,0.625,0.9993207454681396,33,10,7,9,8,32,10,14,9,23,9,12,16,1.0,1.0,1.0,1.0,1.0,1.0,1.0,1.0,1.0,1.0,1.0,1.0,1.0,0.0058980174362659454,51,14,14,18,7,49,18,14,19,35,16,9,32
637,0.7272727272727273,0.8,0.8571428571428571,0.5555555555555556,0.875,0.75,0.9,0.7142857142857143,0.5555555555555556,0.7391304347826086,0.7777777777777778,0.75,0.625,1.0003565549850464,33,10,7,9,8,32,10,14,9,23,9,12,16,1.0,1.0,1.0,1.0,1.0,1.0,1.0,1.0,1.0,1.0,1.0,1.0,1.0,0.005861880723387003,51,14,14,18,7,49,18,14,19,35,16,9,32
638,0.7272727272727273,0.8,0.8571428571428571,0.5555555555555556,0.875,0.75,0.9,0.7142857142857143,0.5555555555555556,0.7391304347826086,0.7777777777777778,0.75,0.625,1.0013843774795532,33,10,7,9,8,32,10,14,9,23,9,12,16,1.0,1.0,1.0,1.0,1.0,1.0,1.0,1.0,1.0,1.0,1.0,1.0,1.0,0.00582608999684453,51,14,14,18,7,49,18,14,19,35,16,9,32
639,0.7272727272727273,0.8,0.8571428571428571,0.5555555555555556,0.875,0.75,0.9,0.7142857142857143,0.5555555555555556,0.7391304347826086,0.7777777777777778,0.75,0.625,1.002402424812317,33,10,7,9,8,32,10,14,9,23,9,12,16,1.0,1.0,1.0,1.0,1.0,1.0,1.0,1.0,1.0,1.0,1.0,1.0,1.0,0.005790533032268286,51,14,14,18,7,49,18,14,19,35,16,9,32
640,0.7272727272727273,0.8,0.8571428571428571,0.5555555555555556,0.875,0.75,0.9,0.7142857142857143,0.5555555555555556,0.7391304347826086,0.7777777777777778,0.75,0.625,1.0034164190292358,33,10,7,9,8,32,10,14,9,23,9,12,16,1.0,1.0,1.0,1.0,1.0,1.0,1.0,1.0,1.0,1.0,1.0,1.0,1.0,0.0057554058730602264,51,14,14,18,7,49,18,14,19,35,16,9,32
641,0.7272727272727273,0.8,0.8571428571428571,0.5555555555555556,0.875,0.75,0.9,0.7142857142857143,0.5555555555555556,0.7391304347826086,0.7777777777777778,0.75,0.625,1.004435420036316,33,10,7,9,8,32,10,14,9,23,9,12,16,1.0,1.0,1.0,1.0,1.0,1.0,1.0,1.0,1.0,1.0,1.0,1.0,1.0,0.005720661953091621,51,14,14,18,7,49,18,14,19,35,16,9,32
642,0.7272727272727273,0.8,0.8571428571428571,0.5555555555555556,0.875,0.75,0.9,0.7142857142857143,0.5555555555555556,0.7391304347826086,0.7777777777777778,0.75,0.625,1.0054569244384766,33,10,7,9,8,32,10,14,9,23,9,12,16,1.0,1.0,1.0,1.0,1.0,1.0,1.0,1.0,1.0,1.0,1.0,1.0,1.0,0.005686077289283276,51,14,14,18,7,49,18,14,19,35,16,9,32
643,0.7272727272727273,0.8,0.8571428571428571,0.5555555555555556,0.875,0.75,0.9,0.7142857142857143,0.5555555555555556,0.7391304347826086,0.7777777777777778,0.75,0.625,1.006475806236267,33,10,7,9,8,32,10,14,9,23,9,12,16,1.0,1.0,1.0,1.0,1.0,1.0,1.0,1.0,1.0,1.0,1.0,1.0,1.0,0.005651913583278656,51,14,14,18,7,49,18,14,19,35,16,9,32
644,0.7272727272727273,0.8,0.8571428571428571,0.5555555555555556,0.875,0.75,0.9,0.7142857142857143,0.5555555555555556,0.7391304347826086,0.7777777777777778,0.75,0.625,1.0074859857559204,33,10,7,9,8,32,10,14,9,23,9,12,16,1.0,1.0,1.0,1.0,1.0,1.0,1.0,1.0,1.0,1.0,1.0,1.0,1.0,0.005618020426481962,51,14,14,18,7,49,18,14,19,35,16,9,32
645,0.7272727272727273,0.8,0.8571428571428571,0.5555555555555556,0.875,0.75,0.9,0.7142857142857143,0.5555555555555556,0.7391304347826086,0.7777777777777778,0.75,0.625,1.008486032485962,33,10,7,9,8,32,10,14,9,23,9,12,16,1.0,1.0,1.0,1.0,1.0,1.0,1.0,1.0,1.0,1.0,1.0,1.0,1.0,0.00558437081053853,51,14,14,18,7,49,18,14,19,35,16,9,32
646,0.7272727272727273,0.8,0.8571428571428571,0.5555555555555556,0.875,0.75,0.9,0.7142857142857143,0.5555555555555556,0.7391304347826086,0.7777777777777778,0.75,0.625,1.0094879865646362,33,10,7,9,8,32,10,14,9,23,9,12,16,1.0,1.0,1.0,1.0,1.0,1.0,1.0,1.0,1.0,1.0,1.0,1.0,1.0,0.0055511887185275555,51,14,14,18,7,49,18,14,19,35,16,9,32
647,0.7272727272727273,0.8,0.8571428571428571,0.5555555555555556,0.875,0.75,0.9,0.7142857142857143,0.5555555555555556,0.7391304347826086,0.7777777777777778,0.75,0.625,1.0104928016662598,33,10,7,9,8,32,10,14,9,23,9,12,16,1.0,1.0,1.0,1.0,1.0,1.0,1.0,1.0,1.0,1.0,1.0,1.0,1.0,0.005518137011677027,51,14,14,18,7,49,18,14,19,35,16,9,32
648,0.7272727272727273,0.8,0.8571428571428571,0.5555555555555556,0.875,0.75,0.9,0.7142857142857143,0.5555555555555556,0.7391304347826086,0.7777777777777778,0.75,0.625,1.011499047279358,33,10,7,9,8,32,10,14,9,23,9,12,16,1.0,1.0,1.0,1.0,1.0,1.0,1.0,1.0,1.0,1.0,1.0,1.0,1.0,0.005485488101840019,51,14,14,18,7,49,18,14,19,35,16,9,32
649,0.7272727272727273,0.8,0.8571428571428571,0.5555555555555556,0.875,0.75,0.9,0.7142857142857143,0.5555555555555556,0.7391304347826086,0.7777777777777778,0.75,0.625,1.0124999284744263,33,10,7,9,8,32,10,14,9,23,9,12,16,1.0,1.0,1.0,1.0,1.0,1.0,1.0,1.0,1.0,1.0,1.0,1.0,1.0,0.005453072488307953,51,14,14,18,7,49,18,14,19,35,16,9,32
650,0.7272727272727273,0.8,0.8571428571428571,0.5555555555555556,0.875,0.75,0.9,0.7142857142857143,0.5555555555555556,0.7391304347826086,0.7777777777777778,0.75,0.625,1.0134941339492798,33,10,7,9,8,32,10,14,9,23,9,12,16,1.0,1.0,1.0,1.0,1.0,1.0,1.0,1.0,1.0,1.0,1.0,1.0,1.0,0.005420955829322338,51,14,14,18,7,49,18,14,19,35,16,9,32
651,0.7272727272727273,0.8,0.8571428571428571,0.5555555555555556,0.875,0.75,0.9,0.7142857142857143,0.5555555555555556,0.7391304347826086,0.7777777777777778,0.75,0.625,1.0144826173782349,33,10,7,9,8,32,10,14,9,23,9,12,16,1.0,1.0,1.0,1.0,1.0,1.0,1.0,1.0,1.0,1.0,1.0,1.0,1.0,0.005389176309108734,51,14,14,18,7,49,18,14,19,35,16,9,32
652,0.7272727272727273,0.8,0.8571428571428571,0.5555555555555556,0.875,0.75,0.9,0.7142857142857143,0.5555555555555556,0.7391304347826086,0.7777777777777778,0.75,0.625,1.0154683589935303,33,10,7,9,8,32,10,14,9,23,9,12,16,1.0,1.0,1.0,1.0,1.0,1.0,1.0,1.0,1.0,1.0,1.0,1.0,1.0,0.005357611458748579,51,14,14,18,7,49,18,14,19,35,16,9,32
653,0.7272727272727273,0.8,0.8571428571428571,0.5555555555555556,0.875,0.75,0.9,0.7142857142857143,0.5555555555555556,0.7391304347826086,0.7777777777777778,0.75,0.625,1.0164592266082764,33,10,7,9,8,32,10,14,9,23,9,12,16,1.0,1.0,1.0,1.0,1.0,1.0,1.0,1.0,1.0,1.0,1.0,1.0,1.0,0.005326458252966404,51,14,14,18,7,49,18,14,19,35,16,9,32
654,0.7272727272727273,0.8,0.8571428571428571,0.5555555555555556,0.875,0.75,0.9,0.7142857142857143,0.5555555555555556,0.7391304347826086,0.7777777777777778,0.75,0.625,1.0174484252929688,33,10,7,9,8,32,10,14,9,23,9,12,16,1.0,1.0,1.0,1.0,1.0,1.0,1.0,1.0,1.0,1.0,1.0,1.0,1.0,0.005295435432344675,51,14,14,18,7,49,18,14,19,35,16,9,32
655,0.7272727272727273,0.8,0.8571428571428571,0.5555555555555556,0.875,0.75,0.9,0.7142857142857143,0.5555555555555556,0.7391304347826086,0.7777777777777778,0.75,0.625,1.0184329748153687,33,10,7,9,8,32,10,14,9,23,9,12,16,1.0,1.0,1.0,1.0,1.0,1.0,1.0,1.0,1.0,1.0,1.0,1.0,1.0,0.005264712497591972,51,14,14,18,7,49,18,14,19,35,16,9,32
656,0.7272727272727273,0.8,0.8571428571428571,0.5555555555555556,0.875,0.75,0.9,0.7142857142857143,0.5555555555555556,0.7391304347826086,0.7777777777777778,0.75,0.625,1.0194097757339478,33,10,7,9,8,32,10,14,9,23,9,12,16,1.0,1.0,1.0,1.0,1.0,1.0,1.0,1.0,1.0,1.0,1.0,1.0,1.0,0.005234241485595703,51,14,14,18,7,49,18,14,19,35,16,9,32
657,0.7272727272727273,0.8,0.8571428571428571,0.5555555555555556,0.875,0.75,0.9,0.7142857142857143,0.5555555555555556,0.7391304347826086,0.7777777777777778,0.75,0.625,1.020383596420288,33,10,7,9,8,32,10,14,9,23,9,12,16,1.0,1.0,1.0,1.0,1.0,1.0,1.0,1.0,1.0,1.0,1.0,1.0,1.0,0.0052041541785001755,51,14,14,18,7,49,18,14,19,35,16,9,32
658,0.7272727272727273,0.8,0.8571428571428571,0.5555555555555556,0.875,0.75,0.9,0.7142857142857143,0.5555555555555556,0.7391304347826086,0.7777777777777778,0.75,0.625,1.0213568210601807,33,10,7,9,8,32,10,14,9,23,9,12,16,1.0,1.0,1.0,1.0,1.0,1.0,1.0,1.0,1.0,1.0,1.0,1.0,1.0,0.005174150690436363,51,14,14,18,7,49,18,14,19,35,16,9,32
659,0.7272727272727273,0.8,0.8571428571428571,0.5555555555555556,0.875,0.75,0.9,0.7142857142857143,0.5555555555555556,0.7391304347826086,0.7777777777777778,0.75,0.625,1.0223332643508911,33,10,7,9,8,32,10,14,9,23,9,12,16,1.0,1.0,1.0,1.0,1.0,1.0,1.0,1.0,1.0,1.0,1.0,1.0,1.0,0.005144549533724785,51,14,14,18,7,49,18,14,19,35,16,9,32
660,0.7272727272727273,0.8,0.8571428571428571,0.5555555555555556,0.875,0.75,0.9,0.7142857142857143,0.5555555555555556,0.7391304347826086,0.7777777777777778,0.75,0.625,1.0233080387115479,33,10,7,9,8,32,10,14,9,23,9,12,16,1.0,1.0,1.0,1.0,1.0,1.0,1.0,1.0,1.0,1.0,1.0,1.0,1.0,0.005115116480737925,51,14,14,18,7,49,18,14,19,35,16,9,32
661,0.7272727272727273,0.8,0.8571428571428571,0.5555555555555556,0.875,0.75,0.9,0.7142857142857143,0.5555555555555556,0.7391304347826086,0.7777777777777778,0.75,0.625,1.0242767333984375,33,10,7,9,8,32,10,14,9,23,9,12,16,1.0,1.0,1.0,1.0,1.0,1.0,1.0,1.0,1.0,1.0,1.0,1.0,1.0,0.005085945129394531,51,14,14,18,7,49,18,14,19,35,16,9,32
662,0.7272727272727273,0.8,0.8571428571428571,0.5555555555555556,0.875,0.75,0.9,0.7142857142857143,0.5555555555555556,0.7391304347826086,0.7777777777777778,0.75,0.625,1.025238275527954,33,10,7,9,8,32,10,14,9,23,9,12,16,1.0,1.0,1.0,1.0,1.0,1.0,1.0,1.0,1.0,1.0,1.0,1.0,1.0,0.0050570168532431126,51,14,14,18,7,49,18,14,19,35,16,9,32
663,0.7272727272727273,0.8,0.8571428571428571,0.5555555555555556,0.875,0.75,0.9,0.7142857142857143,0.5555555555555556,0.7391304347826086,0.7777777777777778,0.75,0.625,1.026197910308838,33,10,7,9,8,32,10,14,9,23,9,12,16,1.0,1.0,1.0,1.0,1.0,1.0,1.0,1.0,1.0,1.0,1.0,1.0,1.0,0.005028406623750925,51,14,14,18,7,49,18,14,19,35,16,9,32
664,0.7272727272727273,0.8,0.8571428571428571,0.5555555555555556,0.875,0.75,0.9,0.7142857142857143,0.5555555555555556,0.7391304347826086,0.7777777777777778,0.75,0.625,1.0271598100662231,33,10,7,9,8,32,10,14,9,23,9,12,16,1.0,1.0,1.0,1.0,1.0,1.0,1.0,1.0,1.0,1.0,1.0,1.0,1.0,0.005000058561563492,51,14,14,18,7,49,18,14,19,35,16,9,32
665,0.7272727272727273,0.8,0.8571428571428571,0.5555555555555556,0.875,0.75,0.9,0.7142857142857143,0.5555555555555556,0.7391304347826086,0.7777777777777778,0.75,0.625,1.0281206369400024,33,10,7,9,8,32,10,14,9,23,9,12,16,1.0,1.0,1.0,1.0,1.0,1.0,1.0,1.0,1.0,1.0,1.0,1.0,1.0,0.004971840884536505,51,14,14,18,7,49,18,14,19,35,16,9,32
666,0.7272727272727273,0.8,0.8571428571428571,0.5555555555555556,0.875,0.75,0.9,0.7142857142857143,0.5555555555555556,0.7391304347826086,0.7777777777777778,0.75,0.625,1.029079556465149,33,10,7,9,8,32,10,14,9,23,9,12,16,1.0,1.0,1.0,1.0,1.0,1.0,1.0,1.0,1.0,1.0,1.0,1.0,1.0,0.004943903535604477,51,14,14,18,7,49,18,14,19,35,16,9,32
667,0.7272727272727273,0.8,0.8571428571428571,0.5555555555555556,0.875,0.75,0.9,0.7142857142857143,0.5555555555555556,0.7391304347826086,0.7777777777777778,0.75,0.625,1.0300368070602417,33,10,7,9,8,32,10,14,9,23,9,12,16,1.0,1.0,1.0,1.0,1.0,1.0,1.0,1.0,1.0,1.0,1.0,1.0,1.0,0.004916266072541475,51,14,14,18,7,49,18,14,19,35,16,9,32
668,0.7272727272727273,0.8,0.8571428571428571,0.5555555555555556,0.875,0.75,0.9,0.7142857142857143,0.5555555555555556,0.7391304347826086,0.7777777777777778,0.75,0.625,1.030989408493042,33,10,7,9,8,32,10,14,9,23,9,12,16,1.0,1.0,1.0,1.0,1.0,1.0,1.0,1.0,1.0,1.0,1.0,1.0,1.0,0.004888777621090412,51,14,14,18,7,49,18,14,19,35,16,9,32
669,0.7272727272727273,0.8,0.8571428571428571,0.5555555555555556,0.875,0.75,0.9,0.7142857142857143,0.5555555555555556,0.7391304347826086,0.7777777777777778,0.75,0.625,1.0319392681121826,33,10,7,9,8,32,10,14,9,23,9,12,16,1.0,1.0,1.0,1.0,1.0,1.0,1.0,1.0,1.0,1.0,1.0,1.0,1.0,0.004861588589847088,51,14,14,18,7,49,18,14,19,35,16,9,32
670,0.7272727272727273,0.8,0.8571428571428571,0.5555555555555556,0.875,0.75,0.9,0.7142857142857143,0.5555555555555556,0.7391304347826086,0.7777777777777778,0.75,0.625,1.0328855514526367,33,10,7,9,8,32,10,14,9,23,9,12,16,1.0,1.0,1.0,1.0,1.0,1.0,1.0,1.0,1.0,1.0,1.0,1.0,1.0,0.0048345960676670074,51,14,14,18,7,49,18,14,19,35,16,9,32
671,0.7272727272727273,0.8,0.8571428571428571,0.5555555555555556,0.875,0.75,0.9,0.7142857142857143,0.5555555555555556,0.7391304347826086,0.7777777777777778,0.75,0.625,1.0338314771652222,33,10,7,9,8,32,10,14,9,23,9,12,16,1.0,1.0,1.0,1.0,1.0,1.0,1.0,1.0,1.0,1.0,1.0,1.0,1.0,0.004807827528566122,51,14,14,18,7,49,18,14,19,35,16,9,32
672,0.7272727272727273,0.8,0.8571428571428571,0.5555555555555556,0.875,0.75,0.9,0.7142857142857143,0.5555555555555556,0.7391304347826086,0.7777777777777778,0.75,0.625,1.0347754955291748,33,10,7,9,8,32,10,14,9,23,9,12,16,1.0,1.0,1.0,1.0,1.0,1.0,1.0,1.0,1.0,1.0,1.0,1.0,1.0,0.0047811903059482574,51,14,14,18,7,49,18,14,19,35,16,9,32
673,0.7272727272727273,0.8,0.8571428571428571,0.5555555555555556,0.875,0.75,0.9,0.7142857142857143,0.5555555555555556,0.7391304347826086,0.7777777777777778,0.75,0.625,1.0357204675674438,33,10,7,9,8,32,10,14,9,23,9,12,16,1.0,1.0,1.0,1.0,1.0,1.0,1.0,1.0,1.0,1.0,1.0,1.0,1.0,0.004754954483360052,51,14,14,18,7,49,18,14,19,35,16,9,32
674,0.7272727272727273,0.8,0.8571428571428571,0.5555555555555556,0.875,0.75,0.9,0.7142857142857143,0.5555555555555556,0.7391304347826086,0.7777777777777778,0.75,0.625,1.0366618633270264,33,10,7,9,8,32,10,14,9,23,9,12,16,1.0,1.0,1.0,1.0,1.0,1.0,1.0,1.0,1.0,1.0,1.0,1.0,1.0,0.0047287847846746445,51,14,14,18,7,49,18,14,19,35,16,9,32
675,0.7272727272727273,0.8,0.8571428571428571,0.5555555555555556,0.875,0.75,0.9,0.7142857142857143,0.5555555555555556,0.7391304347826086,0.7777777777777778,0.75,0.625,1.0376042127609253,33,10,7,9,8,32,10,14,9,23,9,12,16,1.0,1.0,1.0,1.0,1.0,1.0,1.0,1.0,1.0,1.0,1.0,1.0,1.0,0.004703054204583168,51,14,14,18,7,49,18,14,19,35,16,9,32
676,0.7272727272727273,0.8,0.8571428571428571,0.5555555555555556,0.875,0.75,0.9,0.7142857142857143,0.5555555555555556,0.7391304347826086,0.7777777777777778,0.75,0.625,1.038544774055481,33,10,7,9,8,32,10,14,9,23,9,12,16,1.0,1.0,1.0,1.0,1.0,1.0,1.0,1.0,1.0,1.0,1.0,1.0,1.0,0.004677323624491692,51,14,14,18,7,49,18,14,19,35,16,9,32
677,0.7272727272727273,0.8,0.8571428571428571,0.5555555555555556,0.875,0.75,0.9,0.7142857142857143,0.5555555555555556,0.7391304347826086,0.7777777777777778,0.75,0.625,1.039476990699768,33,10,7,9,8,32,10,14,9,23,9,12,16,1.0,1.0,1.0,1.0,1.0,1.0,1.0,1.0,1.0,1.0,1.0,1.0,1.0,0.00465183611959219,51,14,14,18,7,49,18,14,19,35,16,9,32
678,0.7272727272727273,0.8,0.8571428571428571,0.5555555555555556,0.875,0.75,0.9,0.7142857142857143,0.5555555555555556,0.7391304347826086,0.7777777777777778,0.75,0.625,1.0404033660888672,33,10,7,9,8,32,10,14,9,23,9,12,16,1.0,1.0,1.0,1.0,1.0,1.0,1.0,1.0,1.0,1.0,1.0,1.0,1.0,0.004626507870852947,51,14,14,18,7,49,18,14,19,35,16,9,32
679,0.7272727272727273,0.8,0.8571428571428571,0.5555555555555556,0.875,0.75,0.9,0.7142857142857143,0.5555555555555556,0.7391304347826086,0.7777777777777778,0.75,0.625,1.041330099105835,33,10,7,9,8,32,10,14,9,23,9,12,16,1.0,1.0,1.0,1.0,1.0,1.0,1.0,1.0,1.0,1.0,1.0,1.0,1.0,0.004601450636982918,51,14,14,18,7,49,18,14,19,35,16,9,32
680,0.7272727272727273,0.8,0.8571428571428571,0.5555555555555556,0.875,0.75,0.9,0.7142857142857143,0.5555555555555556,0.7391304347826086,0.7777777777777778,0.75,0.625,1.0422648191452026,33,10,7,9,8,32,10,14,9,23,9,12,16,1.0,1.0,1.0,1.0,1.0,1.0,1.0,1.0,1.0,1.0,1.0,1.0,1.0,0.004576701670885086,51,14,14,18,7,49,18,14,19,35,16,9,32
681,0.7272727272727273,0.8,0.8571428571428571,0.5555555555555556,0.875,0.75,0.9,0.7142857142857143,0.5555555555555556,0.7391304347826086,0.7777777777777778,0.75,0.625,1.0432006120681763,33,10,7,9,8,32,10,14,9,23,9,12,16,1.0,1.0,1.0,1.0,1.0,1.0,1.0,1.0,1.0,1.0,1.0,1.0,1.0,0.004552027676254511,51,14,14,18,7,49,18,14,19,35,16,9,32
682,0.7272727272727273,0.8,0.8571428571428571,0.5555555555555556,0.875,0.75,0.9,0.7142857142857143,0.5555555555555556,0.7391304347826086,0.7777777777777778,0.75,0.625,1.0441291332244873,33,10,7,9,8,32,10,14,9,23,9,12,16,1.0,1.0,1.0,1.0,1.0,1.0,1.0,1.0,1.0,1.0,1.0,1.0,1.0,0.004527615383267403,51,14,14,18,7,49,18,14,19,35,16,9,32
683,0.7272727272727273,0.8,0.8571428571428571,0.5555555555555556,0.875,0.75,0.9,0.7142857142857143,0.5555555555555556,0.7391304347826086,0.7777777777777778,0.75,0.625,1.0450496673583984,33,10,7,9,8,32,10,14,9,23,9,12,16,1.0,1.0,1.0,1.0,1.0,1.0,1.0,1.0,1.0,1.0,1.0,1.0,1.0,0.004503399599343538,51,14,14,18,7,49,18,14,19,35,16,9,32
684,0.7272727272727273,0.8,0.8571428571428571,0.5555555555555556,0.875,0.75,0.9,0.7142857142857143,0.5555555555555556,0.7391304347826086,0.7777777777777778,0.75,0.625,1.0459650754928589,33,10,7,9,8,32,10,14,9,23,9,12,16,1.0,1.0,1.0,1.0,1.0,1.0,1.0,1.0,1.0,1.0,1.0,1.0,1.0,0.004479342605918646,51,14,14,18,7,49,18,14,19,35,16,9,32
685,0.7272727272727273,0.8,0.8571428571428571,0.5555555555555556,0.875,0.75,0.9,0.7142857142857143,0.5555555555555556,0.7391304347826086,0.7777777777777778,0.75,0.625,1.0468796491622925,33,10,7,9,8,32,10,14,9,23,9,12,16,1.0,1.0,1.0,1.0,1.0,1.0,1.0,1.0,1.0,1.0,1.0,1.0,1.0,0.004455444868654013,51,14,14,18,7,49,18,14,19,35,16,9,32
686,0.7272727272727273,0.8,0.8571428571428571,0.5555555555555556,0.875,0.75,0.9,0.7142857142857143,0.5555555555555556,0.7391304347826086,0.7777777777777778,0.75,0.625,1.0477955341339111,33,10,7,9,8,32,10,14,9,23,9,12,16,1.0,1.0,1.0,1.0,1.0,1.0,1.0,1.0,1.0,1.0,1.0,1.0,1.0,0.004431780427694321,51,14,14,18,7,49,18,14,19,35,16,9,32
687,0.7272727272727273,0.8,0.8571428571428571,0.5555555555555556,0.875,0.75,0.9,0.7142857142857143,0.5555555555555556,0.7391304347826086,0.7777777777777778,0.75,0.625,1.0487163066864014,33,10,7,9,8,32,10,14,9,23,9,12,16,1.0,1.0,1.0,1.0,1.0,1.0,1.0,1.0,1.0,1.0,1.0,1.0,1.0,0.004408322274684906,51,14,14,18,7,49,18,14,19,35,16,9,32
688,0.7272727272727273,0.8,0.8571428571428571,0.5555555555555556,0.875,0.75,0.9,0.7142857142857143,0.5555555555555556,0.7391304347826086,0.7777777777777778,0.75,0.625,1.049638271331787,33,10,7,9,8,32,10,14,9,23,9,12,16,1.0,1.0,1.0,1.0,1.0,1.0,1.0,1.0,1.0,1.0,1.0,1.0,1.0,0.004385125357657671,51,14,14,18,7,49,18,14,19,35,16,9,32
689,0.7272727272727273,0.8,0.8571428571428571,0.5555555555555556,0.875,0.75,0.9,0.7142857142857143,0.5555555555555556,0.7391304347826086,0.7777777777777778,0.75,0.625,1.0505521297454834,33,10,7,9,8,32,10,14,9,23,9,12,16,1.0,1.0,1.0,1.0,1.0,1.0,1.0,1.0,1.0,1.0,1.0,1.0,1.0,0.004361938219517469,51,14,14,18,7,49,18,14,19,35,16,9,32
690,0.7272727272727273,0.8,0.8571428571428571,0.5555555555555556,0.875,0.75,0.9,0.7142857142857143,0.5555555555555556,0.7391304347826086,0.7777777777777778,0.75,0.625,1.051459550857544,33,10,7,9,8,32,10,14,9,23,9,12,16,1.0,1.0,1.0,1.0,1.0,1.0,1.0,1.0,1.0,1.0,1.0,1.0,1.0,0.004339152481406927,51,14,14,18,7,49,18,14,19,35,16,9,32
691,0.7272727272727273,0.8,0.8571428571428571,0.5555555555555556,0.875,0.75,0.9,0.7142857142857143,0.5555555555555556,0.7391304347826086,0.7777777777777778,0.75,0.625,1.0523617267608643,33,10,7,9,8,32,10,14,9,23,9,12,16,1.0,1.0,1.0,1.0,1.0,1.0,1.0,1.0,1.0,1.0,1.0,1.0,1.0,0.004316442180424929,51,14,14,18,7,49,18,14,19,35,16,9,32
692,0.7272727272727273,0.8,0.8571428571428571,0.5555555555555556,0.875,0.75,0.9,0.7142857142857143,0.5555555555555556,0.7391304347826086,0.7777777777777778,0.75,0.625,1.0532629489898682,33,10,7,9,8,32,10,14,9,23,9,12,16,1.0,1.0,1.0,1.0,1.0,1.0,1.0,1.0,1.0,1.0,1.0,1.0,1.0,0.004293881356716156,51,14,14,18,7,49,18,14,19,35,16,9,32
693,0.7272727272727273,0.8,0.8571428571428571,0.5555555555555556,0.875,0.75,0.9,0.7142857142857143,0.5555555555555556,0.7391304347826086,0.7777777777777778,0.75,0.625,1.0541642904281616,33,10,7,9,8,32,10,14,9,23,9,12,16,1.0,1.0,1.0,1.0,1.0,1.0,1.0,1.0,1.0,1.0,1.0,1.0,1.0,0.004271422978490591,51,14,14,18,7,49,18,14,19,35,16,9,32
694,0.7272727272727273,0.8,0.8571428571428571,0.5555555555555556,0.875,0.75,0.9,0.7142857142857143,0.5555555555555556,0.7391304347826086,0.7777777777777778,0.75,0.625,1.0550687313079834,33,10,7,9,8,32,10,14,9,23,9,12,16,1.0,1.0,1.0,1.0,1.0,1.0,1.0,1.0,1.0,1.0,1.0,1.0,1.0,0.004249283112585545,51,14,14,18,7,49,18,14,19,35,16,9,32
695,0.7272727272727273,0.8,0.8571428571428571,0.5555555555555556,0.875,0.75,0.9,0.7142857142857143,0.5555555555555556,0.7391304347826086,0.7777777777777778,0.75,0.625,1.0559715032577515,33,10,7,9,8,32,10,14,9,23,9,12,16,1.0,1.0,1.0,1.0,1.0,1.0,1.0,1.0,1.0,1.0,1.0,1.0,1.0,0.004227273631840944,51,14,14,18,7,49,18,14,19,35,16,9,32
696,0.7272727272727273,0.8,0.8571428571428571,0.5555555555555556,0.875,0.75,0.9,0.7142857142857143,0.5555555555555556,0.7391304347826086,0.7777777777777778,0.75,0.625,1.056871771812439,33,10,7,9,8,32,10,14,9,23,9,12,16,1.0,1.0,1.0,1.0,1.0,1.0,1.0,1.0,1.0,1.0,1.0,1.0,1.0,0.0042054420337080956,51,14,14,18,7,49,18,14,19,35,16,9,32
697,0.7575757575757576,0.9,1.0,0.6666666666666666,1.0,0.78125,0.9,0.7142857142857143,0.6666666666666666,0.782608695652174,0.7777777777777778,0.75,0.625,1.057765245437622,33,10,7,9,8,32,10,14,9,23,9,12,16,1.0,1.0,1.0,1.0,1.0,1.0,1.0,1.0,1.0,1.0,1.0,1.0,1.0,0.004183759912848473,51,14,14,18,7,49,18,14,19,35,16,9,32
698,0.7575757575757576,0.9,1.0,0.6666666666666666,1.0,0.78125,0.9,0.7142857142857143,0.6666666666666666,0.782608695652174,0.7777777777777778,0.75,0.625,1.0586525201797485,33,10,7,9,8,32,10,14,9,23,9,12,16,1.0,1.0,1.0,1.0,1.0,1.0,1.0,1.0,1.0,1.0,1.0,1.0,1.0,0.004162217956036329,51,14,14,18,7,49,18,14,19,35,16,9,32
699,0.7575757575757576,0.9,1.0,0.6666666666666666,1.0,0.78125,0.9,0.7142857142857143,0.6666666666666666,0.782608695652174,0.7777777777777778,0.75,0.625,1.0595382452011108,33,10,7,9,8,32,10,14,9,23,9,12,16,1.0,1.0,1.0,1.0,1.0,1.0,1.0,1.0,1.0,1.0,1.0,1.0,1.0,0.0041408538818359375,51,14,14,18,7,49,18,14,19,35,16,9,32
700,0.7575757575757576,0.9,1.0,0.6666666666666666,1.0,0.78125,0.9,0.7142857142857143,0.6666666666666666,0.782608695652174,0.7777777777777778,0.75,0.625,1.0604310035705566,33,10,7,9,8,32,10,14,9,23,9,12,16,1.0,1.0,1.0,1.0,1.0,1.0,1.0,1.0,1.0,1.0,1.0,1.0,1.0,0.004119788762181997,51,14,14,18,7,49,18,14,19,35,16,9,32
701,0.7575757575757576,0.9,1.0,0.6666666666666666,1.0,0.78125,0.9,0.7142857142857143,0.6666666666666666,0.782608695652174,0.7777777777777778,0.75,0.625,1.0613267421722412,33,10,7,9,8,32,10,14,9,23,9,12,16,1.0,1.0,1.0,1.0,1.0,1.0,1.0,1.0,1.0,1.0,1.0,1.0,1.0,0.004098826553672552,51,14,14,18,7,49,18,14,19,35,16,9,32
702,0.7575757575757576,0.9,1.0,0.6666666666666666,1.0,0.78125,0.9,0.7142857142857143,0.6666666666666666,0.782608695652174,0.7777777777777778,0.75,0.625,1.0622137784957886,33,10,7,9,8,32,10,14,9,23,9,12,16,1.0,1.0,1.0,1.0,1.0,1.0,1.0,1.0,1.0,1.0,1.0,1.0,1.0,0.004077827092260122,51,14,14,18,7,49,18,14,19,35,16,9,32
703,0.7575757575757576,0.9,1.0,0.6666666666666666,1.0,0.78125,0.9,0.7142857142857143,0.6666666666666666,0.782608695652174,0.7777777777777778,0.75,0.625,1.063093662261963,33,10,7,9,8,32,10,14,9,23,9,12,16,1.0,1.0,1.0,1.0,1.0,1.0,1.0,1.0,1.0,1.0,1.0,1.0,1.0,0.004057220183312893,51,14,14,18,7,49,18,14,19,35,16,9,32
704,0.7575757575757576,0.9,1.0,0.6666666666666666,1.0,0.78125,0.9,0.7142857142857143,0.6666666666666666,0.782608695652174,0.7777777777777778,0.75,0.625,1.0639692544937134,33,10,7,9,8,32,10,14,9,23,9,12,16,1.0,1.0,1.0,1.0,1.0,1.0,1.0,1.0,1.0,1.0,1.0,1.0,1.0,0.004036641679704189,51,14,14,18,7,49,18,14,19,35,16,9,32
705,0.7575757575757576,0.9,1.0,0.6666666666666666,1.0,0.78125,0.9,0.7142857142857143,0.6666666666666666,0.782608695652174,0.7777777777777778,0.75,0.625,1.0648447275161743,33,10,7,9,8,32,10,14,9,23,9,12,16,1.0,1.0,1.0,1.0,1.0,1.0,1.0,1.0,1.0,1.0,1.0,1.0,1.0,0.004016202874481678,51,14,14,18,7,49,18,14,19,35,16,9,32
706,0.7575757575757576,0.9,1.0,0.6666666666666666,1.0,0.78125,0.9,0.7142857142857143,0.6666666666666666,0.782608695652174,0.7777777777777778,0.75,0.625,1.0657246112823486,33,10,7,9,8,32,10,14,9,23,9,12,16,1.0,1.0,1.0,1.0,1.0,1.0,1.0,1.0,1.0,1.0,1.0,1.0,1.0,0.003996082581579685,51,14,14,18,7,49,18,14,19,35,16,9,32
707,0.7575757575757576,0.9,1.0,0.6666666666666666,1.0,0.78125,0.9,0.7142857142857143,0.6666666666666666,0.782608695652174,0.7777777777777778,0.75,0.625,1.0666069984436035,33,10,7,9,8,32,10,14,9,23,9,12,16,1.0,1.0,1.0,1.0,1.0,1.0,1.0,1.0,1.0,1.0,1.0,1.0,1.0,0.0039760647341609,51,14,14,18,7,49,18,14,19,35,16,9,32
708,0.7575757575757576,0.9,1.0,0.6666666666666666,1.0,0.78125,0.9,0.7142857142857143,0.6666666666666666,0.782608695652174,0.7777777777777778,0.75,0.625,1.067484736442566,33,10,7,9,8,32,10,14,9,23,9,12,16,1.0,1.0,1.0,1.0,1.0,1.0,1.0,1.0,1.0,1.0,1.0,1.0,1.0,0.0039560841396451,51,14,14,18,7,49,18,14,19,35,16,9,32
709,0.7575757575757576,0.9,1.0,0.6666666666666666,1.0,0.78125,0.9,0.7142857142857143,0.6666666666666666,0.782608695652174,0.7777777777777778,0.75,0.625,1.0683581829071045,33,10,7,9,8,32,10,14,9,23,9,12,16,1.0,1.0,1.0,1.0,1.0,1.0,1.0,1.0,1.0,1.0,1.0,1.0,1.0,0.003936356399208307,51,14,14,18,7,49,18,14,19,35,16,9,32
710,0.7575757575757576,0.9,1.0,0.6666666666666666,1.0,0.78125,0.9,0.7142857142857143,0.6666666666666666,0.782608695652174,0.7777777777777778,0.75,0.625,1.0692245960235596,33,10,7,9,8,32,10,14,9,23,9,12,16,1.0,1.0,1.0,1.0,1.0,1.0,1.0,1.0,1.0,1.0,1.0,1.0,1.0,0.00391671247780323,51,14,14,18,7,49,18,14,19,35,16,9,32
711,0.7575757575757576,0.9,1.0,0.6666666666666666,1.0,0.78125,0.9,0.7142857142857143,0.6666666666666666,0.782608695652174,0.7777777777777778,0.75,0.625,1.0700846910476685,33,10,7,9,8,32,10,14,9,23,9,12,16,1.0,1.0,1.0,1.0,1.0,1.0,1.0,1.0,1.0,1.0,1.0,1.0,1.0,0.003897227579727769,51,14,14,18,7,49,18,14,19,35,16,9,32
712,0.7575757575757576,0.9,1.0,0.6666666666666666,1.0,0.78125,0.9,0.7142857142857143,0.6666666666666666,0.782608695652174,0.7777777777777778,0.75,0.625,1.0709452629089355,33,10,7,9,8,32,10,14,9,23,9,12,16,1.0,1.0,1.0,1.0,1.0,1.0,1.0,1.0,1.0,1.0,1.0,1.0,1.0,0.0038778360467404127,51,14,14,18,7,49,18,14,19,35,16,9,32
713,0.7575757575757576,0.9,1.0,0.6666666666666666,1.0,0.78125,0.9,0.7142857142857143,0.6666666666666666,0.782608695652174,0.7777777777777778,0.75,0.625,1.0718138217926025,33,10,7,9,8,32,10,14,9,23,9,12,16,1.0,1.0,1.0,1.0,1.0,1.0,1.0,1.0,1.0,1.0,1.0,1.0,1.0,0.0038587346207350492,51,14,14,18,7,49,18,14,19,35,16,9,32
714,0.7575757575757576,0.9,1.0,0.6666666666666666,1.0,0.78125,0.9,0.7142857142857143,0.6666666666666666,0.782608695652174,0.7777777777777778,0.75,0.625,1.0726815462112427,33,10,7,9,8,32,10,14,9,23,9,12,16,1.0,1.0,1.0,1.0,1.0,1.0,1.0,1.0,1.0,1.0,1.0,1.0,1.0,0.0038395957089960575,51,14,14,18,7,49,18,14,19,35,16,9,32
715,0.7575757575757576,0.9,1.0,0.6666666666666666,1.0,0.78125,0.9,0.7142857142857143,0.6666666666666666,0.782608695652174,0.7777777777777778,0.75,0.625,1.0735481977462769,33,10,7,9,8,32,10,14,9,23,9,12,16,1.0,1.0,1.0,1.0,1.0,1.0,1.0,1.0,1.0,1.0,1.0,1.0,1.0,0.0038207746110856533,51,14,14,18,7,49,18,14,19,35,16,9,32
716,0.7575757575757576,0.9,1.0,0.6666666666666666,1.0,0.78125,0.9,0.7142857142857143,0.6666666666666666,0.782608695652174,0.7777777777777778,0.75,0.625,1.0744102001190186,33,10,7,9,8,32,10,14,9,23,9,12,16,1.0,1.0,1.0,1.0,1.0,1.0,1.0,1.0,1.0,1.0,1.0,1.0,1.0,0.0038020750507712364,51,14,14,18,7,49,18,14,19,35,16,9,32
717,0.7575757575757576,0.9,1.0,0.6666666666666666,1.0,0.78125,0.9,0.7142857142857143,0.6666666666666666,0.782608695652174,0.7777777777777778,0.75,0.625,1.0752633810043335,33,10,7,9,8,32,10,14,9,23,9,12,16,1.0,1.0,1.0,1.0,1.0,1.0,1.0,1.0,1.0,1.0,1.0,1.0,1.0,0.0037833943497389555,51,14,14,18,7,49,18,14,19,35,16,9,32
718,0.7575757575757576,0.9,1.0,0.6666666666666666,1.0,0.78125,0.9,0.7142857142857143,0.6666666666666666,0.782608695652174,0.7777777777777778,0.75,0.625,1.0761114358901978,33,10,7,9,8,32,10,14,9,23,9,12,16,1.0,1.0,1.0,1.0,1.0,1.0,1.0,1.0,1.0,1.0,1.0,1.0,1.0,0.0037649471778422594,51,14,14,18,7,49,18,14,19,35,16,9,32
719,0.7575757575757576,0.9,1.0,0.6666666666666666,1.0,0.78125,0.9,0.7142857142857143,0.6666666666666666,0.782608695652174,0.7777777777777778,0.75,0.625,1.0769623517990112,33,10,7,9,8,32,10,14,9,23,9,12,16,1.0,1.0,1.0,1.0,1.0,1.0,1.0,1.0,1.0,1.0,1.0,1.0,1.0,0.0037466592621058226,51,14,14,18,7,49,18,14,19,35,16,9,32
720,0.7575757575757576,0.9,1.0,0.6666666666666666,1.0,0.78125,0.9,0.7142857142857143,0.6666666666666666,0.782608695652174,0.7777777777777778,0.75,0.625,1.0778173208236694,33,10,7,9,8,32,10,14,9,23,9,12,16,1.0,1.0,1.0,1.0,1.0,1.0,1.0,1.0,1.0,1.0,1.0,1.0,1.0,0.003728455165401101,51,14,14,18,7,49,18,14,19,35,16,9,32
721,0.7575757575757576,0.9,1.0,0.6666666666666666,1.0,0.78125,0.9,0.7142857142857143,0.6666666666666666,0.782608695652174,0.7777777777777778,0.75,0.625,1.0786746740341187,33,10,7,9,8,32,10,14,9,23,9,12,16,1.0,1.0,1.0,1.0,1.0,1.0,1.0,1.0,1.0,1.0,1.0,1.0,1.0,0.003710419638082385,51,14,14,18,7,49,18,14,19,35,16,9,32
722,0.7575757575757576,0.9,1.0,0.6666666666666666,1.0,0.78125,0.9,0.7142857142857143,0.6666666666666666,0.782608695652174,0.7777777777777778,0.75,0.625,1.0795282125473022,33,10,7,9,8,32,10,14,9,23,9,12,16,1.0,1.0,1.0,1.0,1.0,1.0,1.0,1.0,1.0,1.0,1.0,1.0,1.0,0.0036924961023032665,51,14,14,18,7,49,18,14,19,35,16,9,32
723,0.7575757575757576,0.9,1.0,0.6666666666666666,1.0,0.78125,0.9,0.7142857142857143,0.6666666666666666,0.782608695652174,0.7777777777777778,0.75,0.625,1.0803710222244263,33,10,7,9,8,32,10,14,9,23,9,12,16,1.0,1.0,1.0,1.0,1.0,1.0,1.0,1.0,1.0,1.0,1.0,1.0,1.0,0.003674666164442897,51,14,14,18,7,49,18,14,19,35,16,9,32
724,0.7575757575757576,0.9,1.0,0.6666666666666666,1.0,0.78125,0.9,0.7142857142857143,0.6666666666666666,0.782608695652174,0.7777777777777778,0.75,0.625,1.0812066793441772,33,10,7,9,8,32,10,14,9,23,9,12,16,1.0,1.0,1.0,1.0,1.0,1.0,1.0,1.0,1.0,1.0,1.0,1.0,1.0,0.0036569295916706324,51,14,14,18,7,49,18,14,19,35,16,9,32
725,0.7575757575757576,0.9,1.0,0.6666666666666666,1.0,0.78125,0.9,0.7142857142857143,0.6666666666666666,0.782608695652174,0.7777777777777778,0.75,0.625,1.0820428133010864,33,10,7,9,8,32,10,14,9,23,9,12,16,1.0,1.0,1.0,1.0,1.0,1.0,1.0,1.0,1.0,1.0,1.0,1.0,1.0,0.003639324102550745,51,14,14,18,7,49,18,14,19,35,16,9,32
726,0.7575757575757576,0.9,1.0,0.6666666666666666,1.0,0.78125,0.9,0.7142857142857143,0.6666666666666666,0.782608695652174,0.7777777777777778,0.75,0.625,1.082880973815918,33,10,7,9,8,32,10,14,9,23,9,12,16,1.0,1.0,1.0,1.0,1.0,1.0,1.0,1.0,1.0,1.0,1.0,1.0,1.0,0.003621924202889204,51,14,14,18,7,49,18,14,19,35,16,9,32
727,0.7575757575757576,0.9,1.0,0.6666666666666666,1.0,0.78125,0.9,0.7142857142857143,0.6666666666666666,0.782608695652174,0.7777777777777778,0.75,0.625,1.0837236642837524,33,10,7,9,8,32,10,14,9,23,9,12,16,1.0,1.0,1.0,1.0,1.0,1.0,1.0,1.0,1.0,1.0,1.0,1.0,1.0,0.003604627214372158,51,14,14,18,7,49,18,14,19,35,16,9,32
728,0.7575757575757576,0.9,1.0,0.6666666666666666,1.0,0.78125,0.9,0.7142857142857143,0.6666666666666666,0.782608695652174,0.7777777777777778,0.75,0.625,1.0845707654953003,33,10,7,9,8,32,10,14,9,23,9,12,16,1.0,1.0,1.0,1.0,1.0,1.0,1.0,1.0,1.0,1.0,1.0,1.0,1.0,0.003587563754990697,51,14,14,18,7,49,18,14,19,35,16,9,32
729,0.7575757575757576,0.9,1.0,0.6666666666666666,1.0,0.78125,0.9,0.7142857142857143,0.6666666666666666,0.782608695652174,0.7777777777777778,0.75,0.625,1.0854103565216064,33,10,7,9,8,32,10,14,9,23,9,12,16,1.0,1.0,1.0,1.0,1.0,1.0,1.0,1.0,1.0,1.0,1.0,1.0,1.0,0.0035703883040696383,51,14,14,18,7,49,18,14,19,35,16,9,32
730,0.7575757575757576,0.9,1.0,0.6666666666666666,1.0,0.78125,0.9,0.7142857142857143,0.6666666666666666,0.782608695652174,0.7777777777777778,0.75,0.625,1.086239218711853,33,10,7,9,8,32,10,14,9,23,9,12,16,1.0,1.0,1.0,1.0,1.0,1.0,1.0,1.0,1.0,1.0,1.0,1.0,1.0,0.00355340912938118,51,14,14,18,7,49,18,14,19,35,16,9,32
731,0.7575757575757576,0.9,1.0,0.6666666666666666,1.0,0.78125,0.9,0.7142857142857143,0.6666666666666666,0.782608695652174,0.7777777777777778,0.75,0.625,1.0870612859725952,33,10,7,9,8,32,10,14,9,23,9,12,16,1.0,1.0,1.0,1.0,1.0,1.0,1.0,1.0,1.0,1.0,1.0,1.0,1.0,0.0035366450902074575,51,14,14,18,7,49,18,14,19,35,16,9,32
732,0.7575757575757576,0.9,1.0,0.6666666666666666,1.0,0.78125,0.9,0.7142857142857143,0.6666666666666666,0.782608695652174,0.7777777777777778,0.75,0.625,1.0878874063491821,33,10,7,9,8,32,10,14,9,23,9,12,16,1.0,1.0,1.0,1.0,1.0,1.0,1.0,1.0,1.0,1.0,1.0,1.0,1.0,0.003519946476444602,51,14,14,18,7,49,18,14,19,35,16,9,32
733,0.7575757575757576,0.9,1.0,0.6666666666666666,1.0,0.78125,0.9,0.7142857142857143,0.6666666666666666,0.782608695652174,0.7777777777777778,0.75,0.625,1.0887222290039062,33,10,7,9,8,32,10,14,9,23,9,12,16,1.0,1.0,1.0,1.0,1.0,1.0,1.0,1.0,1.0,1.0,1.0,1.0,1.0,0.003503472311422229,51,14,14,18,7,49,18,14,19,35,16,9,32
734,0.7575757575757576,0.9,1.0,0.6666666666666666,1.0,0.78125,0.9,0.7142857142857143,0.6666666666666666,0.782608695652174,0.7777777777777778,0.75,0.625,1.0895572900772095,33,10,7,9,8,32,10,14,9,23,9,12,16,1.0,1.0,1.0,1.0,1.0,1.0,1.0,1.0,1.0,1.0,1.0,1.0,1.0,0.0034869792871177197,51,14,14,18,7,49,18,14,19,35,16,9,32
735,0.7575757575757576,0.9,1.0,0.6666666666666666,1.0,0.78125,0.9,0.7142857142857143,0.6666666666666666,0.782608695652174,0.7777777777777778,0.75,0.625,1.0903849601745605,33,10,7,9,8,32,10,14,9,23,9,12,16,1.0,1.0,1.0,1.0,1.0,1.0,1.0,1.0,1.0,1.0,1.0,1.0,1.0,0.0034705891739577055,51,14,14,18,7,49,18,14,19,35,16,9,32
736,0.7575757575757576,0.9,1.0,0.6666666666666666,1.0,0.78125,0.9,0.7142857142857143,0.6666666666666666,0.782608695652174,0.7777777777777778,0.75,0.625,1.0912045240402222,33,10,7,9,8,32,10,14,9,23,9,12,16,1.0,1.0,1.0,1.0,1.0,1.0,1.0,1.0,1.0,1.0,1.0,1.0,1.0,0.0034543767105787992,51,14,14,18,7,49,18,14,19,35,16,9,32
737,0.7575757575757576,0.9,1.0,0.6666666666666666,1.0,0.78125,0.9,0.7142857142857143,0.6666666666666666,0.782608695652174,0.7777777777777778,0.75,0.625,1.092018485069275,33,10,7,9,8,32,10,14,9,23,9,12,16,1.0,1.0,1.0,1.0,1.0,1.0,1.0,1.0,1.0,1.0,1.0,1.0,1.0,0.0034383325837552547,51,14,14,18,7,49,18,14,19,35,16,9,32
738,0.7575757575757576,0.9,1.0,0.6666666666666666,1.0,0.78125,0.9,0.7142857142857143,0.6666666666666666,0.782608695652174,0.7777777777777778,0.75,0.625,1.0928291082382202,33,10,7,9,8,32,10,14,9,23,9,12,16,1.0,1.0,1.0,1.0,1.0,1.0,1.0,1.0,1.0,1.0,1.0,1.0,1.0,0.0034221855457872152,51,14,14,18,7,49,18,14,19,35,16,9,32
739,0.7575757575757576,0.9,1.0,0.6666666666666666,1.0,0.78125,0.9,0.7142857142857143,0.6666666666666666,0.782608695652174,0.7777777777777778,0.75,0.625,1.0936424732208252,33,10,7,9,8,32,10,14,9,23,9,12,16,1.0,1.0,1.0,1.0,1.0,1.0,1.0,1.0,1.0,1.0,1.0,1.0,1.0,0.003406309522688389,51,14,14,18,7,49,18,14,19,35,16,9,32
740,0.7575757575757576,0.9,1.0,0.6666666666666666,1.0,0.78125,0.9,0.7142857142857143,0.6666666666666666,0.782608695652174,0.7777777777777778,0.75,0.625,1.0944632291793823,33,10,7,9,8,32,10,14,9,23,9,12,16,1.0,1.0,1.0,1.0,1.0,1.0,1.0,1.0,1.0,1.0,1.0,1.0,1.0,0.0033906300086528063,51,14,14,18,7,49,18,14,19,35,16,9,32
741,0.7575757575757576,0.9,1.0,0.6666666666666666,1.0,0.78125,0.9,0.7142857142857143,0.6666666666666666,0.782608695652174,0.7777777777777778,0.75,0.625,1.0952895879745483,33,10,7,9,8,32,10,14,9,23,9,12,16,1.0,1.0,1.0,1.0,1.0,1.0,1.0,1.0,1.0,1.0,1.0,1.0,1.0,0.0033749411813914776,51,14,14,18,7,49,18,14,19,35,16,9,32
742,0.7575757575757576,0.9,1.0,0.6666666666666666,1.0,0.78125,0.9,0.7142857142857143,0.6666666666666666,0.782608695652174,0.7777777777777778,0.75,0.625,1.096111536026001,33,10,7,9,8,32,10,14,9,23,9,12,16,1.0,1.0,1.0,1.0,1.0,1.0,1.0,1.0,1.0,1.0,1.0,1.0,1.0,0.0033594768028706312,51,14,14,18,7,49,18,14,19,35,16,9,32
743,0.7575757575757576,0.9,1.0,0.6666666666666666,1.0,0.78125,0.9,0.7142857142857143,0.6666666666666666,0.782608695652174,0.7777777777777778,0.75,0.625,1.0969221591949463,33,10,7,9,8,32,10,14,9,23,9,12,16,1.0,1.0,1.0,1.0,1.0,1.0,1.0,1.0,1.0,1.0,1.0,1.0,1.0,0.003344031050801277,51,14,14,18,7,49,18,14,19,35,16,9,32
744,0.7575757575757576,0.9,1.0,0.6666666666666666,1.0,0.78125,0.9,0.7142857142857143,0.6666666666666666,0.782608695652174,0.7777777777777778,0.75,0.625,1.0977221727371216,33,10,7,9,8,32,10,14,9,23,9,12,16,1.0,1.0,1.0,1.0,1.0,1.0,1.0,1.0,1.0,1.0,1.0,1.0,1.0,0.0033286225516349077,51,14,14,18,7,49,18,14,19,35,16,9,32
745,0.7575757575757576,0.9,1.0,0.6666666666666666,1.0,0.78125,0.9,0.7142857142857143,0.6666666666666666,0.782608695652174,0.7777777777777778,0.75,0.625,1.0985199213027954,33,10,7,9,8,32,10,14,9,23,9,12,16,1.0,1.0,1.0,1.0,1.0,1.0,1.0,1.0,1.0,1.0,1.0,1.0,1.0,0.0033134291879832745,51,14,14,18,7,49,18,14,19,35,16,9,32
746,0.7575757575757576,0.9,1.0,0.6666666666666666,1.0,0.78125,0.9,0.7142857142857143,0.6666666666666666,0.782608695652174,0.7777777777777778,0.75,0.625,1.0993220806121826,33,10,7,9,8,32,10,14,9,23,9,12,16,1.0,1.0,1.0,1.0,1.0,1.0,1.0,1.0,1.0,1.0,1.0,1.0,1.0,0.003298254683613777,51,14,14,18,7,49,18,14,19,35,16,9,32
747,0.7575757575757576,0.9,1.0,0.6666666666666666,1.0,0.78125,0.9,0.7142857142857143,0.6666666666666666,0.782608695652174,0.7777777777777778,0.75,0.625,1.1001331806182861,33,10,7,9,8,32,10,14,9,23,9,12,16,1.0,1.0,1.0,1.0,1.0,1.0,1.0,1.0,1.0,1.0,1.0,1.0,1.0,0.0032832762226462364,51,14,14,18,7,49,18,14,19,35,16,9,32
748,0.7575757575757576,0.9,1.0,0.6666666666666666,1.0,0.78125,0.9,0.7142857142857143,0.6666666666666666,0.782608695652174,0.7777777777777778,0.75,0.625,1.1009502410888672,33,10,7,9,8,32,10,14,9,23,9,12,16,1.0,1.0,1.0,1.0,1.0,1.0,1.0,1.0,1.0,1.0,1.0,1.0,1.0,0.0032684942707419395,51,14,14,18,7,49,18,14,19,35,16,9,32
749,0.7575757575757576,0.9,1.0,0.6666666666666666,1.0,0.78125,0.9,0.7142857142857143,0.6666666666666666,0.782608695652174,0.7777777777777778,0.75,0.625,1.1017566919326782,33,10,7,9,8,32,10,14,9,23,9,12,16,1.0,1.0,1.0,1.0,1.0,1.0,1.0,1.0,1.0,1.0,1.0,1.0,1.0,0.0032534878700971603,51,14,14,18,7,49,18,14,19,35,16,9,32
750,0.7575757575757576,0.9,1.0,0.6666666666666666,1.0,0.78125,0.9,0.7142857142857143,0.6666666666666666,0.782608695652174,0.7777777777777778,0.75,0.625,1.1025495529174805,33,10,7,9,8,32,10,14,9,23,9,12,16,1.0,1.0,1.0,1.0,1.0,1.0,1.0,1.0,1.0,1.0,1.0,1.0,1.0,0.0032388088293373585,51,14,14,18,7,49,18,14,19,35,16,9,32
751,0.7575757575757576,0.9,1.0,0.6666666666666666,1.0,0.78125,0.9,0.7142857142857143,0.6666666666666666,0.782608695652174,0.7777777777777778,0.75,0.625,1.103339672088623,33,10,7,9,8,32,10,14,9,23,9,12,16,1.0,1.0,1.0,1.0,1.0,1.0,1.0,1.0,1.0,1.0,1.0,1.0,1.0,0.003224251326173544,51,14,14,18,7,49,18,14,19,35,16,9,32
752,0.7575757575757576,0.9,1.0,0.6666666666666666,1.0,0.78125,0.9,0.7142857142857143,0.6666666666666666,0.782608695652174,0.7777777777777778,0.75,0.625,1.1041336059570312,33,10,7,9,8,32,10,14,9,23,9,12,16,1.0,1.0,1.0,1.0,1.0,1.0,1.0,1.0,1.0,1.0,1.0,1.0,1.0,0.003209759248420596,51,14,14,18,7,49,18,14,19,35,16,9,32
753,0.7575757575757576,0.9,1.0,0.6666666666666666,1.0,0.78125,0.9,0.7142857142857143,0.6666666666666666,0.782608695652174,0.7777777777777778,0.75,0.625,1.1049295663833618,33,10,7,9,8,32,10,14,9,23,9,12,16,1.0,1.0,1.0,1.0,1.0,1.0,1.0,1.0,1.0,1.0,1.0,1.0,1.0,0.003195304423570633,51,14,14,18,7,49,18,14,19,35,16,9,32
754,0.7575757575757576,0.9,1.0,0.6666666666666666,1.0,0.78125,0.9,0.7142857142857143,0.6666666666666666,0.782608695652174,0.7777777777777778,0.75,0.625,1.1057274341583252,33,10,7,9,8,32,10,14,9,23,9,12,16,1.0,1.0,1.0,1.0,1.0,1.0,1.0,1.0,1.0,1.0,1.0,1.0,1.0,0.003181018168106675,51,14,14,18,7,49,18,14,19,35,16,9,32
755,0.7575757575757576,0.9,1.0,0.6666666666666666,1.0,0.78125,0.9,0.7142857142857143,0.6666666666666666,0.782608695652174,0.7777777777777778,0.75,0.625,1.1065208911895752,33,10,7,9,8,32,10,14,9,23,9,12,16,1.0,1.0,1.0,1.0,1.0,1.0,1.0,1.0,1.0,1.0,1.0,1.0,1.0,0.003166778478771448,51,14,14,18,7,49,18,14,19,35,16,9,32
756,0.7575757575757576,0.9,1.0,0.6666666666666666,1.0,0.78125,0.9,0.7142857142857143,0.6666666666666666,0.782608695652174,0.7777777777777778,0.75,0.625,1.1073085069656372,33,10,7,9,8,32,10,14,9,23,9,12,16,1.0,1.0,1.0,1.0,1.0,1.0,1.0,1.0,1.0,1.0,1.0,1.0,1.0,0.0031525481026619673,51,14,14,18,7,49,18,14,19,35,16,9,32
757,0.7575757575757576,0.9,1.0,0.6666666666666666,1.0,0.78125,0.9,0.7142857142857143,0.6666666666666666,0.782608695652174,0.7777777777777778,0.75,0.625,1.10809326171875,33,10,7,9,8,32,10,14,9,23,9,12,16,1.0,1.0,1.0,1.0,1.0,1.0,1.0,1.0,1.0,1.0,1.0,1.0,1.0,0.0031385235488414764,51,14,14,18,7,49,18,14,19,35,16,9,32
758,0.7575757575757576,0.9,1.0,0.6666666666666666,1.0,0.78125,0.9,0.7142857142857143,0.6666666666666666,0.782608695652174,0.7777777777777778,0.75,0.625,1.1088775396347046,33,10,7,9,8,32,10,14,9,23,9,12,16,1.0,1.0,1.0,1.0,1.0,1.0,1.0,1.0,1.0,1.0,1.0,1.0,1.0,0.0031246391590684652,51,14,14,18,7,49,18,14,19,35,16,9,32
759,0.7575757575757576,0.9,1.0,0.6666666666666666,1.0,0.78125,0.9,0.7142857142857143,0.6666666666666666,0.782608695652174,0.7777777777777778,0.75,0.625,1.1096611022949219,33,10,7,9,8,32,10,14,9,23,9,12,16,1.0,1.0,1.0,1.0,1.0,1.0,1.0,1.0,1.0,1.0,1.0,1.0,1.0,0.003110735910013318,51,14,14,18,7,49,18,14,19,35,16,9,32
760,0.7575757575757576,0.9,1.0,0.6666666666666666,1.0,0.78125,0.9,0.7142857142857143,0.6666666666666666,0.782608695652174,0.7777777777777778,0.75,0.625,1.110446810722351,33,10,7,9,8,32,10,14,9,23,9,12,16,1.0,1.0,1.0,1.0,1.0,1.0,1.0,1.0,1.0,1.0,1.0,1.0,1.0,0.0030970294028520584,51,14,14,18,7,49,18,14,19,35,16,9,32
761,0.7575757575757576,0.9,1.0,0.6666666666666666,1.0,0.78125,0.9,0.7142857142857143,0.6666666666666666,0.782608695652174,0.7777777777777778,0.75,0.625,1.1112335920333862,33,10,7,9,8,32,10,14,9,23,9,12,16,1.0,1.0,1.0,1.0,1.0,1.0,1.0,1.0,1.0,1.0,1.0,1.0,1.0,0.003083397401496768,51,14,14,18,7,49,18,14,19,35,16,9,32
762,0.7575757575757576,0.9,1.0,0.6666666666666666,1.0,0.78125,0.9,0.7142857142857143,0.6666666666666666,0.782608695652174,0.7777777777777778,0.75,0.625,1.1120164394378662,33,10,7,9,8,32,10,14,9,23,9,12,16,1.0,1.0,1.0,1.0,1.0,1.0,1.0,1.0,1.0,1.0,1.0,1.0,1.0,0.003069812199100852,51,14,14,18,7,49,18,14,19,35,16,9,32
763,0.7575757575757576,0.9,1.0,0.6666666666666666,1.0,0.78125,0.9,0.7142857142857143,0.6666666666666666,0.782608695652174,0.7777777777777778,0.75,0.625,1.1127958297729492,33,10,7,9,8,32,10,14,9,23,9,12,16,1.0,1.0,1.0,1.0,1.0,1.0,1.0,1.0,1.0,1.0,1.0,1.0,1.0,0.00305641395971179,51,14,14,18,7,49,18,14,19,35,16,9,32
764,0.7575757575757576,0.9,1.0,0.6666666666666666,1.0,0.78125,0.9,0.7142857142857143,0.6666666666666666,0.782608695652174,0.7777777777777778,0.75,0.625,1.1135737895965576,33,10,7,9,8,32,10,14,9,23,9,12,16,1.0,1.0,1.0,1.0,1.0,1.0,1.0,1.0,1.0,1.0,1.0,1.0,1.0,0.0030430438928306103,51,14,14,18,7,49,18,14,19,35,16,9,32
765,0.7575757575757576,0.9,1.0,0.6666666666666666,1.0,0.78125,0.9,0.7142857142857143,0.6666666666666666,0.782608695652174,0.7777777777777778,0.75,0.625,1.114347219467163,33,10,7,9,8,32,10,14,9,23,9,12,16,1.0,1.0,1.0,1.0,1.0,1.0,1.0,1.0,1.0,1.0,1.0,1.0,1.0,0.0030296831391751766,51,14,14,18,7,49,18,14,19,35,16,9,32
766,0.7575757575757576,0.9,1.0,0.6666666666666666,1.0,0.78125,0.9,0.7142857142857143,0.6666666666666666,0.782608695652174,0.7777777777777778,0.75,0.625,1.1151123046875,33,10,7,9,8,32,10,14,9,23,9,12,16,1.0,1.0,1.0,1.0,1.0,1.0,1.0,1.0,1.0,1.0,1.0,1.0,1.0,0.0030162755865603685,51,14,14,18,7,49,18,14,19,35,16,9,32
767,0.7575757575757576,0.9,1.0,0.6666666666666666,1.0,0.78125,0.9,0.7142857142857143,0.6666666666666666,0.782608695652174,0.7777777777777778,0.75,0.625,1.1158764362335205,33,10,7,9,8,32,10,14,9,23,9,12,16,1.0,1.0,1.0,1.0,1.0,1.0,1.0,1.0,1.0,1.0,1.0,1.0,1.0,0.0030032233335077763,51,14,14,18,7,49,18,14,19,35,16,9,32
768,0.7575757575757576,0.9,1.0,0.6666666666666666,1.0,0.78125,0.9,0.7142857142857143,0.6666666666666666,0.782608695652174,0.7777777777777778,0.75,0.625,1.1166465282440186,33,10,7,9,8,32,10,14,9,23,9,12,16,1.0,1.0,1.0,1.0,1.0,1.0,1.0,1.0,1.0,1.0,1.0,1.0,1.0,0.002990171080455184,51,14,14,18,7,49,18,14,19,35,16,9,32
769,0.7575757575757576,0.9,1.0,0.6666666666666666,1.0,0.78125,0.9,0.7142857142857143,0.6666666666666666,0.782608695652174,0.7777777777777778,0.75,0.625,1.117427110671997,33,10,7,9,8,32,10,14,9,23,9,12,16,1.0,1.0,1.0,1.0,1.0,1.0,1.0,1.0,1.0,1.0,1.0,1.0,1.0,0.0029772871639579535,51,14,14,18,7,49,18,14,19,35,16,9,32
770,0.7575757575757576,0.9,1.0,0.6666666666666666,1.0,0.78125,0.9,0.7142857142857143,0.6666666666666666,0.782608695652174,0.7777777777777778,0.75,0.625,1.1182063817977905,33,10,7,9,8,32,10,14,9,23,9,12,16,1.0,1.0,1.0,1.0,1.0,1.0,1.0,1.0,1.0,1.0,1.0,1.0,1.0,0.0029643375892192125,51,14,14,18,7,49,18,14,19,35,16,9,32
771,0.7575757575757576,0.9,1.0,0.6666666666666666,1.0,0.78125,0.9,0.7142857142857143,0.6666666666666666,0.782608695652174,0.7777777777777778,0.75,0.625,1.1189777851104736,33,10,7,9,8,32,10,14,9,23,9,12,16,1.0,1.0,1.0,1.0,1.0,1.0,1.0,1.0,1.0,1.0,1.0,1.0,1.0,0.002951649948954582,51,14,14,18,7,49,18,14,19,35,16,9,32
772,0.7575757575757576,0.9,1.0,0.6666666666666666,1.0,0.78125,0.9,0.7142857142857143,0.6666666666666666,0.782608695652174,0.7777777777777778,0.75,0.625,1.119737148284912,33,10,7,9,8,32,10,14,9,23,9,12,16,1.0,1.0,1.0,1.0,1.0,1.0,1.0,1.0,1.0,1.0,1.0,1.0,1.0,0.002938812831416726,51,14,14,18,7,49,18,14,19,35,16,9,32
773,0.7575757575757576,0.9,1.0,0.6666666666666666,1.0,0.78125,0.9,0.7142857142857143,0.6666666666666666,0.782608695652174,0.7777777777777778,0.75,0.625,1.1204917430877686,33,10,7,9,8,32,10,14,9,23,9,12,16,1.0,1.0,1.0,1.0,1.0,1.0,1.0,1.0,1.0,1.0,1.0,1.0,1.0,0.002926265588030219,51,14,14,18,7,49,18,14,19,35,16,9,32
774,0.7575757575757576,0.9,1.0,0.6666666666666666,1.0,0.78125,0.9,0.7142857142857143,0.6666666666666666,0.782608695652174,0.7777777777777778,0.75,0.625,1.1212486028671265,33,10,7,9,8,32,10,14,9,23,9,12,16,1.0,1.0,1.0,1.0,1.0,1.0,1.0,1.0,1.0,1.0,1.0,1.0,1.0,0.0029137367382645607,51,14,14,18,7,49,18,14,19,35,16,9,32
775,0.7575757575757576,0.9,1.0,0.6666666666666666,1.0,0.78125,0.9,0.7142857142857143,0.6666666666666666,0.782608695652174,0.7777777777777778,0.75,0.625,1.122011423110962,33,10,7,9,8,32,10,14,9,23,9,12,16,1.0,1.0,1.0,1.0,1.0,1.0,1.0,1.0,1.0,1.0,1.0,1.0,1.0,0.002901236293837428,51,14,14,18,7,49,18,14,19,35,16,9,32
776,0.7575757575757576,0.9,1.0,0.6666666666666666,1.0,0.78125,0.9,0.7142857142857143,0.6666666666666666,0.782608695652174,0.7777777777777778,0.75,0.625,1.122775912284851,33,10,7,9,8,32,10,14,9,23,9,12,16,1.0,1.0,1.0,1.0,1.0,1.0,1.0,1.0,1.0,1.0,1.0,1.0,1.0,0.002888744929805398,51,14,14,18,7,49,18,14,19,35,16,9,32
777,0.7575757575757576,0.9,1.0,0.6666666666666666,1.0,0.78125,0.9,0.7142857142857143,0.6666666666666666,0.782608695652174,0.7777777777777778,0.75,0.625,1.123538851737976,33,10,7,9,8,32,10,14,9,23,9,12,16,1.0,1.0,1.0,1.0,1.0,1.0,1.0,1.0,1.0,1.0,1.0,1.0,1.0,0.0028765155002474785,51,14,14,18,7,49,18,14,19,35,16,9,32
778,0.7575757575757576,0.9,1.0,0.6666666666666666,1.0,0.78125,0.9,0.7142857142857143,0.6666666666666666,0.782608695652174,0.7777777777777778,0.75,0.625,1.1243011951446533,33,10,7,9,8,32,10,14,9,23,9,12,16,1.0,1.0,1.0,1.0,1.0,1.0,1.0,1.0,1.0,1.0,1.0,1.0,1.0,0.0028643514961004257,51,14,14,18,7,49,18,14,19,35,16,9,32
779,0.7575757575757576,0.9,1.0,0.6666666666666666,1.0,0.78125,0.9,0.7142857142857143,0.6666666666666666,0.782608695652174,0.7777777777777778,0.75,0.625,1.1250563859939575,33,10,7,9,8,32,10,14,9,23,9,12,16,1.0,1.0,1.0,1.0,1.0,1.0,1.0,1.0,1.0,1.0,1.0,1.0,1.0,0.0028522154316306114,51,14,14,18,7,49,18,14,19,35,16,9,32
780,0.7575757575757576,0.9,1.0,0.6666666666666666,1.0,0.78125,0.9,0.7142857142857143,0.6666666666666666,0.782608695652174,0.7777777777777778,0.75,0.625,1.125807762145996,33,10,7,9,8,32,10,14,9,23,9,12,16,1.0,1.0,1.0,1.0,1.0,1.0,1.0,1.0,1.0,1.0,1.0,1.0,1.0,0.002840182278305292,51,14,14,18,7,49,18,14,19,35,16,9,32
781,0.7575757575757576,0.9,1.0,0.6666666666666666,1.0,0.78125,0.9,0.7142857142857143,0.6666666666666666,0.782608695652174,0.7777777777777778,0.75,0.625,1.1265583038330078,33,10,7,9,8,32,10,14,9,23,9,12,16,1.0,1.0,1.0,1.0,1.0,1.0,1.0,1.0,1.0,1.0,1.0,1.0,1.0,0.0028281959239393473,51,14,14,18,7,49,18,14,19,35,16,9,32
782,0.7575757575757576,0.9,1.0,0.6666666666666666,1.0,0.78125,0.9,0.7142857142857143,0.6666666666666666,0.782608695652174,0.7777777777777778,0.75,0.625,1.1273109912872314,33,10,7,9,8,32,10,14,9,23,9,12,16,1.0,1.0,1.0,1.0,1.0,1.0,1.0,1.0,1.0,1.0,1.0,1.0,1.0,0.002816293854266405,51,14,14,18,7,49,18,14,19,35,16,9,32
783,0.7575757575757576,0.9,1.0,0.6666666666666666,1.0,0.78125,0.9,0.7142857142857143,0.6666666666666666,0.782608695652174,0.7777777777777778,0.75,0.625,1.1280614137649536,33,10,7,9,8,32,10,14,9,23,9,12,16,1.0,1.0,1.0,1.0,1.0,1.0,1.0,1.0,1.0,1.0,1.0,1.0,1.0,0.0028043354395776987,51,14,14,18,7,49,18,14,19,35,16,9,32
784,0.7575757575757576,0.9,1.0,0.6666666666666666,1.0,0.78125,0.9,0.7142857142857143,0.6666666666666666,0.782608695652174,0.7777777777777778,0.75,0.625,1.128812313079834,33,10,7,9,8,32,10,14,9,23,9,12,16,1.0,1.0,1.0,1.0,1.0,1.0,1.0,1.0,1.0,1.0,1.0,1.0,1.0,0.0027926575858145952,51,14,14,18,7,49,18,14,19,35,16,9,32
785,0.7575757575757576,0.9,1.0,0.6666666666666666,1.0,0.78125,0.9,0.7142857142857143,0.6666666666666666,0.782608695652174,0.7777777777777778,0.75,0.625,1.1295628547668457,33,10,7,9,8,32,10,14,9,23,9,12,16,1.0,1.0,1.0,1.0,1.0,1.0,1.0,1.0,1.0,1.0,1.0,1.0,1.0,0.002781007904559374,51,14,14,18,7,49,18,14,19,35,16,9,32
786,0.7575757575757576,0.9,1.0,0.6666666666666666,1.0,0.78125,0.9,0.7142857142857143,0.6666666666666666,0.782608695652174,0.7777777777777778,0.75,0.625,1.1303069591522217,33,10,7,9,8,32,10,14,9,23,9,12,16,1.0,1.0,1.0,1.0,1.0,1.0,1.0,1.0,1.0,1.0,1.0,1.0,1.0,0.0027692646253854036,51,14,14,18,7,49,18,14,19,35,16,9,32
787,0.7575757575757576,0.9,1.0,0.6666666666666666,1.0,0.78125,0.9,0.7142857142857143,0.6666666666666666,0.782608695652174,0.7777777777777778,0.75,0.625,1.1310484409332275,33,10,7,9,8,32,10,14,9,23,9,12,16,1.0,1.0,1.0,1.0,1.0,1.0,1.0,1.0,1.0,1.0,1.0,1.0,1.0,0.002757848473265767,51,14,14,18,7,49,18,14,19,35,16,9,32
788,0.7575757575757576,0.9,1.0,0.6666666666666666,1.0,0.78125,0.9,0.7142857142857143,0.6666666666666666,0.782608695652174,0.7777777777777778,0.75,0.625,1.1317867040634155,33,10,7,9,8,32,10,14,9,23,9,12,16,1.0,1.0,1.0,1.0,1.0,1.0,1.0,1.0,1.0,1.0,1.0,1.0,1.0,0.002746320329606533,51,14,14,18,7,49,18,14,19,35,16,9,32
789,0.7575757575757576,0.9,1.0,0.6666666666666666,1.0,0.78125,0.9,0.7142857142857143,0.6666666666666666,0.782608695652174,0.7777777777777778,0.75,0.625,1.1325260400772095,33,10,7,9,8,32,10,14,9,23,9,12,16,1.0,1.0,1.0,1.0,1.0,1.0,1.0,1.0,1.0,1.0,1.0,1.0,1.0,0.0027348948642611504,51,14,14,18,7,49,18,14,19,35,16,9,32
790,0.7575757575757576,0.9,1.0,0.6666666666666666,1.0,0.78125,0.9,0.7142857142857143,0.6666666666666666,0.782608695652174,0.7777777777777778,0.75,0.625,1.1332671642303467,33,10,7,9,8,32,10,14,9,23,9,12,16,1.0,1.0,1.0,1.0,1.0,1.0,1.0,1.0,1.0,1.0,1.0,1.0,1.0,0.0027235348243266344,51,14,14,18,7,49,18,14,19,35,16,9,32
791,0.7575757575757576,0.9,1.0,0.6666666666666666,1.0,0.78125,0.9,0.7142857142857143,0.6666666666666666,0.782608695652174,0.7777777777777778,0.75,0.625,1.1340123414993286,33,10,7,9,8,32,10,14,9,23,9,12,16,1.0,1.0,1.0,1.0,1.0,1.0,1.0,1.0,1.0,1.0,1.0,1.0,1.0,0.0027122965548187494,51,14,14,18,7,49,18,14,19,35,16,9,32
792,0.7575757575757576,0.9,1.0,0.6666666666666666,1.0,0.78125,0.9,0.7142857142857143,0.6666666666666666,0.782608695652174,0.7777777777777778,0.75,0.625,1.134759545326233,33,10,7,9,8,32,10,14,9,23,9,12,16,1.0,1.0,1.0,1.0,1.0,1.0,1.0,1.0,1.0,1.0,1.0,1.0,1.0,0.0027012077625840902,51,14,14,18,7,49,18,14,19,35,16,9,32
793,0.7575757575757576,0.9,1.0,0.6666666666666666,1.0,0.78125,0.9,0.7142857142857143,0.6666666666666666,0.782608695652174,0.7777777777777778,0.75,0.625,1.1354951858520508,33,10,7,9,8,32,10,14,9,23,9,12,16,1.0,1.0,1.0,1.0,1.0,1.0,1.0,1.0,1.0,1.0,1.0,1.0,1.0,0.0026898945216089487,51,14,14,18,7,49,18,14,19,35,16,9,32
794,0.7575757575757576,0.9,1.0,0.6666666666666666,1.0,0.78125,0.9,0.7142857142857143,0.6666666666666666,0.782608695652174,0.7777777777777778,0.75,0.625,1.1362229585647583,33,10,7,9,8,32,10,14,9,23,9,12,16,1.0,1.0,1.0,1.0,1.0,1.0,1.0,1.0,1.0,1.0,1.0,1.0,1.0,0.0026789552066475153,51,14,14,18,7,49,18,14,19,35,16,9,32
795,0.7575757575757576,0.9,1.0,0.6666666666666666,1.0,0.78125,0.9,0.7142857142857143,0.6666666666666666,0.782608695652174,0.7777777777777778,0.75,0.625,1.1369481086730957,33,10,7,9,8,32,10,14,9,23,9,12,16,1.0,1.0,1.0,1.0,1.0,1.0,1.0,1.0,1.0,1.0,1.0,1.0,1.0,0.002668053610250354,51,14,14,18,7,49,18,14,19,35,16,9,32
796,0.7575757575757576,0.9,1.0,0.6666666666666666,1.0,0.78125,0.9,0.7142857142857143,0.6666666666666666,0.782608695652174,0.7777777777777778,0.75,0.625,1.1376756429672241,33,10,7,9,8,32,10,14,9,23,9,12,16,1.0,1.0,1.0,1.0,1.0,1.0,1.0,1.0,1.0,1.0,1.0,1.0,1.0,0.002656992757692933,51,14,14,18,7,49,18,14,19,35,16,9,32
797,0.7575757575757576,0.9,1.0,0.6666666666666666,1.0,0.78125,0.9,0.7142857142857143,0.6666666666666666,0.782608695652174,0.7777777777777778,0.75,0.625,1.138406753540039,33,10,7,9,8,32,10,14,9,23,9,12,16,1.0,1.0,1.0,1.0,1.0,1.0,1.0,1.0,1.0,1.0,1.0,1.0,1.0,0.002646184526383877,51,14,14,18,7,49,18,14,19,35,16,9,32
798,0.7575757575757576,0.9,1.0,0.6666666666666666,1.0,0.78125,0.9,0.7142857142857143,0.6666666666666666,0.782608695652174,0.7777777777777778,0.75,0.625,1.1391440629959106,33,10,7,9,8,32,10,14,9,23,9,12,16,1.0,1.0,1.0,1.0,1.0,1.0,1.0,1.0,1.0,1.0,1.0,1.0,1.0,0.002635488286614418,51,14,14,18,7,49,18,14,19,35,16,9,32
799,0.7575757575757576,0.9,1.0,0.6666666666666666,1.0,0.78125,0.9,0.7142857142857143,0.6666666666666666,0.782608695652174,0.7777777777777778,0.75,0.625,1.1398805379867554,33,10,7,9,8,32,10,14,9,23,9,12,16,1.0,1.0,1.0,1.0,1.0,1.0,1.0,1.0,1.0,1.0,1.0,1.0,1.0,0.002624698681756854,51,14,14,18,7,49,18,14,19,35,16,9,32
800,0.7575757575757576,0.9,1.0,0.6666666666666666,1.0,0.78125,0.9,0.7142857142857143,0.6666666666666666,0.782608695652174,0.7777777777777778,0.75,0.625,1.1406068801879883,33,10,7,9,8,32,10,14,9,23,9,12,16,1.0,1.0,1.0,1.0,1.0,1.0,1.0,1.0,1.0,1.0,1.0,1.0,1.0,0.002614002674818039,51,14,14,18,7,49,18,14,19,35,16,9,32
801,0.7575757575757576,0.9,1.0,0.6666666666666666,1.0,0.78125,0.9,0.7142857142857143,0.6666666666666666,0.782608695652174,0.7777777777777778,0.75,0.625,1.1413275003433228,33,10,7,9,8,32,10,14,9,23,9,12,16,1.0,1.0,1.0,1.0,1.0,1.0,1.0,1.0,1.0,1.0,1.0,1.0,1.0,0.0026034279726445675,51,14,14,18,7,49,18,14,19,35,16,9,32
802,0.7575757575757576,0.9,1.0,0.6666666666666666,1.0,0.78125,0.9,0.7142857142857143,0.6666666666666666,0.782608695652174,0.7777777777777778,0.75,0.625,1.1420410871505737,33,10,7,9,8,32,10,14,9,23,9,12,16,1.0,1.0,1.0,1.0,1.0,1.0,1.0,1.0,1.0,1.0,1.0,1.0,1.0,0.0025928067043423653,51,14,14,18,7,49,18,14,19,35,16,9,32
803,0.7575757575757576,0.9,1.0,0.6666666666666666,1.0,0.78125,0.9,0.7142857142857143,0.6666666666666666,0.782608695652174,0.7777777777777778,0.75,0.625,1.14276123046875,33,10,7,9,8,32,10,14,9,23,9,12,16,1.0,1.0,1.0,1.0,1.0,1.0,1.0,1.0,1.0,1.0,1.0,1.0,1.0,0.0025825032498687506,51,14,14,18,7,49,18,14,19,35,16,9,32
804,0.7575757575757576,0.9,1.0,0.6666666666666666,1.0,0.78125,0.9,0.7142857142857143,0.6666666666666666,0.782608695652174,0.7777777777777778,0.75,0.625,1.1434874534606934,33,10,7,9,8,32,10,14,9,23,9,12,16,1.0,1.0,1.0,1.0,1.0,1.0,1.0,1.0,1.0,1.0,1.0,1.0,1.0,0.002572115743532777,51,14,14,18,7,49,18,14,19,35,16,9,32
805,0.7575757575757576,0.9,1.0,0.6666666666666666,1.0,0.78125,0.9,0.7142857142857143,0.6666666666666666,0.782608695652174,0.7777777777777778,0.75,0.625,1.1442149877548218,33,10,7,9,8,32,10,14,9,23,9,12,16,1.0,1.0,1.0,1.0,1.0,1.0,1.0,1.0,1.0,1.0,1.0,1.0,1.0,0.002561709377914667,51,14,14,18,7,49,18,14,19,35,16,9,32
806,0.7575757575757576,0.9,1.0,0.6666666666666666,1.0,0.78125,0.9,0.7142857142857143,0.6666666666666666,0.782608695652174,0.7777777777777778,0.75,0.625,1.1449401378631592,33,10,7,9,8,32,10,14,9,23,9,12,16,1.0,1.0,1.0,1.0,1.0,1.0,1.0,1.0,1.0,1.0,1.0,1.0,1.0,0.002551480894908309,51,14,14,18,7,49,18,14,19,35,16,9,32
807,0.7575757575757576,0.9,1.0,0.6666666666666666,1.0,0.78125,0.9,0.7142857142857143,0.6666666666666666,0.782608695652174,0.7777777777777778,0.75,0.625,1.14565908908844,33,10,7,9,8,32,10,14,9,23,9,12,16,1.0,1.0,1.0,1.0,1.0,1.0,1.0,1.0,1.0,1.0,1.0,1.0,1.0,0.002541242865845561,51,14,14,18,7,49,18,14,19,35,16,9,32
808,0.7575757575757576,0.9,1.0,0.6666666666666666,1.0,0.78125,0.9,0.7142857142857143,0.6666666666666666,0.782608695652174,0.7777777777777778,0.75,0.625,1.1463711261749268,33,10,7,9,8,32,10,14,9,23,9,12,16,1.0,1.0,1.0,1.0,1.0,1.0,1.0,1.0,1.0,1.0,1.0,1.0,1.0,0.0025311170611530542,51,14,14,18,7,49,18,14,19,35,16,9,32
809,0.7575757575757576,0.9,1.0,0.6666666666666666,1.0,0.78125,0.9,0.7142857142857143,0.6666666666666666,0.782608695652174,0.7777777777777778,0.75,0.625,1.1470800638198853,33,10,7,9,8,32,10,14,9,23,9,12,16,1.0,1.0,1.0,1.0,1.0,1.0,1.0,1.0,1.0,1.0,1.0,1.0,1.0,0.002521038055419922,51,14,14,18,7,49,18,14,19,35,16,9,32
810,0.7575757575757576,0.9,1.0,0.6666666666666666,1.0,0.78125,0.9,0.7142857142857143,0.6666666666666666,0.782608695652174,0.7777777777777778,0.75,0.625,1.1477919816970825,33,10,7,9,8,32,10,14,9,23,9,12,16,1.0,1.0,1.0,1.0,1.0,1.0,1.0,1.0,1.0,1.0,1.0,1.0,1.0,0.0025110431015491486,51,14,14,18,7,49,18,14,19,35,16,9,32
811,0.7575757575757576,0.9,1.0,0.6666666666666666,1.0,0.78125,0.9,0.7142857142857143,0.6666666666666666,0.782608695652174,0.7777777777777778,0.75,0.625,1.1485052108764648,33,10,7,9,8,32,10,14,9,23,9,12,16,1.0,1.0,1.0,1.0,1.0,1.0,1.0,1.0,1.0,1.0,1.0,1.0,1.0,0.0025008986704051495,51,14,14,18,7,49,18,14,19,35,16,9,32
812,0.7575757575757576,0.9,1.0,0.6666666666666666,1.0,0.78125,0.9,0.7142857142857143,0.6666666666666666,0.782608695652174,0.7777777777777778,0.75,0.625,1.1492255926132202,33,10,7,9,8,32,10,14,9,23,9,12,16,1.0,1.0,1.0,1.0,1.0,1.0,1.0,1.0,1.0,1.0,1.0,1.0,1.0,0.0024911656510084867,51,14,14,18,7,49,18,14,19,35,16,9,32
813,0.7575757575757576,0.9,1.0,0.6666666666666666,1.0,0.78125,0.9,0.7142857142857143,0.6666666666666666,0.782608695652174,0.7777777777777778,0.75,0.625,1.1499476432800293,33,10,7,9,8,32,10,14,9,23,9,12,16,1.0,1.0,1.0,1.0,1.0,1.0,1.0,1.0,1.0,1.0,1.0,1.0,1.0,0.0024813483469188213,51,14,14,18,7,49,18,14,19,35,16,9,32
814,0.7575757575757576,0.9,1.0,0.6666666666666666,1.0,0.78125,0.9,0.7142857142857143,0.6666666666666666,0.782608695652174,0.7777777777777778,0.75,0.625,1.1506633758544922,33,10,7,9,8,32,10,14,9,23,9,12,16,1.0,1.0,1.0,1.0,1.0,1.0,1.0,1.0,1.0,1.0,1.0,1.0,1.0,0.0024715778417885303,51,14,14,18,7,49,18,14,19,35,16,9,32
815,0.7575757575757576,0.9,1.0,0.6666666666666666,1.0,0.78125,0.9,0.7142857142857143,0.6666666666666666,0.782608695652174,0.7777777777777778,0.75,0.625,1.151366949081421,33,10,7,9,8,32,10,14,9,23,9,12,16,1.0,1.0,1.0,1.0,1.0,1.0,1.0,1.0,1.0,1.0,1.0,1.0,1.0,0.002461788710206747,51,14,14,18,7,49,18,14,19,35,16,9,32
816,0.7575757575757576,0.9,1.0,0.6666666666666666,1.0,0.78125,0.9,0.7142857142857143,0.6666666666666666,0.782608695652174,0.7777777777777778,0.75,0.625,1.152065634727478,33,10,7,9,8,32,10,14,9,23,9,12,16,1.0,1.0,1.0,1.0,1.0,1.0,1.0,1.0,1.0,1.0,1.0,1.0,1.0,0.0024521583691239357,51,14,14,18,7,49,18,14,19,35,16,9,32
817,0.7575757575757576,0.9,1.0,0.6666666666666666,1.0,0.78125,0.9,0.7142857142857143,0.6666666666666666,0.782608695652174,0.7777777777777778,0.75,0.625,1.1527605056762695,33,10,7,9,8,32,10,14,9,23,9,12,16,1.0,1.0,1.0,1.0,1.0,1.0,1.0,1.0,1.0,1.0,1.0,1.0,1.0,0.0024424628354609013,51,14,14,18,7,49,18,14,19,35,16,9,32
818,0.7575757575757576,0.9,1.0,0.6666666666666666,1.0,0.78125,0.9,0.7142857142857143,0.6666666666666666,0.782608695652174,0.7777777777777778,0.75,0.625,1.1534637212753296,33,10,7,9,8,32,10,14,9,23,9,12,16,1.0,1.0,1.0,1.0,1.0,1.0,1.0,1.0,1.0,1.0,1.0,1.0,1.0,0.002432944718748331,51,14,14,18,7,49,18,14,19,35,16,9,32
819,0.7575757575757576,0.9,1.0,0.6666666666666666,1.0,0.78125,0.9,0.7142857142857143,0.6666666666666666,0.782608695652174,0.7777777777777778,0.75,0.625,1.1541714668273926,33,10,7,9,8,32,10,14,9,23,9,12,16,1.0,1.0,1.0,1.0,1.0,1.0,1.0,1.0,1.0,1.0,1.0,1.0,1.0,0.002423361176624894,51,14,14,18,7,49,18,14,19,35,16,9,32
820,0.7575757575757576,0.9,1.0,0.6666666666666666,1.0,0.78125,0.9,0.7142857142857143,0.6666666666666666,0.782608695652174,0.7777777777777778,0.75,0.625,1.154886245727539,33,10,7,9,8,32,10,14,9,23,9,12,16,1.0,1.0,1.0,1.0,1.0,1.0,1.0,1.0,1.0,1.0,1.0,1.0,1.0,0.002413974143564701,51,14,14,18,7,49,18,14,19,35,16,9,32
821,0.7575757575757576,0.9,1.0,0.6666666666666666,1.0,0.78125,0.9,0.7142857142857143,0.6666666666666666,0.782608695652174,0.7777777777777778,0.75,0.625,1.1556005477905273,33,10,7,9,8,32,10,14,9,23,9,12,16,1.0,1.0,1.0,1.0,1.0,1.0,1.0,1.0,1.0,1.0,1.0,1.0,1.0,0.0024045961908996105,51,14,14,18,7,49,18,14,19,35,16,9,32
822,0.7575757575757576,0.9,1.0,0.6666666666666666,1.0,0.78125,0.9,0.7142857142857143,0.6666666666666666,0.782608695652174,0.7777777777777778,0.75,0.625,1.1563024520874023,33,10,7,9,8,32,10,14,9,23,9,12,16,1.0,1.0,1.0,1.0,1.0,1.0,1.0,1.0,1.0,1.0,1.0,1.0,1.0,0.002395265270024538,51,14,14,18,7,49,18,14,19,35,16,9,32
823,0.7575757575757576,0.9,1.0,0.6666666666666666,1.0,0.78125,0.9,0.7142857142857143,0.6666666666666666,0.782608695652174,0.7777777777777778,0.75,0.625,1.1569969654083252,33,10,7,9,8,32,10,14,9,23,9,12,16,1.0,1.0,1.0,1.0,1.0,1.0,1.0,1.0,1.0,1.0,1.0,1.0,1.0,0.002385952975600958,51,14,14,18,7,49,18,14,19,35,16,9,32
824,0.7575757575757576,0.9,1.0,0.6666666666666666,1.0,0.78125,0.9,0.7142857142857143,0.6666666666666666,0.782608695652174,0.7777777777777778,0.75,0.625,1.1576831340789795,33,10,7,9,8,32,10,14,9,23,9,12,16,1.0,1.0,1.0,1.0,1.0,1.0,1.0,1.0,1.0,1.0,1.0,1.0,1.0,0.0023767154198139906,51,14,14,18,7,49,18,14,19,35,16,9,32
825,0.7575757575757576,0.9,1.0,0.6666666666666666,1.0,0.78125,0.9,0.7142857142857143,0.6666666666666666,0.782608695652174,0.7777777777777778,0.75,0.625,1.158371090888977,33,10,7,9,8,32,10,14,9,23,9,12,16,1.0,1.0,1.0,1.0,1.0,1.0,1.0,1.0,1.0,1.0,1.0,1.0,1.0,0.0023674964904785156,51,14,14,18,7,49,18,14,19,35,16,9,32
826,0.7575757575757576,0.9,1.0,0.6666666666666666,1.0,0.78125,0.9,0.7142857142857143,0.6666666666666666,0.782608695652174,0.7777777777777778,0.75,0.625,1.1590677499771118,33,10,7,9,8,32,10,14,9,23,9,12,16,1.0,1.0,1.0,1.0,1.0,1.0,1.0,1.0,1.0,1.0,1.0,1.0,1.0,0.0023584365844726562,51,14,14,18,7,49,18,14,19,35,16,9,32
827,0.7575757575757576,0.9,1.0,0.6666666666666666,1.0,0.78125,0.9,0.7142857142857143,0.6666666666666666,0.782608695652174,0.7777777777777778,0.75,0.625,1.1597741842269897,33,10,7,9,8,32,10,14,9,23,9,12,16,1.0,1.0,1.0,1.0,1.0,1.0,1.0,1.0,1.0,1.0,1.0,1.0,1.0,0.002349460730329156,51,14,14,18,7,49,18,14,19,35,16,9,32
828,0.7575757575757576,0.9,1.0,0.6666666666666666,1.0,0.78125,0.9,0.7142857142857143,0.6666666666666666,0.782608695652174,0.7777777777777778,0.75,0.625,1.160478949546814,33,10,7,9,8,32,10,14,9,23,9,12,16,1.0,1.0,1.0,1.0,1.0,1.0,1.0,1.0,1.0,1.0,1.0,1.0,1.0,0.0023403542581945658,51,14,14,18,7,49,18,14,19,35,16,9,32
829,0.7575757575757576,0.9,1.0,0.6666666666666666,1.0,0.78125,0.9,0.7142857142857143,0.6666666666666666,0.782608695652174,0.7777777777777778,0.75,0.625,1.1611722707748413,33,10,7,9,8,32,10,14,9,23,9,12,16,1.0,1.0,1.0,1.0,1.0,1.0,1.0,1.0,1.0,1.0,1.0,1.0,1.0,0.0023313129786401987,51,14,14,18,7,49,18,14,19,35,16,9,32
830,0.7575757575757576,0.9,1.0,0.6666666666666666,1.0,0.78125,0.9,0.7142857142857143,0.6666666666666666,0.782608695652174,0.7777777777777778,0.75,0.625,1.1618568897247314,33,10,7,9,8,32,10,14,9,23,9,12,16,1.0,1.0,1.0,1.0,1.0,1.0,1.0,1.0,1.0,1.0,1.0,1.0,1.0,0.0023224400356411934,51,14,14,18,7,49,18,14,19,35,16,9,32
831,0.7575757575757576,0.9,1.0,0.6666666666666666,1.0,0.78125,0.9,0.7142857142857143,0.6666666666666666,0.782608695652174,0.7777777777777778,0.75,0.625,1.1625415086746216,33,10,7,9,8,32,10,14,9,23,9,12,16,1.0,1.0,1.0,1.0,1.0,1.0,1.0,1.0,1.0,1.0,1.0,1.0,1.0,0.002313641831278801,51,14,14,18,7,49,18,14,19,35,16,9,32
832,0.7575757575757576,0.9,1.0,0.6666666666666666,1.0,0.78125,0.9,0.7142857142857143,0.6666666666666666,0.782608695652174,0.7777777777777778,0.75,0.625,1.163220763206482,33,10,7,9,8,32,10,14,9,23,9,12,16,1.0,1.0,1.0,1.0,1.0,1.0,1.0,1.0,1.0,1.0,1.0,1.0,1.0,0.002304722322151065,51,14,14,18,7,49,18,14,19,35,16,9,32
833,0.7575757575757576,0.9,1.0,0.6666666666666666,1.0,0.78125,0.9,0.7142857142857143,0.6666666666666666,0.782608695652174,0.7777777777777778,0.75,0.625,1.1639087200164795,33,10,7,9,8,32,10,14,9,23,9,12,16,1.0,1.0,1.0,1.0,1.0,1.0,1.0,1.0,1.0,1.0,1.0,1.0,1.0,0.0022960363421589136,51,14,14,18,7,49,18,14,19,35,16,9,32
834,0.7575757575757576,0.9,1.0,0.6666666666666666,1.0,0.78125,0.9,0.7142857142857143,0.6666666666666666,0.782608695652174,0.7777777777777778,0.75,0.625,1.1645994186401367,33,10,7,9,8,32,10,14,9,23,9,12,16,1.0,1.0,1.0,1.0,1.0,1.0,1.0,1.0,1.0,1.0,1.0,1.0,1.0,0.0022872849367558956,51,14,14,18,7,49,18,14,19,35,16,9,32
835,0.7575757575757576,0.9,1.0,0.6666666666666666,1.0,0.78125,0.9,0.7142857142857143,0.6666666666666666,0.782608695652174,0.7777777777777778,0.75,0.625,1.1652915477752686,33,10,7,9,8,32,10,14,9,23,9,12,16,1.0,1.0,1.0,1.0,1.0,1.0,1.0,1.0,1.0,1.0,1.0,1.0,1.0,0.002278580330312252,51,14,14,18,7,49,18,14,19,35,16,9,32
836,0.7575757575757576,0.9,1.0,0.6666666666666666,1.0,0.78125,0.9,0.7142857142857143,0.6666666666666666,0.782608695652174,0.7777777777777778,0.75,0.625,1.1659828424453735,33,10,7,9,8,32,10,14,9,23,9,12,16,1.0,1.0,1.0,1.0,1.0,1.0,1.0,1.0,1.0,1.0,1.0,1.0,1.0,0.0022700626868754625,51,14,14,18,7,49,18,14,19,35,16,9,32
837,0.7575757575757576,0.9,1.0,0.6666666666666666,1.0,0.78125,0.9,0.7142857142857143,0.6666666666666666,0.782608695652174,0.7777777777777778,0.75,0.625,1.1666646003723145,33,10,7,9,8,32,10,14,9,23,9,12,16,1.0,1.0,1.0,1.0,1.0,1.0,1.0,1.0,1.0,1.0,1.0,1.0,1.0,0.0022614330518990755,51,14,14,18,7,49,18,14,19,35,16,9,32
838,0.7575757575757576,0.9,1.0,0.6666666666666666,1.0,0.78125,0.9,0.7142857142857143,0.6666666666666666,0.782608695652174,0.7777777777777778,0.75,0.625,1.1673400402069092,33,10,7,9,8,32,10,14,9,23,9,12,16,1.0,1.0,1.0,1.0,1.0,1.0,1.0,1.0,1.0,1.0,1.0,1.0,1.0,0.0022529526613652706,51,14,14,18,7,49,18,14,19,35,16,9,32
839,0.7575757575757576,0.9,1.0,0.6666666666666666,1.0,0.78125,0.9,0.7142857142857143,0.6666666666666666,0.782608695652174,0.7777777777777778,0.75,0.625,1.168014645576477,33,10,7,9,8,32,10,14,9,23,9,12,16,1.0,1.0,1.0,1.0,1.0,1.0,1.0,1.0,1.0,1.0,1.0,1.0,1.0,0.0022445099893957376,51,14,14,18,7,49,18,14,19,35,16,9,32
840,0.7575757575757576,0.9,1.0,0.6666666666666666,1.0,0.78125,0.9,0.7142857142857143,0.6666666666666666,0.782608695652174,0.7777777777777778,0.75,0.625,1.1686885356903076,33,10,7,9,8,32,10,14,9,23,9,12,16,1.0,1.0,1.0,1.0,1.0,1.0,1.0,1.0,1.0,1.0,1.0,1.0,1.0,0.0022360295988619328,51,14,14,18,7,49,18,14,19,35,16,9,32
841,0.7575757575757576,0.9,1.0,0.6666666666666666,1.0,0.78125,0.9,0.7142857142857143,0.6666666666666666,0.782608695652174,0.7777777777777778,0.75,0.625,1.1693726778030396,33,10,7,9,8,32,10,14,9,23,9,12,16,1.0,1.0,1.0,1.0,1.0,1.0,1.0,1.0,1.0,1.0,1.0,1.0,1.0,0.0022277177777141333,51,14,14,18,7,49,18,14,19,35,16,9,32
842,0.7575757575757576,0.9,1.0,0.6666666666666666,1.0,0.78125,0.9,0.7142857142857143,0.6666666666666666,0.782608695652174,0.7777777777777778,0.75,0.625,1.1700555086135864,33,10,7,9,8,32,10,14,9,23,9,12,16,1.0,1.0,1.0,1.0,1.0,1.0,1.0,1.0,1.0,1.0,1.0,1.0,1.0,0.002219284186139703,51,14,14,18,7,49,18,14,19,35,16,9,32
843,0.7575757575757576,0.9,1.0,0.6666666666666666,1.0,0.78125,0.9,0.7142857142857143,0.6666666666666666,0.782608695652174,0.7777777777777778,0.75,0.625,1.1707338094711304,33,10,7,9,8,32,10,14,9,23,9,12,16,1.0,1.0,1.0,1.0,1.0,1.0,1.0,1.0,1.0,1.0,1.0,1.0,1.0,0.002210963051766157,51,14,14,18,7,49,18,14,19,35,16,9,32
844,0.7575757575757576,0.9,1.0,0.6666666666666666,1.0,0.78125,0.9,0.7142857142857143,0.6666666666666666,0.782608695652174,0.7777777777777778,0.75,0.625,1.1714084148406982,33,10,7,9,8,32,10,14,9,23,9,12,16,1.0,1.0,1.0,1.0,1.0,1.0,1.0,1.0,1.0,1.0,1.0,1.0,1.0,0.0022027725353837013,51,14,14,18,7,49,18,14,19,35,16,9,32
845,0.7575757575757576,0.9,1.0,0.6666666666666666,1.0,0.78125,0.9,0.7142857142857143,0.6666666666666666,0.782608695652174,0.7777777777777778,0.75,0.625,1.1720794439315796,33,10,7,9,8,32,10,14,9,23,9,12,16,1.0,1.0,1.0,1.0,1.0,1.0,1.0,1.0,1.0,1.0,1.0,1.0,1.0,0.002194675849750638,51,14,14,18,7,49,18,14,19,35,16,9,32
846,0.7575757575757576,0.9,1.0,0.6666666666666666,1.0,0.78125,0.9,0.7142857142857143,0.6666666666666666,0.782608695652174,0.7777777777777778,0.75,0.625,1.1727534532546997,33,10,7,9,8,32,10,14,9,23,9,12,16,1.0,1.0,1.0,1.0,1.0,1.0,1.0,1.0,1.0,1.0,1.0,1.0,1.0,0.0021864573936909437,51,14,14,18,7,49,18,14,19,35,16,9,32
847,0.7575757575757576,0.9,1.0,0.6666666666666666,1.0,0.78125,0.9,0.7142857142857143,0.6666666666666666,0.782608695652174,0.7777777777777778,0.75,0.625,1.1734263896942139,33,10,7,9,8,32,10,14,9,23,9,12,16,1.0,1.0,1.0,1.0,1.0,1.0,1.0,1.0,1.0,1.0,1.0,1.0,1.0,0.0021784165874123573,51,14,14,18,7,49,18,14,19,35,16,9,32
848,0.7575757575757576,0.9,1.0,0.6666666666666666,1.0,0.78125,0.9,0.7142857142857143,0.6666666666666666,0.782608695652174,0.7777777777777778,0.75,0.625,1.1740957498550415,33,10,7,9,8,32,10,14,9,23,9,12,16,1.0,1.0,1.0,1.0,1.0,1.0,1.0,1.0,1.0,1.0,1.0,1.0,1.0,0.0021702635567635298,51,14,14,18,7,49,18,14,19,35,16,9,32
849,0.7575757575757576,0.9,1.0,0.6666666666666666,1.0,0.78125,0.9,0.7142857142857143,0.6666666666666666,0.782608695652174,0.7777777777777778,0.75,0.625,1.1747660636901855,33,10,7,9,8,32,10,14,9,23,9,12,16,1.0,1.0,1.0,1.0,1.0,1.0,1.0,1.0,1.0,1.0,1.0,1.0,1.0,0.002162372460588813,51,14,14,18,7,49,18,14,19,35,16,9,32
850,0.7575757575757576,0.9,1.0,0.6666666666666666,1.0,0.78125,0.9,0.7142857142857143,0.6666666666666666,0.782608695652174,0.7777777777777778,0.75,0.625,1.1754366159439087,33,10,7,9,8,32,10,14,9,23,9,12,16,1.0,1.0,1.0,1.0,1.0,1.0,1.0,1.0,1.0,1.0,1.0,1.0,1.0,0.0021544063929468393,51,14,14,18,7,49,18,14,19,35,16,9,32
851,0.7575757575757576,0.9,1.0,0.6666666666666666,1.0,0.78125,0.9,0.7142857142857143,0.6666666666666666,0.782608695652174,0.7777777777777778,0.75,0.625,1.17610764503479,33,10,7,9,8,32,10,14,9,23,9,12,16,1.0,1.0,1.0,1.0,1.0,1.0,1.0,1.0,1.0,1.0,1.0,1.0,1.0,0.002146468497812748,51,14,14,18,7,49,18,14,19,35,16,9,32
852,0.7575757575757576,0.9,1.0,0.6666666666666666,1.0,0.78125,0.9,0.7142857142857143,0.6666666666666666,0.782608695652174,0.7777777777777778,0.75,0.625,1.1767761707305908,33,10,7,9,8,32,10,14,9,23,9,12,16,1.0,1.0,1.0,1.0,1.0,1.0,1.0,1.0,1.0,1.0,1.0,1.0,1.0,0.0021385117433965206,51,14,14,18,7,49,18,14,19,35,16,9,32
853,0.7575757575757576,0.9,1.0,0.6666666666666666,1.0,0.78125,0.9,0.7142857142857143,0.6666666666666666,0.782608695652174,0.7777777777777778,0.75,0.625,1.1774423122406006,33,10,7,9,8,32,10,14,9,23,9,12,16,1.0,1.0,1.0,1.0,1.0,1.0,1.0,1.0,1.0,1.0,1.0,1.0,1.0,0.002130732871592045,51,14,14,18,7,49,18,14,19,35,16,9,32
854,0.7575757575757576,0.9,1.0,0.6666666666666666,1.0,0.78125,0.9,0.7142857142857143,0.6666666666666666,0.782608695652174,0.7777777777777778,0.75,0.625,1.1781082153320312,33,10,7,9,8,32,10,14,9,23,9,12,16,1.0,1.0,1.0,1.0,1.0,1.0,1.0,1.0,1.0,1.0,1.0,1.0,1.0,0.0021229537669569254,51,14,14,18,7,49,18,14,19,35,16,9,32
855,0.7575757575757576,0.9,1.0,0.6666666666666666,1.0,0.78125,0.9,0.7142857142857143,0.6666666666666666,0.782608695652174,0.7777777777777778,0.75,0.625,1.178772211074829,33,10,7,9,8,32,10,14,9,23,9,12,16,1.0,1.0,1.0,1.0,1.0,1.0,1.0,1.0,1.0,1.0,1.0,1.0,1.0,0.002115202834829688,51,14,14,18,7,49,18,14,19,35,16,9,32
856,0.7575757575757576,0.9,1.0,0.6666666666666666,1.0,0.78125,0.9,0.7142857142857143,0.6666666666666666,0.782608695652174,0.7777777777777778,0.75,0.625,1.1794359683990479,33,10,7,9,8,32,10,14,9,23,9,12,16,1.0,1.0,1.0,1.0,1.0,1.0,1.0,1.0,1.0,1.0,1.0,1.0,1.0,0.002107592299580574,51,14,14,18,7,49,18,14,19,35,16,9,32
857,0.7575757575757576,0.9,1.0,0.6666666666666666,1.0,0.78125,0.9,0.7142857142857143,0.6666666666666666,0.782608695652174,0.7777777777777778,0.75,0.625,1.180094838142395,33,10,7,9,8,32,10,14,9,23,9,12,16,1.0,1.0,1.0,1.0,1.0,1.0,1.0,1.0,1.0,1.0,1.0,1.0,1.0,0.0020998131949454546,51,14,14,18,7,49,18,14,19,35,16,9,32
858,0.7575757575757576,0.9,1.0,0.6666666666666666,1.0,0.78125,0.9,0.7142857142857143,0.6666666666666666,0.782608695652174,0.7777777777777778,0.75,0.625,1.1807515621185303,33,10,7,9,8,32,10,14,9,23,9,12,16,1.0,1.0,1.0,1.0,1.0,1.0,1.0,1.0,1.0,1.0,1.0,1.0,1.0,0.002092239912599325,51,14,14,18,7,49,18,14,19,35,16,9,32
859,0.7575757575757576,0.9,1.0,0.6666666666666666,1.0,0.78125,0.9,0.7142857142857143,0.6666666666666666,0.782608695652174,0.7777777777777778,0.75,0.625,1.1814045906066895,33,10,7,9,8,32,10,14,9,23,9,12,16,1.0,1.0,1.0,1.0,1.0,1.0,1.0,1.0,1.0,1.0,1.0,1.0,1.0,0.002084591891616583,51,14,14,18,7,49,18,14,19,35,16,9,32
860,0.7575757575757576,0.9,1.0,0.6666666666666666,1.0,0.78125,0.9,0.7142857142857143,0.6666666666666666,0.782608695652174,0.7777777777777778,0.75,0.625,1.1820629835128784,33,10,7,9,8,32,10,14,9,23,9,12,16,1.0,1.0,1.0,1.0,1.0,1.0,1.0,1.0,1.0,1.0,1.0,1.0,1.0,0.0020770651753991842,51,14,14,18,7,49,18,14,19,35,16,9,32
861,0.7575757575757576,0.9,1.0,0.6666666666666666,1.0,0.78125,0.9,0.7142857142857143,0.6666666666666666,0.782608695652174,0.7777777777777778,0.75,0.625,1.1827284097671509,33,10,7,9,8,32,10,14,9,23,9,12,16,1.0,1.0,1.0,1.0,1.0,1.0,1.0,1.0,1.0,1.0,1.0,1.0,1.0,0.0020695854909718037,51,14,14,18,7,49,18,14,19,35,16,9,32
862,0.7575757575757576,0.9,1.0,0.6666666666666666,1.0,0.78125,0.9,0.7142857142857143,0.6666666666666666,0.782608695652174,0.7777777777777778,0.75,0.625,1.18338942527771,33,10,7,9,8,32,10,14,9,23,9,12,16,1.0,1.0,1.0,1.0,1.0,1.0,1.0,1.0,1.0,1.0,1.0,1.0,1.0,0.0020620962604880333,51,14,14,18,7,49,18,14,19,35,16,9,32
863,0.7575757575757576,0.9,1.0,0.6666666666666666,1.0,0.78125,0.9,0.7142857142857143,0.6666666666666666,0.782608695652174,0.7777777777777778,0.75,0.625,1.184043526649475,33,10,7,9,8,32,10,14,9,23,9,12,16,1.0,1.0,1.0,1.0,1.0,1.0,1.0,1.0,1.0,1.0,1.0,1.0,1.0,0.0020545977167785168,51,14,14,18,7,49,18,14,19,35,16,9,32
864,0.7575757575757576,0.9,1.0,0.6666666666666666,1.0,0.78125,0.9,0.7142857142857143,0.6666666666666666,0.782608695652174,0.7777777777777778,0.75,0.625,1.1846965551376343,33,10,7,9,8,32,10,14,9,23,9,12,16,1.0,1.0,1.0,1.0,1.0,1.0,1.0,1.0,1.0,1.0,1.0,1.0,1.0,0.002047258196398616,51,14,14,18,7,49,18,14,19,35,16,9,32
865,0.7575757575757576,0.9,1.0,0.6666666666666666,1.0,0.78125,0.9,0.7142857142857143,0.6666666666666666,0.782608695652174,0.7777777777777778,0.75,0.625,1.185342788696289,33,10,7,9,8,32,10,14,9,23,9,12,16,1.0,1.0,1.0,1.0,1.0,1.0,1.0,1.0,1.0,1.0,1.0,1.0,1.0,0.0020398814231157303,51,14,14,18,7,49,18,14,19,35,16,9,32
866,0.7575757575757576,0.9,1.0,0.6666666666666666,1.0,0.78125,0.9,0.7142857142857143,0.6666666666666666,0.782608695652174,0.7777777777777778,0.75,0.625,1.1859949827194214,33,10,7,9,8,32,10,14,9,23,9,12,16,1.0,1.0,1.0,1.0,1.0,1.0,1.0,1.0,1.0,1.0,1.0,1.0,1.0,0.002032672753557563,51,14,14,18,7,49,18,14,19,35,16,9,32
867,0.7575757575757576,0.9,1.0,0.6666666666666666,1.0,0.78125,0.9,0.7142857142857143,0.6666666666666666,0.782608695652174,0.7777777777777778,0.75,0.625,1.1866536140441895,33,10,7,9,8,32,10,14,9,23,9,12,16,1.0,1.0,1.0,1.0,1.0,1.0,1.0,1.0,1.0,1.0,1.0,1.0,1.0,0.002025407971814275,51,14,14,18,7,49,18,14,19,35,16,9,32
868,0.7575757575757576,0.9,1.0,0.6666666666666666,1.0,0.78125,0.9,0.7142857142857143,0.6666666666666666,0.782608695652174,0.7777777777777778,0.75,0.625,1.1873141527175903,33,10,7,9,8,32,10,14,9,23,9,12,16,1.0,1.0,1.0,1.0,1.0,1.0,1.0,1.0,1.0,1.0,1.0,1.0,1.0,0.002018264727666974,51,14,14,18,7,49,18,14,19,35,16,9,32
869,0.7575757575757576,0.9,1.0,0.6666666666666666,1.0,0.78125,0.9,0.7142857142857143,0.6666666666666666,0.782608695652174,0.7777777777777778,0.75,0.625,1.1879678964614868,33,10,7,9,8,32,10,14,9,23,9,12,16,1.0,1.0,1.0,1.0,1.0,1.0,1.0,1.0,1.0,1.0,1.0,1.0,1.0,0.0020109720062464476,51,14,14,18,7,49,18,14,19,35,16,9,32
870,0.7575757575757576,0.9,1.0,0.6666666666666666,1.0,0.78125,0.9,0.7142857142857143,0.6666666666666666,0.782608695652174,0.7777777777777778,0.75,0.625,1.1886155605316162,33,10,7,9,8,32,10,14,9,23,9,12,16,1.0,1.0,1.0,1.0,1.0,1.0,1.0,1.0,1.0,1.0,1.0,1.0,1.0,0.002003940986469388,51,14,14,18,7,49,18,14,19,35,16,9,32
871,0.7575757575757576,0.9,1.0,0.6666666666666666,1.0,0.78125,0.9,0.7142857142857143,0.6666666666666666,0.782608695652174,0.7777777777777778,0.75,0.625,1.189258098602295,33,10,7,9,8,32,10,14,9,23,9,12,16,1.0,1.0,1.0,1.0,1.0,1.0,1.0,1.0,1.0,1.0,1.0,1.0,1.0,0.0019967788830399513,51,14,14,18,7,49,18,14,19,35,16,9,32
872,0.7575757575757576,0.9,1.0,0.6666666666666666,1.0,0.78125,0.9,0.7142857142857143,0.6666666666666666,0.782608695652174,0.7777777777777778,0.75,0.625,1.189898133277893,33,10,7,9,8,32,10,14,9,23,9,12,16,1.0,1.0,1.0,1.0,1.0,1.0,1.0,1.0,1.0,1.0,1.0,1.0,1.0,0.001989710610359907,51,14,14,18,7,49,18,14,19,35,16,9,32
873,0.7575757575757576,0.9,1.0,0.6666666666666666,1.0,0.78125,0.9,0.7142857142857143,0.6666666666666666,0.782608695652174,0.7777777777777778,0.75,0.625,1.190540075302124,33,10,7,9,8,32,10,14,9,23,9,12,16,1.0,1.0,1.0,1.0,1.0,1.0,1.0,1.0,1.0,1.0,1.0,1.0,1.0,0.0019826795905828476,51,14,14,18,7,49,18,14,19,35,16,9,32
874,0.7575757575757576,0.9,1.0,0.6666666666666666,1.0,0.78125,0.9,0.7142857142857143,0.6666666666666666,0.782608695652174,0.7777777777777778,0.75,0.625,1.1911838054656982,33,10,7,9,8,32,10,14,9,23,9,12,16,1.0,1.0,1.0,1.0,1.0,1.0,1.0,1.0,1.0,1.0,1.0,1.0,1.0,0.001975620398297906,51,14,14,18,7,49,18,14,19,35,16,9,32
875,0.7575757575757576,0.9,1.0,0.6666666666666666,1.0,0.78125,0.9,0.7142857142857143,0.6666666666666666,0.782608695652174,0.7777777777777778,0.75,0.625,1.1918323040008545,33,10,7,9,8,32,10,14,9,23,9,12,16,1.0,1.0,1.0,1.0,1.0,1.0,1.0,1.0,1.0,1.0,1.0,1.0,1.0,0.0019687016028910875,51,14,14,18,7,49,18,14,19,35,16,9,32
876,0.7575757575757576,0.9,1.0,0.6666666666666666,1.0,0.78125,0.9,0.7142857142857143,0.6666666666666666,0.782608695652174,0.7777777777777778,0.75,0.625,1.1924794912338257,33,10,7,9,8,32,10,14,9,23,9,12,16,1.0,1.0,1.0,1.0,1.0,1.0,1.0,1.0,1.0,1.0,1.0,1.0,1.0,0.001961782807484269,51,14,14,18,7,49,18,14,19,35,16,9,32
877,0.7575757575757576,0.9,1.0,0.6666666666666666,1.0,0.78125,0.9,0.7142857142857143,0.6666666666666666,0.782608695652174,0.7777777777777778,0.75,0.625,1.1931278705596924,33,10,7,9,8,32,10,14,9,23,9,12,16,1.0,1.0,1.0,1.0,1.0,1.0,1.0,1.0,1.0,1.0,1.0,1.0,1.0,0.001954985549673438,51,14,14,18,7,49,18,14,19,35,16,9,32
878,0.7575757575757576,0.9,1.0,0.6666666666666666,1.0,0.78125,0.9,0.7142857142857143,0.6666666666666666,0.782608695652174,0.7777777777777778,0.75,0.625,1.1937730312347412,33,10,7,9,8,32,10,14,9,23,9,12,16,1.0,1.0,1.0,1.0,1.0,1.0,1.0,1.0,1.0,1.0,1.0,1.0,1.0,0.0019480481278151274,51,14,14,18,7,49,18,14,19,35,16,9,32
879,0.7575757575757576,0.9,1.0,0.6666666666666666,1.0,0.78125,0.9,0.7142857142857143,0.6666666666666666,0.782608695652174,0.7777777777777778,0.75,0.625,1.194412112236023,33,10,7,9,8,32,10,14,9,23,9,12,16,1.0,1.0,1.0,1.0,1.0,1.0,1.0,1.0,1.0,1.0,1.0,1.0,1.0,0.0019412321271374822,51,14,14,18,7,49,18,14,19,35,16,9,32
880,0.7575757575757576,0.9,1.0,0.6666666666666666,1.0,0.78125,0.9,0.7142857142857143,0.6666666666666666,0.782608695652174,0.7777777777777778,0.75,0.625,1.195044755935669,33,10,7,9,8,32,10,14,9,23,9,12,16,1.0,1.0,1.0,1.0,1.0,1.0,1.0,1.0,1.0,1.0,1.0,1.0,1.0,0.001934425556100905,51,14,14,18,7,49,18,14,19,35,16,9,32
881,0.7575757575757576,0.9,1.0,0.6666666666666666,1.0,0.78125,0.9,0.7142857142857143,0.6666666666666666,0.782608695652174,0.7777777777777778,0.75,0.625,1.1956748962402344,33,10,7,9,8,32,10,14,9,23,9,12,16,1.0,1.0,1.0,1.0,1.0,1.0,1.0,1.0,1.0,1.0,1.0,1.0,1.0,0.0019277030369266868,51,14,14,18,7,49,18,14,19,35,16,9,32
882,0.7575757575757576,0.9,1.0,0.6666666666666666,1.0,0.78125,0.9,0.7142857142857143,0.6666666666666666,0.782608695652174,0.7777777777777778,0.75,0.625,1.196303367614746,33,10,7,9,8,32,10,14,9,23,9,12,16,1.0,1.0,1.0,1.0,1.0,1.0,1.0,1.0,1.0,1.0,1.0,1.0,1.0,0.0019209618913009763,51,14,14,18,7,49,18,14,19,35,16,9,32
883,0.7575757575757576,0.9,1.0,0.6666666666666666,1.0,0.78125,0.9,0.7142857142857143,0.6666666666666666,0.782608695652174,0.7777777777777778,0.75,0.625,1.196939468383789,33,10,7,9,8,32,10,14,9,23,9,12,16,1.0,1.0,1.0,1.0,1.0,1.0,1.0,1.0,1.0,1.0,1.0,1.0,1.0,0.0019143422832712531,51,14,14,18,7,49,18,14,19,35,16,9,32
884,0.7575757575757576,0.9,1.0,0.6666666666666666,1.0,0.78125,0.9,0.7142857142857143,0.6666666666666666,0.782608695652174,0.7777777777777778,0.75,0.625,1.197580099105835,33,10,7,9,8,32,10,14,9,23,9,12,16,1.0,1.0,1.0,1.0,1.0,1.0,1.0,1.0,1.0,1.0,1.0,1.0,1.0,0.0019076851895079017,51,14,14,18,7,49,18,14,19,35,16,9,32
885,0.7575757575757576,0.9,1.0,0.6666666666666666,1.0,0.78125,0.9,0.7142857142857143,0.6666666666666666,0.782608695652174,0.7777777777777778,0.75,0.625,1.1982234716415405,33,10,7,9,8,32,10,14,9,23,9,12,16,1.0,1.0,1.0,1.0,1.0,1.0,1.0,1.0,1.0,1.0,1.0,1.0,1.0,0.0019011684926226735,51,14,14,18,7,49,18,14,19,35,16,9,32
886,0.7575757575757576,0.9,1.0,0.6666666666666666,1.0,0.78125,0.9,0.7142857142857143,0.6666666666666666,0.782608695652174,0.7777777777777778,0.75,0.625,1.198860764503479,33,10,7,9,8,32,10,14,9,23,9,12,16,1.0,1.0,1.0,1.0,1.0,1.0,1.0,1.0,1.0,1.0,1.0,1.0,1.0,0.0018944366602227092,51,14,14,18,7,49,18,14,19,35,16,9,32
887,0.7575757575757576,0.9,1.0,0.6666666666666666,1.0,0.78125,0.9,0.7142857142857143,0.6666666666666666,0.782608695652174,0.7777777777777778,0.75,0.625,1.1994938850402832,33,10,7,9,8,32,10,14,9,23,9,12,16,1.0,1.0,1.0,1.0,1.0,1.0,1.0,1.0,1.0,1.0,1.0,1.0,1.0,0.0018880320712924004,51,14,14,18,7,49,18,14,19,35,16,9,32
888,0.7575757575757576,0.9,1.0,0.6666666666666666,1.0,0.78125,0.9,0.7142857142857143,0.6666666666666666,0.782608695652174,0.7777777777777778,0.75,0.625,1.2001185417175293,33,10,7,9,8,32,10,14,9,23,9,12,16,1.0,1.0,1.0,1.0,1.0,1.0,1.0,1.0,1.0,1.0,1.0,1.0,1.0,0.0018814310897141695,51,14,14,18,7,49,18,14,19,35,16,9,32
889,0.7575757575757576,0.9,1.0,0.6666666666666666,1.0,0.78125,0.9,0.7142857142857143,0.6666666666666666,0.782608695652174,0.7777777777777778,0.75,0.625,1.20074462890625,33,10,7,9,8,32,10,14,9,23,9,12,16,1.0,1.0,1.0,1.0,1.0,1.0,1.0,1.0,1.0,1.0,1.0,1.0,1.0,0.0018751106690615416,51,14,14,18,7,49,18,14,19,35,16,9,32
890,0.7575757575757576,0.9,1.0,0.6666666666666666,1.0,0.78125,0.9,0.7142857142857143,0.6666666666666666,0.782608695652174,0.7777777777777778,0.75,0.625,1.2013744115829468,33,10,7,9,8,32,10,14,9,23,9,12,16,1.0,1.0,1.0,1.0,1.0,1.0,1.0,1.0,1.0,1.0,1.0,1.0,1.0,0.0018685939721763134,51,14,14,18,7,49,18,14,19,35,16,9,32
891,0.7575757575757576,0.9,1.0,0.6666666666666666,1.0,0.78125,0.9,0.7142857142857143,0.6666666666666666,0.782608695652174,0.7777777777777778,0.75,0.625,1.2020113468170166,33,10,7,9,8,32,10,14,9,23,9,12,16,1.0,1.0,1.0,1.0,1.0,1.0,1.0,1.0,1.0,1.0,1.0,1.0,1.0,0.001862301491200924,51,14,14,18,7,49,18,14,19,35,16,9,32
892,0.7575757575757576,0.9,1.0,0.6666666666666666,1.0,0.78125,0.9,0.7142857142857143,0.6666666666666666,0.782608695652174,0.7777777777777778,0.75,0.625,1.202646017074585,33,10,7,9,8,32,10,14,9,23,9,12,16,1.0,1.0,1.0,1.0,1.0,1.0,1.0,1.0,1.0,1.0,1.0,1.0,1.0,0.0018558502197265625,51,14,14,18,7,49,18,14,19,35,16,9,32
893,0.7575757575757576,0.9,1.0,0.6666666666666666,1.0,0.78125,0.9,0.7142857142857143,0.6666666666666666,0.782608695652174,0.7777777777777778,0.75,0.625,1.2032746076583862,33,10,7,9,8,32,10,14,9,23,9,12,16,1.0,1.0,1.0,1.0,1.0,1.0,1.0,1.0,1.0,1.0,1.0,1.0,1.0,0.0018495391122996807,51,14,14,18,7,49,18,14,19,35,16,9,32
894,0.7575757575757576,0.9,1.0,0.6666666666666666,1.0,0.78125,0.9,0.7142857142857143,0.6666666666666666,0.782608695652174,0.7777777777777778,0.75,0.625,1.2038980722427368,33,10,7,9,8,32,10,14,9,23,9,12,16,1.0,1.0,1.0,1.0,1.0,1.0,1.0,1.0,1.0,1.0,1.0,1.0,1.0,0.001843237434513867,51,14,14,18,7,49,18,14,19,35,16,9,32
895,0.7575757575757576,0.9,1.0,0.6666666666666666,1.0,0.78125,0.9,0.7142857142857143,0.6666666666666666,0.782608695652174,0.7777777777777778,0.75,0.625,1.2045166492462158,33,10,7,9,8,32,10,14,9,23,9,12,16,1.0,1.0,1.0,1.0,1.0,1.0,1.0,1.0,1.0,1.0,1.0,1.0,1.0,0.0018368702149018645,51,14,14,18,7,49,18,14,19,35,16,9,32
896,0.7575757575757576,0.9,1.0,0.6666666666666666,1.0,0.78125,0.9,0.7142857142857143,0.6666666666666666,0.782608695652174,0.7777777777777778,0.75,0.625,1.205134630203247,33,10,7,9,8,32,10,14,9,23,9,12,16,1.0,1.0,1.0,1.0,1.0,1.0,1.0,1.0,1.0,1.0,1.0,1.0,1.0,0.0018306993879377842,51,14,14,18,7,49,18,14,19,35,16,9,32
897,0.7575757575757576,0.9,1.0,0.6666666666666666,1.0,0.78125,0.9,0.7142857142857143,0.6666666666666666,0.782608695652174,0.7777777777777778,0.75,0.625,1.2057504653930664,33,10,7,9,8,32,10,14,9,23,9,12,16,1.0,1.0,1.0,1.0,1.0,1.0,1.0,1.0,1.0,1.0,1.0,1.0,1.0,0.0018244163366034627,51,14,14,18,7,49,18,14,19,35,16,9,32
898,0.7575757575757576,0.9,1.0,0.6666666666666666,1.0,0.78125,0.9,0.7142857142857143,0.6666666666666666,0.782608695652174,0.7777777777777778,0.75,0.625,1.2063744068145752,33,10,7,9,8,32,10,14,9,23,9,12,16,1.0,1.0,1.0,1.0,1.0,1.0,1.0,1.0,1.0,1.0,1.0,1.0,1.0,0.0018182549392804503,51,14,14,18,7,49,18,14,19,35,16,9,32
899,0.7575757575757576,0.9,1.0,0.6666666666666666,1.0,0.78125,0.9,0.7142857142857143,0.6666666666666666,0.782608695652174,0.7777777777777778,0.75,0.625,1.207004189491272,33,10,7,9,8,32,10,14,9,23,9,12,16,1.0,1.0,1.0,1.0,1.0,1.0,1.0,1.0,1.0,1.0,1.0,1.0,1.0,0.001812158850952983,51,14,14,18,7,49,18,14,19,35,16,9,32
900,0.7575757575757576,0.9,1.0,0.6666666666666666,1.0,0.78125,0.9,0.7142857142857143,0.6666666666666666,0.782608695652174,0.7777777777777778,0.75,0.625,1.207634449005127,33,10,7,9,8,32,10,14,9,23,9,12,16,1.0,1.0,1.0,1.0,1.0,1.0,1.0,1.0,1.0,1.0,1.0,1.0,1.0,0.0018059787107631564,51,14,14,18,7,49,18,14,19,35,16,9,32
901,0.7575757575757576,0.9,1.0,0.6666666666666666,1.0,0.78125,0.9,0.7142857142857143,0.6666666666666666,0.782608695652174,0.7777777777777778,0.75,0.625,1.2082586288452148,33,10,7,9,8,32,10,14,9,23,9,12,16,1.0,1.0,1.0,1.0,1.0,1.0,1.0,1.0,1.0,1.0,1.0,1.0,1.0,0.0017998638795688748,51,14,14,18,7,49,18,14,19,35,16,9,32
902,0.7575757575757576,0.9,1.0,0.6666666666666666,1.0,0.78125,0.9,0.7142857142857143,0.6666666666666666,0.782608695652174,0.7777777777777778,0.75,0.625,1.2088797092437744,33,10,7,9,8,32,10,14,9,23,9,12,16,1.0,1.0,1.0,1.0,1.0,1.0,1.0,1.0,1.0,1.0,1.0,1.0,1.0,0.001793926814571023,51,14,14,18,7,49,18,14,19,35,16,9,32
903,0.7575757575757576,0.9,1.0,0.6666666666666666,1.0,0.78125,0.9,0.7142857142857143,0.6666666666666666,0.782608695652174,0.7777777777777778,0.75,0.625,1.2094917297363281,33,10,7,9,8,32,10,14,9,23,9,12,16,1.0,1.0,1.0,1.0,1.0,1.0,1.0,1.0,1.0,1.0,1.0,1.0,1.0,0.001787802786566317,51,14,14,18,7,49,18,14,19,35,16,9,32
904,0.7575757575757576,0.9,1.0,0.6666666666666666,1.0,0.78125,0.9,0.7142857142857143,0.6666666666666666,0.782608695652174,0.7777777777777778,0.75,0.625,1.2100963592529297,33,10,7,9,8,32,10,14,9,23,9,12,16,1.0,1.0,1.0,1.0,1.0,1.0,1.0,1.0,1.0,1.0,1.0,1.0,1.0,0.001781828235834837,51,14,14,18,7,49,18,14,19,35,16,9,32
905,0.7575757575757576,0.9,1.0,0.6666666666666666,1.0,0.78125,0.9,0.7142857142857143,0.6666666666666666,0.782608695652174,0.7777777777777778,0.75,0.625,1.2107031345367432,33,10,7,9,8,32,10,14,9,23,9,12,16,1.0,1.0,1.0,1.0,1.0,1.0,1.0,1.0,1.0,1.0,1.0,1.0,1.0,0.0017758164322003722,51,14,14,18,7,49,18,14,19,35,16,9,32
906,0.7575757575757576,0.9,1.0,0.6666666666666666,1.0,0.78125,0.9,0.7142857142857143,0.6666666666666666,0.782608695652174,0.7777777777777778,0.75,0.625,1.2113151550292969,33,10,7,9,8,32,10,14,9,23,9,12,16,1.0,1.0,1.0,1.0,1.0,1.0,1.0,1.0,1.0,1.0,1.0,1.0,1.0,0.0017698886804282665,51,14,14,18,7,49,18,14,19,35,16,9,32
907,0.7575757575757576,0.9,1.0,0.6666666666666666,1.0,0.78125,0.9,0.7142857142857143,0.6666666666666666,0.782608695652174,0.7777777777777778,0.75,0.625,1.2119348049163818,33,10,7,9,8,32,10,14,9,23,9,12,16,1.0,1.0,1.0,1.0,1.0,1.0,1.0,1.0,1.0,1.0,1.0,1.0,1.0,0.0017640076112002134,51,14,14,18,7,49,18,14,19,35,16,9,32
908,0.7575757575757576,0.9,1.0,0.6666666666666666,1.0,0.78125,0.9,0.7142857142857143,0.6666666666666666,0.782608695652174,0.7777777777777778,0.75,0.625,1.2125568389892578,33,10,7,9,8,32,10,14,9,23,9,12,16,1.0,1.0,1.0,1.0,1.0,1.0,1.0,1.0,1.0,1.0,1.0,1.0,1.0,0.0017580892890691757,51,14,14,18,7,49,18,14,19,35,16,9,32
909,0.7575757575757576,0.9,1.0,0.6666666666666666,1.0,0.78125,0.9,0.7142857142857143,0.6666666666666666,0.782608695652174,0.7777777777777778,0.75,0.625,1.2131799459457397,33,10,7,9,8,32,10,14,9,23,9,12,16,1.0,1.0,1.0,1.0,1.0,1.0,1.0,1.0,1.0,1.0,1.0,1.0,1.0,0.001752255018800497,51,14,14,18,7,49,18,14,19,35,16,9,32
910,0.7575757575757576,0.9,1.0,0.6666666666666666,1.0,0.78125,0.9,0.7142857142857143,0.6666666666666666,0.782608695652174,0.7777777777777778,0.75,0.625,1.2137963771820068,33,10,7,9,8,32,10,14,9,23,9,12,16,1.0,1.0,1.0,1.0,1.0,1.0,1.0,1.0,1.0,1.0,1.0,1.0,1.0,0.0017464394913986325,51,14,14,18,7,49,18,14,19,35,16,9,32
911,0.7575757575757576,0.9,1.0,0.6666666666666666,1.0,0.78125,0.9,0.7142857142857143,0.6666666666666666,0.782608695652174,0.7777777777777778,0.75,0.625,1.2144047021865845,33,10,7,9,8,32,10,14,9,23,9,12,16,1.0,1.0,1.0,1.0,1.0,1.0,1.0,1.0,1.0,1.0,1.0,1.0,1.0,0.0017406893894076347,51,14,14,18,7,49,18,14,19,35,16,9,32
912,0.7575757575757576,0.9,1.0,0.6666666666666666,1.0,0.78125,0.9,0.7142857142857143,0.6666666666666666,0.782608695652174,0.7777777777777778,0.75,0.625,1.2150052785873413,33,10,7,9,8,32,10,14,9,23,9,12,16,1.0,1.0,1.0,1.0,1.0,1.0,1.0,1.0,1.0,1.0,1.0,1.0,1.0,0.001734836376272142,51,14,14,18,7,49,18,14,19,35,16,9,32
913,0.7575757575757576,0.9,1.0,0.6666666666666666,1.0,0.78125,0.9,0.7142857142857143,0.6666666666666666,0.782608695652174,0.7777777777777778,0.75,0.625,1.2156075239181519,33,10,7,9,8,32,10,14,9,23,9,12,16,1.0,1.0,1.0,1.0,1.0,1.0,1.0,1.0,1.0,1.0,1.0,1.0,1.0,0.0017291984986513853,51,14,14,18,7,49,18,14,19,35,16,9,32
914,0.7575757575757576,0.9,1.0,0.6666666666666666,1.0,0.78125,0.9,0.7142857142857143,0.6666666666666666,0.782608695652174,0.7777777777777778,0.75,0.625,1.21621572971344,33,10,7,9,8,32,10,14,9,23,9,12,16,1.0,1.0,1.0,1.0,1.0,1.0,1.0,1.0,1.0,1.0,1.0,1.0,1.0,0.001723588677123189,51,14,14,18,7,49,18,14,19,35,16,9,32
915,0.7575757575757576,0.9,1.0,0.6666666666666666,1.0,0.78125,0.9,0.7142857142857143,0.6666666666666666,0.782608695652174,0.7777777777777778,0.75,0.625,1.2168248891830444,33,10,7,9,8,32,10,14,9,23,9,12,16,1.0,1.0,1.0,1.0,1.0,1.0,1.0,1.0,1.0,1.0,1.0,1.0,1.0,0.001717819832265377,51,14,14,18,7,49,18,14,19,35,16,9,32
916,0.7575757575757576,0.9,1.0,0.6666666666666666,1.0,0.78125,0.9,0.7142857142857143,0.6666666666666666,0.782608695652174,0.7777777777777778,0.75,0.625,1.2174367904663086,33,10,7,9,8,32,10,14,9,23,9,12,16,1.0,1.0,1.0,1.0,1.0,1.0,1.0,1.0,1.0,1.0,1.0,1.0,1.0,0.0017121726414188743,51,14,14,18,7,49,18,14,19,35,16,9,32
917,0.7575757575757576,0.9,1.0,0.6666666666666666,1.0,0.78125,0.9,0.7142857142857143,0.6666666666666666,0.782608695652174,0.7777777777777778,0.75,0.625,1.2180495262145996,33,10,7,9,8,32,10,14,9,23,9,12,16,1.0,1.0,1.0,1.0,1.0,1.0,1.0,1.0,1.0,1.0,1.0,1.0,1.0,0.0017065814463421702,51,14,14,18,7,49,18,14,19,35,16,9,32
918,0.7575757575757576,0.9,1.0,0.6666666666666666,1.0,0.78125,0.9,0.7142857142857143,0.6666666666666666,0.782608695652174,0.7777777777777778,0.75,0.625,1.2186552286148071,33,10,7,9,8,32,10,14,9,23,9,12,16,1.0,1.0,1.0,1.0,1.0,1.0,1.0,1.0,1.0,1.0,1.0,1.0,1.0,0.0017009623115882277,51,14,14,18,7,49,18,14,19,35,16,9,32
919,0.7575757575757576,0.9,1.0,0.6666666666666666,1.0,0.78125,0.9,0.7142857142857143,0.6666666666666666,0.782608695652174,0.7777777777777778,0.75,0.625,1.2192572355270386,33,10,7,9,8,32,10,14,9,23,9,12,16,1.0,1.0,1.0,1.0,1.0,1.0,1.0,1.0,1.0,1.0,1.0,1.0,1.0,0.0016954179154708982,51,14,14,18,7,49,18,14,19,35,16,9,32
920,0.7575757575757576,0.9,1.0,0.6666666666666666,1.0,0.78125,0.9,0.7142857142857143,0.6666666666666666,0.782608695652174,0.7777777777777778,0.75,0.625,1.2198550701141357,33,10,7,9,8,32,10,14,9,23,9,12,16,1.0,1.0,1.0,1.0,1.0,1.0,1.0,1.0,1.0,1.0,1.0,1.0,1.0,0.0016898640897125006,51,14,14,18,7,49,18,14,19,35,16,9,32
921,0.7575757575757576,0.9,1.0,0.6666666666666666,1.0,0.78125,0.9,0.7142857142857143,0.6666666666666666,0.782608695652174,0.7777777777777778,0.75,0.625,1.2204506397247314,33,10,7,9,8,32,10,14,9,23,9,12,16,1.0,1.0,1.0,1.0,1.0,1.0,1.0,1.0,1.0,1.0,1.0,1.0,1.0,0.0016843477496877313,51,14,14,18,7,49,18,14,19,35,16,9,32
922,0.7575757575757576,0.9,1.0,0.6666666666666666,1.0,0.78125,0.9,0.7142857142857143,0.6666666666666666,0.782608695652174,0.7777777777777778,0.75,0.625,1.22105073928833,33,10,7,9,8,32,10,14,9,23,9,12,16,1.0,1.0,1.0,1.0,1.0,1.0,1.0,1.0,1.0,1.0,1.0,1.0,1.0,0.0016788687789812684,51,14,14,18,7,49,18,14,19,35,16,9,32
923,0.7575757575757576,0.9,1.0,0.6666666666666666,1.0,0.78125,0.9,0.7142857142857143,0.6666666666666666,0.782608695652174,0.7777777777777778,0.75,0.625,1.221657633781433,33,10,7,9,8,32,10,14,9,23,9,12,16,1.0,1.0,1.0,1.0,1.0,1.0,1.0,1.0,1.0,1.0,1.0,1.0,1.0,0.0016735020326450467,51,14,14,18,7,49,18,14,19,35,16,9,32
924,0.7575757575757576,0.9,1.0,0.6666666666666666,1.0,0.78125,0.9,0.7142857142857143,0.6666666666666666,0.782608695652174,0.7777777777777778,0.75,0.625,1.2222661972045898,33,10,7,9,8,32,10,14,9,23,9,12,16,1.0,1.0,1.0,1.0,1.0,1.0,1.0,1.0,1.0,1.0,1.0,1.0,1.0,0.0016680324915796518,51,14,14,18,7,49,18,14,19,35,16,9,32
925,0.7575757575757576,0.9,1.0,0.6666666666666666,1.0,0.78125,0.9,0.7142857142857143,0.6666666666666666,0.782608695652174,0.7777777777777778,0.75,0.625,1.2228697538375854,33,10,7,9,8,32,10,14,9,23,9,12,16,1.0,1.0,1.0,1.0,1.0,1.0,1.0,1.0,1.0,1.0,1.0,1.0,1.0,0.0016625722637400031,51,14,14,18,7,49,18,14,19,35,16,9,32
926,0.7575757575757576,0.9,1.0,0.6666666666666666,1.0,0.78125,0.9,0.7142857142857143,0.6666666666666666,0.782608695652174,0.7777777777777778,0.75,0.625,1.22346830368042,33,10,7,9,8,32,10,14,9,23,9,12,16,1.0,1.0,1.0,1.0,1.0,1.0,1.0,1.0,1.0,1.0,1.0,1.0,1.0,0.0016572428867220879,51,14,14,18,7,49,18,14,19,35,16,9,32
927,0.7575757575757576,0.9,1.0,0.6666666666666666,1.0,0.78125,0.9,0.7142857142857143,0.6666666666666666,0.782608695652174,0.7777777777777778,0.75,0.625,1.2240583896636963,33,10,7,9,8,32,10,14,9,23,9,12,16,1.0,1.0,1.0,1.0,1.0,1.0,1.0,1.0,1.0,1.0,1.0,1.0,1.0,0.0016518293414264917,51,14,14,18,7,49,18,14,19,35,16,9,32
928,0.7575757575757576,0.9,1.0,0.6666666666666666,1.0,0.78125,0.9,0.7142857142857143,0.6666666666666666,0.782608695652174,0.7777777777777778,0.75,0.625,1.2246510982513428,33,10,7,9,8,32,10,14,9,23,9,12,16,1.0,1.0,1.0,1.0,1.0,1.0,1.0,1.0,1.0,1.0,1.0,1.0,1.0,0.0016466121887788177,51,14,14,18,7,49,18,14,19,35,16,9,32
929,0.7575757575757576,0.9,1.0,0.6666666666666666,1.0,0.78125,0.9,0.7142857142857143,0.6666666666666666,0.782608695652174,0.7777777777777778,0.75,0.625,1.225245714187622,33,10,7,9,8,32,10,14,9,23,9,12,16,1.0,1.0,1.0,1.0,1.0,1.0,1.0,1.0,1.0,1.0,1.0,1.0,1.0,0.0016412266995757818,51,14,14,18,7,49,18,14,19,35,16,9,32
930,0.7575757575757576,0.9,1.0,0.6666666666666666,1.0,0.78125,0.9,0.7142857142857143,0.6666666666666666,0.782608695652174,0.7777777777777778,0.75,0.625,1.2258414030075073,33,10,7,9,8,32,10,14,9,23,9,12,16,1.0,1.0,1.0,1.0,1.0,1.0,1.0,1.0,1.0,1.0,1.0,1.0,1.0,0.0016359814908355474,51,14,14,18,7,49,18,14,19,35,16,9,32
931,0.7575757575757576,0.9,1.0,0.6666666666666666,1.0,0.78125,0.9,0.7142857142857143,0.6666666666666666,0.782608695652174,0.7777777777777778,0.75,0.625,1.2264395952224731,33,10,7,9,8,32,10,14,9,23,9,12,16,1.0,1.0,1.0,1.0,1.0,1.0,1.0,1.0,1.0,1.0,1.0,1.0,1.0,0.0016307830810546875,51,14,14,18,7,49,18,14,19,35,16,9,32
932,0.7575757575757576,0.9,1.0,0.6666666666666666,1.0,0.78125,0.9,0.7142857142857143,0.6666666666666666,0.782608695652174,0.7777777777777778,0.75,0.625,1.2270395755767822,33,10,7,9,8,32,10,14,9,23,9,12,16,1.0,1.0,1.0,1.0,1.0,1.0,1.0,1.0,1.0,1.0,1.0,1.0,1.0,0.001625425647944212,51,14,14,18,7,49,18,14,19,35,16,9,32
933,0.7575757575757576,0.9,1.0,0.6666666666666666,1.0,0.78125,0.9,0.7142857142857143,0.6666666666666666,0.782608695652174,0.7777777777777778,0.75,0.625,1.2276374101638794,33,10,7,9,8,32,10,14,9,23,9,12,16,1.0,1.0,1.0,1.0,1.0,1.0,1.0,1.0,1.0,1.0,1.0,1.0,1.0,0.0016202458646148443,51,14,14,18,7,49,18,14,19,35,16,9,32
934,0.7575757575757576,0.9,1.0,0.6666666666666666,1.0,0.78125,0.9,0.7142857142857143,0.6666666666666666,0.782608695652174,0.7777777777777778,0.75,0.625,1.2282289266586304,33,10,7,9,8,32,10,14,9,23,9,12,16,1.0,1.0,1.0,1.0,1.0,1.0,1.0,1.0,1.0,1.0,1.0,1.0,1.0,0.0016150848241522908,51,14,14,18,7,49,18,14,19,35,16,9,32
935,0.7575757575757576,0.9,1.0,0.6666666666666666,1.0,0.78125,0.9,0.7142857142857143,0.6666666666666666,0.782608695652174,0.7777777777777778,0.75,0.625,1.228813886642456,33,10,7,9,8,32,10,14,9,23,9,12,16,1.0,1.0,1.0,1.0,1.0,1.0,1.0,1.0,1.0,1.0,1.0,1.0,1.0,0.0016099237836897373,51,14,14,18,7,49,18,14,19,35,16,9,32
936,0.7575757575757576,0.9,1.0,0.6666666666666666,1.0,0.78125,0.9,0.7142857142857143,0.6666666666666666,0.782608695652174,0.7777777777777778,0.75,0.625,1.2293987274169922,33,10,7,9,8,32,10,14,9,23,9,12,16,1.0,1.0,1.0,1.0,1.0,1.0,1.0,1.0,1.0,1.0,1.0,1.0,1.0,0.0016047346871346235,51,14,14,18,7,49,18,14,19,35,16,9,32
937,0.7575757575757576,0.9,1.0,0.6666666666666666,1.0,0.78125,0.9,0.7142857142857143,0.6666666666666666,0.782608695652174,0.7777777777777778,0.75,0.625,1.2299853563308716,33,10,7,9,8,32,10,14,9,23,9,12,16,1.0,1.0,1.0,1.0,1.0,1.0,1.0,1.0,1.0,1.0,1.0,1.0,1.0,0.0015996017027646303,51,14,14,18,7,49,18,14,19,35,16,9,32
938,0.7575757575757576,0.9,1.0,0.6666666666666666,1.0,0.78125,0.9,0.7142857142857143,0.6666666666666666,0.782608695652174,0.7777777777777778,0.75,0.625,1.2305735349655151,33,10,7,9,8,32,10,14,9,23,9,12,16,1.0,1.0,1.0,1.0,1.0,1.0,1.0,1.0,1.0,1.0,1.0,1.0,1.0,0.0015945715131238103,51,14,14,18,7,49,18,14,19,35,16,9,32
939,0.7575757575757576,0.9,1.0,0.6666666666666666,1.0,0.78125,0.9,0.7142857142857143,0.6666666666666666,0.782608695652174,0.7777777777777778,0.75,0.625,1.2311618328094482,33,10,7,9,8,32,10,14,9,23,9,12,16,1.0,1.0,1.0,1.0,1.0,1.0,1.0,1.0,1.0,1.0,1.0,1.0,1.0,0.0015894852112978697,51,14,14,18,7,49,18,14,19,35,16,9,32
940,0.7575757575757576,0.9,1.0,0.6666666666666666,1.0,0.78125,0.9,0.7142857142857143,0.6666666666666666,0.782608695652174,0.7777777777777778,0.75,0.625,1.2317512035369873,33,10,7,9,8,32,10,14,9,23,9,12,16,1.0,1.0,1.0,1.0,1.0,1.0,1.0,1.0,1.0,1.0,1.0,1.0,1.0,0.0015844270819798112,51,14,14,18,7,49,18,14,19,35,16,9,32
941,0.7575757575757576,0.9,1.0,0.6666666666666666,1.0,0.78125,0.9,0.7142857142857143,0.6666666666666666,0.782608695652174,0.7777777777777778,0.75,0.625,1.2323411703109741,33,10,7,9,8,32,10,14,9,23,9,12,16,1.0,1.0,1.0,1.0,1.0,1.0,1.0,1.0,1.0,1.0,1.0,1.0,1.0,0.001579481060616672,51,14,14,18,7,49,18,14,19,35,16,9,32
942,0.7575757575757576,0.9,1.0,0.6666666666666666,1.0,0.78125,0.9,0.7142857142857143,0.6666666666666666,0.782608695652174,0.7777777777777778,0.75,0.625,1.2329341173171997,33,10,7,9,8,32,10,14,9,23,9,12,16,1.0,1.0,1.0,1.0,1.0,1.0,1.0,1.0,1.0,1.0,1.0,1.0,1.0,0.0015744694974273443,51,14,14,18,7,49,18,14,19,35,16,9,32
943,0.7575757575757576,0.9,1.0,0.6666666666666666,1.0,0.78125,0.9,0.7142857142857143,0.6666666666666666,0.782608695652174,0.7777777777777778,0.75,0.625,1.2335271835327148,33,10,7,9,8,32,10,14,9,23,9,12,16,1.0,1.0,1.0,1.0,1.0,1.0,1.0,1.0,1.0,1.0,1.0,1.0,1.0,0.0015695609617978334,51,14,14,18,7,49,18,14,19,35,16,9,32
944,0.7575757575757576,0.9,1.0,0.6666666666666666,1.0,0.78125,0.9,0.7142857142857143,0.6666666666666666,0.782608695652174,0.7777777777777778,0.75,0.625,1.234115719795227,33,10,7,9,8,32,10,14,9,23,9,12,16,1.0,1.0,1.0,1.0,1.0,1.0,1.0,1.0,1.0,1.0,1.0,1.0,1.0,0.0015645307721570134,51,14,14,18,7,49,18,14,19,35,16,9,32
945,0.7575757575757576,0.9,1.0,0.6666666666666666,1.0,0.78125,0.9,0.7142857142857143,0.6666666666666666,0.782608695652174,0.7777777777777778,0.75,0.625,1.2346919775009155,33,10,7,9,8,32,10,14,9,23,9,12,16,1.0,1.0,1.0,1.0,1.0,1.0,1.0,1.0,1.0,1.0,1.0,1.0,1.0,0.0015595847507938743,51,14,14,18,7,49,18,14,19,35,16,9,32
946,0.7575757575757576,0.9,1.0,0.6666666666666666,1.0,0.78125,0.9,0.7142857142857143,0.6666666666666666,0.782608695652174,0.7777777777777778,0.75,0.625,1.2352641820907593,33,10,7,9,8,32,10,14,9,23,9,12,16,1.0,1.0,1.0,1.0,1.0,1.0,1.0,1.0,1.0,1.0,1.0,1.0,1.0,0.0015547415241599083,51,14,14,18,7,49,18,14,19,35,16,9,32
947,0.7575757575757576,0.9,1.0,0.6666666666666666,1.0,0.78125,0.9,0.7142857142857143,0.6666666666666666,0.782608695652174,0.7777777777777778,0.75,0.625,1.235840082168579,33,10,7,9,8,32,10,14,9,23,9,12,16,1.0,1.0,1.0,1.0,1.0,1.0,1.0,1.0,1.0,1.0,1.0,1.0,1.0,0.0015499452129006386,51,14,14,18,7,49,18,14,19,35,16,9,32
948,0.7575757575757576,0.9,1.0,0.6666666666666666,1.0,0.78125,0.9,0.7142857142857143,0.6666666666666666,0.782608695652174,0.7777777777777778,0.75,0.625,1.2364237308502197,33,10,7,9,8,32,10,14,9,23,9,12,16,1.0,1.0,1.0,1.0,1.0,1.0,1.0,1.0,1.0,1.0,1.0,1.0,1.0,0.0015450085047632456,51,14,14,18,7,49,18,14,19,35,16,9,32
949,0.7575757575757576,0.9,1.0,0.6666666666666666,1.0,0.78125,0.9,0.7142857142857143,0.6666666666666666,0.782608695652174,0.7777777777777778,0.75,0.625,1.2370095252990723,33,10,7,9,8,32,10,14,9,23,9,12,16,1.0,1.0,1.0,1.0,1.0,1.0,1.0,1.0,1.0,1.0,1.0,1.0,1.0,0.0015402401331812143,51,14,14,18,7,49,18,14,19,35,16,9,32
950,0.7575757575757576,0.9,1.0,0.6666666666666666,1.0,0.78125,0.9,0.7142857142857143,0.6666666666666666,0.782608695652174,0.7777777777777778,0.75,0.625,1.2376008033752441,33,10,7,9,8,32,10,14,9,23,9,12,16,1.0,1.0,1.0,1.0,1.0,1.0,1.0,1.0,1.0,1.0,1.0,1.0,1.0,0.001535462448373437,51,14,14,18,7,49,18,14,19,35,16,9,32
951,0.7575757575757576,0.9,1.0,0.6666666666666666,1.0,0.78125,0.9,0.7142857142857143,0.6666666666666666,0.782608695652174,0.7777777777777778,0.75,0.625,1.2381916046142578,33,10,7,9,8,32,10,14,9,23,9,12,16,1.0,1.0,1.0,1.0,1.0,1.0,1.0,1.0,1.0,1.0,1.0,1.0,1.0,0.001530712703242898,51,14,14,18,7,49,18,14,19,35,16,9,32
952,0.7575757575757576,0.9,1.0,0.6666666666666666,1.0,0.78125,0.9,0.7142857142857143,0.6666666666666666,0.782608695652174,0.7777777777777778,0.75,0.625,1.2387737035751343,33,10,7,9,8,32,10,14,9,23,9,12,16,1.0,1.0,1.0,1.0,1.0,1.0,1.0,1.0,1.0,1.0,1.0,1.0,1.0,0.0015258882194757462,51,14,14,18,7,49,18,14,19,35,16,9,32
953,0.7575757575757576,0.9,1.0,0.6666666666666666,1.0,0.78125,0.9,0.7142857142857143,0.6666666666666666,0.782608695652174,0.7777777777777778,0.75,0.625,1.2393490076065063,33,10,7,9,8,32,10,14,9,23,9,12,16,1.0,1.0,1.0,1.0,1.0,1.0,1.0,1.0,1.0,1.0,1.0,1.0,1.0,0.0015211666468530893,51,14,14,18,7,49,18,14,19,35,16,9,32
954,0.7575757575757576,0.9,1.0,0.6666666666666666,1.0,0.78125,0.9,0.7142857142857143,0.6666666666666666,0.782608695652174,0.7777777777777778,0.75,0.625,1.2399187088012695,33,10,7,9,8,32,10,14,9,23,9,12,16,1.0,1.0,1.0,1.0,1.0,1.0,1.0,1.0,1.0,1.0,1.0,1.0,1.0,0.001516398275271058,51,14,14,18,7,49,18,14,19,35,16,9,32
955,0.7575757575757576,0.9,1.0,0.6666666666666666,1.0,0.78125,0.9,0.7142857142857143,0.6666666666666666,0.782608695652174,0.7777777777777778,0.75,0.625,1.2404866218566895,33,10,7,9,8,32,10,14,9,23,9,12,16,1.0,1.0,1.0,1.0,1.0,1.0,1.0,1.0,1.0,1.0,1.0,1.0,1.0,0.0015117326984182,51,14,14,18,7,49,18,14,19,35,16,9,32
956,0.7575757575757576,0.9,1.0,0.6666666666666666,1.0,0.78125,0.9,0.7142857142857143,0.6666666666666666,0.782608695652174,0.7777777777777778,0.75,0.625,1.2410547733306885,33,10,7,9,8,32,10,14,9,23,9,12,16,1.0,1.0,1.0,1.0,1.0,1.0,1.0,1.0,1.0,1.0,1.0,1.0,1.0,0.001506992382928729,51,14,14,18,7,49,18,14,19,35,16,9,32
957,0.7575757575757576,0.9,1.0,0.6666666666666666,1.0,0.78125,0.9,0.7142857142857143,0.6666666666666666,0.782608695652174,0.7777777777777778,0.75,0.625,1.2416304349899292,33,10,7,9,8,32,10,14,9,23,9,12,16,1.0,1.0,1.0,1.0,1.0,1.0,1.0,1.0,1.0,1.0,1.0,1.0,1.0,0.0015024016611278057,51,14,14,18,7,49,18,14,19,35,16,9,32
958,0.7575757575757576,0.9,1.0,0.6666666666666666,1.0,0.78125,0.9,0.7142857142857143,0.6666666666666666,0.782608695652174,0.7777777777777778,0.75,0.625,1.2422136068344116,33,10,7,9,8,32,10,14,9,23,9,12,16,1.0,1.0,1.0,1.0,1.0,1.0,1.0,1.0,1.0,1.0,1.0,1.0,1.0,0.0014978577382862568,51,14,14,18,7,49,18,14,19,35,16,9,32
959,0.7575757575757576,0.9,1.0,0.6666666666666666,1.0,0.78125,0.9,0.7142857142857143,0.6666666666666666,0.782608695652174,0.7777777777777778,0.75,0.625,1.242805004119873,33,10,7,9,8,32,10,14,9,23,9,12,16,1.0,1.0,1.0,1.0,1.0,1.0,1.0,1.0,1.0,1.0,1.0,1.0,1.0,0.001493220217525959,51,14,14,18,7,49,18,14,19,35,16,9,32
960,0.7575757575757576,0.9,1.0,0.6666666666666666,1.0,0.78125,0.9,0.7142857142857143,0.6666666666666666,0.782608695652174,0.7777777777777778,0.75,0.625,1.243390679359436,33,10,7,9,8,32,10,14,9,23,9,12,16,1.0,1.0,1.0,1.0,1.0,1.0,1.0,1.0,1.0,1.0,1.0,1.0,1.0,0.001488657551817596,51,14,14,18,7,49,18,14,19,35,16,9,32
961,0.7575757575757576,0.9,1.0,0.6666666666666666,1.0,0.78125,0.9,0.7142857142857143,0.6666666666666666,0.782608695652174,0.7777777777777778,0.75,0.625,1.2439651489257812,33,10,7,9,8,32,10,14,9,23,9,12,16,1.0,1.0,1.0,1.0,1.0,1.0,1.0,1.0,1.0,1.0,1.0,1.0,1.0,0.0014840575167909265,51,14,14,18,7,49,18,14,19,35,16,9,32
962,0.7575757575757576,0.9,1.0,0.6666666666666666,1.0,0.78125,0.9,0.7142857142857143,0.6666666666666666,0.782608695652174,0.7777777777777778,0.75,0.625,1.244530439376831,33,10,7,9,8,32,10,14,9,23,9,12,16,1.0,1.0,1.0,1.0,1.0,1.0,1.0,1.0,1.0,1.0,1.0,1.0,1.0,0.0014795322204008698,51,14,14,18,7,49,18,14,19,35,16,9,32
963,0.7575757575757576,0.9,1.0,0.6666666666666666,1.0,0.78125,0.9,0.7142857142857143,0.6666666666666666,0.782608695652174,0.7777777777777778,0.75,0.625,1.2450873851776123,33,10,7,9,8,32,10,14,9,23,9,12,16,1.0,1.0,1.0,1.0,1.0,1.0,1.0,1.0,1.0,1.0,1.0,1.0,1.0,0.001474997610785067,51,14,14,18,7,49,18,14,19,35,16,9,32
964,0.7575757575757576,0.9,1.0,0.6666666666666666,1.0,0.78125,0.9,0.7142857142857143,0.6666666666666666,0.782608695652174,0.7777777777777778,0.75,0.625,1.245652198791504,33,10,7,9,8,32,10,14,9,23,9,12,16,1.0,1.0,1.0,1.0,1.0,1.0,1.0,1.0,1.0,1.0,1.0,1.0,1.0,0.0014705751091241837,51,14,14,18,7,49,18,14,19,35,16,9,32
965,0.7575757575757576,0.9,1.0,0.6666666666666666,1.0,0.78125,0.9,0.7142857142857143,0.6666666666666666,0.782608695652174,0.7777777777777778,0.75,0.625,1.2462223768234253,33,10,7,9,8,32,10,14,9,23,9,12,16,1.0,1.0,1.0,1.0,1.0,1.0,1.0,1.0,1.0,1.0,1.0,1.0,1.0,0.0014660311862826347,51,14,14,18,7,49,18,14,19,35,16,9,32
966,0.7575757575757576,0.9,1.0,0.6666666666666666,1.0,0.78125,0.9,0.7142857142857143,0.6666666666666666,0.782608695652174,0.7777777777777778,0.75,0.625,1.2467966079711914,33,10,7,9,8,32,10,14,9,23,9,12,16,1.0,1.0,1.0,1.0,1.0,1.0,1.0,1.0,1.0,1.0,1.0,1.0,1.0,0.0014615432592108846,51,14,14,18,7,49,18,14,19,35,16,9,32
967,0.7575757575757576,0.9,1.0,0.6666666666666666,1.0,0.78125,0.9,0.7142857142857143,0.6666666666666666,0.782608695652174,0.7777777777777778,0.75,0.625,1.2473748922348022,33,10,7,9,8,32,10,14,9,23,9,12,16,1.0,1.0,1.0,1.0,1.0,1.0,1.0,1.0,1.0,1.0,1.0,1.0,1.0,0.001457036705687642,51,14,14,18,7,49,18,14,19,35,16,9,32
968,0.7575757575757576,0.9,1.0,0.6666666666666666,1.0,0.78125,0.9,0.7142857142857143,0.6666666666666666,0.782608695652174,0.7777777777777778,0.75,0.625,1.2479503154754639,33,10,7,9,8,32,10,14,9,23,9,12,16,1.0,1.0,1.0,1.0,1.0,1.0,1.0,1.0,1.0,1.0,1.0,1.0,1.0,0.0014527171151712537,51,14,14,18,7,49,18,14,19,35,16,9,32
969,0.7575757575757576,0.9,1.0,0.6666666666666666,1.0,0.78125,0.9,0.7142857142857143,0.6666666666666666,0.782608695652174,0.7777777777777778,0.75,0.625,1.2485194206237793,33,10,7,9,8,32,10,14,9,23,9,12,16,1.0,1.0,1.0,1.0,1.0,1.0,1.0,1.0,1.0,1.0,1.0,1.0,1.0,0.0014482105616480112,51,14,14,18,7,49,18,14,19,35,16,9,32
970,0.7575757575757576,0.9,1.0,0.6666666666666666,1.0,0.78125,0.9,0.7142857142857143,0.6666666666666666,0.782608695652174,0.7777777777777778,0.75,0.625,1.2490830421447754,33,10,7,9,8,32,10,14,9,23,9,12,16,1.0,1.0,1.0,1.0,1.0,1.0,1.0,1.0,1.0,1.0,1.0,1.0,1.0,0.0014437880599871278,51,14,14,18,7,49,18,14,19,35,16,9,32
971,0.7575757575757576,0.9,1.0,0.6666666666666666,1.0,0.78125,0.9,0.7142857142857143,0.6666666666666666,0.782608695652174,0.7777777777777778,0.75,0.625,1.249645471572876,33,10,7,9,8,32,10,14,9,23,9,12,16,1.0,1.0,1.0,1.0,1.0,1.0,1.0,1.0,1.0,1.0,1.0,1.0,1.0,0.0014395152684301138,51,14,14,18,7,49,18,14,19,35,16,9,32
972,0.7575757575757576,0.9,1.0,0.6666666666666666,1.0,0.78125,0.9,0.7142857142857143,0.6666666666666666,0.782608695652174,0.7777777777777778,0.75,0.625,1.250210165977478,33,10,7,9,8,32,10,14,9,23,9,12,16,1.0,1.0,1.0,1.0,1.0,1.0,1.0,1.0,1.0,1.0,1.0,1.0,1.0,0.001435167621821165,51,14,14,18,7,49,18,14,19,35,16,9,32
973,0.7575757575757576,0.9,1.0,0.6666666666666666,1.0,0.78125,0.9,0.7142857142857143,0.6666666666666666,0.782608695652174,0.7777777777777778,0.75,0.625,1.2507741451263428,33,10,7,9,8,32,10,14,9,23,9,12,16,1.0,1.0,1.0,1.0,1.0,1.0,1.0,1.0,1.0,1.0,1.0,1.0,1.0,0.0014308387180790305,51,14,14,18,7,49,18,14,19,35,16,9,32
974,0.7575757575757576,0.9,1.0,0.6666666666666666,1.0,0.78125,0.9,0.7142857142857143,0.6666666666666666,0.782608695652174,0.7777777777777778,0.75,0.625,1.2513388395309448,33,10,7,9,8,32,10,14,9,23,9,12,16,1.0,1.0,1.0,1.0,1.0,1.0,1.0,1.0,1.0,1.0,1.0,1.0,1.0,0.001426519127562642,51,14,14,18,7,49,18,14,19,35,16,9,32
975,0.7575757575757576,0.9,1.0,0.6666666666666666,1.0,0.78125,0.9,0.7142857142857143,0.6666666666666666,0.782608695652174,0.7777777777777778,0.75,0.625,1.2519004344940186,33,10,7,9,8,32,10,14,9,23,9,12,16,1.0,1.0,1.0,1.0,1.0,1.0,1.0,1.0,1.0,1.0,1.0,1.0,1.0,0.0014221621677279472,51,14,14,18,7,49,18,14,19,35,16,9,32
976,0.7575757575757576,0.9,1.0,0.6666666666666666,1.0,0.78125,0.9,0.7142857142857143,0.6666666666666666,0.782608695652174,0.7777777777777778,0.75,0.625,1.2524657249450684,33,10,7,9,8,32,10,14,9,23,9,12,16,1.0,1.0,1.0,1.0,1.0,1.0,1.0,1.0,1.0,1.0,1.0,1.0,1.0,0.0014179828576743603,51,14,14,18,7,49,18,14,19,35,16,9,32
977,0.7575757575757576,0.9,1.0,0.6666666666666666,1.0,0.78125,0.9,0.7142857142857143,0.6666666666666666,0.782608695652174,0.7777777777777778,0.75,0.625,1.2530332803726196,33,10,7,9,8,32,10,14,9,23,9,12,16,1.0,1.0,1.0,1.0,1.0,1.0,1.0,1.0,1.0,1.0,1.0,1.0,1.0,0.001413747319020331,51,14,14,18,7,49,18,14,19,35,16,9,32
978,0.7575757575757576,0.9,1.0,0.6666666666666666,1.0,0.78125,0.9,0.7142857142857143,0.6666666666666666,0.782608695652174,0.7777777777777778,0.75,0.625,1.2536003589630127,33,10,7,9,8,32,10,14,9,23,9,12,16,1.0,1.0,1.0,1.0,1.0,1.0,1.0,1.0,1.0,1.0,1.0,1.0,1.0,0.0014095213264226913,51,14,14,18,7,49,18,14,19,35,16,9,32
979,0.7575757575757576,0.9,1.0,0.6666666666666666,1.0,0.78125,0.9,0.7142857142857143,0.6666666666666666,0.782608695652174,0.7777777777777778,0.75,0.625,1.2541584968566895,33,10,7,9,8,32,10,14,9,23,9,12,16,1.0,1.0,1.0,1.0,1.0,1.0,1.0,1.0,1.0,1.0,1.0,1.0,1.0,0.0014052203623577952,51,14,14,18,7,49,18,14,19,35,16,9,32
980,0.7575757575757576,0.9,1.0,0.6666666666666666,1.0,0.78125,0.9,0.7142857142857143,0.6666666666666666,0.782608695652174,0.7777777777777778,0.75,0.625,1.2547152042388916,33,10,7,9,8,32,10,14,9,23,9,12,16,1.0,1.0,1.0,1.0,1.0,1.0,1.0,1.0,1.0,1.0,1.0,1.0,1.0,0.0014011252205818892,51,14,14,18,7,49,18,14,19,35,16,9,32
981,0.7575757575757576,0.9,1.0,0.6666666666666666,1.0,0.78125,0.9,0.7142857142857143,0.6666666666666666,0.782608695652174,0.7777777777777778,0.75,0.625,1.255269169807434,33,10,7,9,8,32,10,14,9,23,9,12,16,1.0,1.0,1.0,1.0,1.0,1.0,1.0,1.0,1.0,1.0,1.0,1.0,1.0,0.0013968429993838072,51,14,14,18,7,49,18,14,19,35,16,9,32
982,0.7575757575757576,0.9,1.0,0.6666666666666666,1.0,0.78125,0.9,0.7142857142857143,0.6666666666666666,0.782608695652174,0.7777777777777778,0.75,0.625,1.255824327468872,33,10,7,9,8,32,10,14,9,23,9,12,16,1.0,1.0,1.0,1.0,1.0,1.0,1.0,1.0,1.0,1.0,1.0,1.0,1.0,0.0013927571708336473,51,14,14,18,7,49,18,14,19,35,16,9,32
983,0.7575757575757576,0.9,1.0,0.6666666666666666,1.0,0.78125,0.9,0.7142857142857143,0.6666666666666666,0.782608695652174,0.7777777777777778,0.75,0.625,1.2563854455947876,33,10,7,9,8,32,10,14,9,23,9,12,16,1.0,1.0,1.0,1.0,1.0,1.0,1.0,1.0,1.0,1.0,1.0,1.0,1.0,0.0013886339729651809,51,14,14,18,7,49,18,14,19,35,16,9,32
984,0.7575757575757576,0.9,1.0,0.6666666666666666,1.0,0.78125,0.9,0.7142857142857143,0.6666666666666666,0.782608695652174,0.7777777777777778,0.75,0.625,1.2569472789764404,33,10,7,9,8,32,10,14,9,23,9,12,16,1.0,1.0,1.0,1.0,1.0,1.0,1.0,1.0,1.0,1.0,1.0,1.0,1.0,0.0013844827190041542,51,14,14,18,7,49,18,14,19,35,16,9,32
985,0.7575757575757576,0.9,1.0,0.6666666666666666,1.0,0.78125,0.9,0.7142857142857143,0.6666666666666666,0.782608695652174,0.7777777777777778,0.75,0.625,1.2575098276138306,33,10,7,9,8,32,10,14,9,23,9,12,16,1.0,1.0,1.0,1.0,1.0,1.0,1.0,1.0,1.0,1.0,1.0,1.0,1.0,0.0013803781475871801,51,14,14,18,7,49,18,14,19,35,16,9,32
986,0.7575757575757576,0.9,1.0,0.6666666666666666,1.0,0.78125,0.9,0.7142857142857143,0.6666666666666666,0.782608695652174,0.7777777777777778,0.75,0.625,1.2580686807632446,33,10,7,9,8,32,10,14,9,23,9,12,16,1.0,1.0,1.0,1.0,1.0,1.0,1.0,1.0,1.0,1.0,1.0,1.0,1.0,0.0013762828893959522,51,14,14,18,7,49,18,14,19,35,16,9,32
987,0.7575757575757576,0.9,1.0,0.6666666666666666,1.0,0.78125,0.9,0.7142857142857143,0.6666666666666666,0.782608695652174,0.7777777777777778,0.75,0.625,1.2586320638656616,33,10,7,9,8,32,10,14,9,23,9,12,16,1.0,1.0,1.0,1.0,1.0,1.0,1.0,1.0,1.0,1.0,1.0,1.0,1.0,0.0013723092852160335,51,14,14,18,7,49,18,14,19,35,16,9,32
988,0.7575757575757576,0.9,1.0,0.6666666666666666,1.0,0.78125,0.9,0.7142857142857143,0.6666666666666666,0.782608695652174,0.7777777777777778,0.75,0.625,1.259186029434204,33,10,7,9,8,32,10,14,9,23,9,12,16,1.0,1.0,1.0,1.0,1.0,1.0,1.0,1.0,1.0,1.0,1.0,1.0,1.0,0.0013681486016139388,51,14,14,18,7,49,18,14,19,35,16,9,32
989,0.7575757575757576,0.9,1.0,0.6666666666666666,1.0,0.78125,0.9,0.7142857142857143,0.6666666666666666,0.782608695652174,0.7777777777777778,0.75,0.625,1.2597362995147705,33,10,7,9,8,32,10,14,9,23,9,12,16,1.0,1.0,1.0,1.0,1.0,1.0,1.0,1.0,1.0,1.0,1.0,1.0,1.0,0.00136417499743402,51,14,14,18,7,49,18,14,19,35,16,9,32
990,0.7575757575757576,0.9,1.0,0.6666666666666666,1.0,0.78125,0.9,0.7142857142857143,0.6666666666666666,0.782608695652174,0.7777777777777778,0.75,0.625,1.2602858543395996,33,10,7,9,8,32,10,14,9,23,9,12,16,1.0,1.0,1.0,1.0,1.0,1.0,1.0,1.0,1.0,1.0,1.0,1.0,1.0,0.0013601919636130333,51,14,14,18,7,49,18,14,19,35,16,9,32
991,0.7575757575757576,0.9,1.0,0.6666666666666666,1.0,0.78125,0.9,0.7142857142857143,0.6666666666666666,0.782608695652174,0.7777777777777778,0.75,0.625,1.2608404159545898,33,10,7,9,8,32,10,14,9,23,9,12,16,1.0,1.0,1.0,1.0,1.0,1.0,1.0,1.0,1.0,1.0,1.0,1.0,1.0,0.0013562371022999287,51,14,14,18,7,49,18,14,19,35,16,9,32
992,0.7575757575757576,0.9,1.0,0.6666666666666666,1.0,0.78125,0.9,0.7142857142857143,0.6666666666666666,0.782608695652174,0.7777777777777778,0.75,0.625,1.261398196220398,33,10,7,9,8,32,10,14,9,23,9,12,16,1.0,1.0,1.0,1.0,1.0,1.0,1.0,1.0,1.0,1.0,1.0,1.0,1.0,0.0013522353256121278,51,14,14,18,7,49,18,14,19,35,16,9,32
993,0.7575757575757576,0.9,1.0,0.6666666666666666,1.0,0.78125,0.9,0.7142857142857143,0.6666666666666666,0.782608695652174,0.7777777777777778,0.75,0.625,1.2619504928588867,33,10,7,9,8,32,10,14,9,23,9,12,16,1.0,1.0,1.0,1.0,1.0,1.0,1.0,1.0,1.0,1.0,1.0,1.0,1.0,0.0013481308706104755,51,14,14,18,7,49,18,14,19,35,16,9,32
994,0.7575757575757576,0.9,1.0,0.6666666666666666,1.0,0.78125,0.9,0.7142857142857143,0.6666666666666666,0.782608695652174,0.7777777777777778,0.75,0.625,1.2625000476837158,33,10,7,9,8,32,10,14,9,23,9,12,16,1.0,1.0,1.0,1.0,1.0,1.0,1.0,1.0,1.0,1.0,1.0,1.0,1.0,0.0013442413182929158,51,14,14,18,7,49,18,14,19,35,16,9,32
995,0.7575757575757576,0.9,1.0,0.6666666666666666,1.0,0.78125,0.9,0.7142857142857143,0.6666666666666666,0.782608695652174,0.7777777777777778,0.75,0.625,1.2630492448806763,33,10,7,9,8,32,10,14,9,23,9,12,16,1.0,1.0,1.0,1.0,1.0,1.0,1.0,1.0,1.0,1.0,1.0,1.0,1.0,0.0013403705088421702,51,14,14,18,7,49,18,14,19,35,16,9,32
996,0.7575757575757576,0.9,1.0,0.6666666666666666,1.0,0.78125,0.9,0.7142857142857143,0.6666666666666666,0.782608695652174,0.7777777777777778,0.75,0.625,1.2636032104492188,33,10,7,9,8,32,10,14,9,23,9,12,16,1.0,1.0,1.0,1.0,1.0,1.0,1.0,1.0,1.0,1.0,1.0,1.0,1.0,0.0013364996993914247,51,14,14,18,7,49,18,14,19,35,16,9,32
997,0.7575757575757576,0.9,1.0,0.6666666666666666,1.0,0.78125,0.9,0.7142857142857143,0.6666666666666666,0.782608695652174,0.7777777777777778,0.75,0.625,1.2641545534133911,33,10,7,9,8,32,10,14,9,23,9,12,16,1.0,1.0,1.0,1.0,1.0,1.0,1.0,1.0,1.0,1.0,1.0,1.0,1.0,0.00133254483807832,51,14,14,18,7,49,18,14,19,35,16,9,32
998,0.7575757575757576,0.9,1.0,0.6666666666666666,1.0,0.78125,0.9,0.7142857142857143,0.6666666666666666,0.782608695652174,0.7777777777777778,0.75,0.625,1.2647030353546143,33,10,7,9,8,32,10,14,9,23,9,12,16,1.0,1.0,1.0,1.0,1.0,1.0,1.0,1.0,1.0,1.0,1.0,1.0,1.0,0.0013286179164424539,51,14,14,18,7,49,18,14,19,35,16,9,32
999,0.7575757575757576,0.9,1.0,0.6666666666666666,1.0,0.78125,0.9,0.7142857142857143,0.6666666666666666,0.782608695652174,0.7777777777777778,0.75,0.625,1.2652524709701538,33,10,7,9,8,32,10,14,9,23,9,12,16,1.0,1.0,1.0,1.0,1.0,1.0,1.0,1.0,1.0,1.0,1.0,1.0,1.0,0.0013248686445876956,51,14,14,18,7,49,18,14,19,35,16,9,32
1000,0.7575757575757576,0.9,1.0,0.6666666666666666,1.0,0.78125,0.9,0.7142857142857143,0.6666666666666666,0.782608695652174,0.7777777777777778,0.75,0.625,1.265805721282959,33,10,7,9,8,32,10,14,9,23,9,12,16,1.0,1.0,1.0,1.0,1.0,1.0,1.0,1.0,1.0,1.0,1.0,1.0,1.0,0.001321007264778018,51,14,14,18,7,49,18,14,19,35,16,9,32
