epoch,test_acc,test_acc_channel_music,test_acc_channel_noise,test_acc_channel_telephone,test_acc_gender_female,test_acc_gender_male,test_acc_language_maninka,test_acc_language_pular,test_acc_language_susu,test_acc_speaker_count_multiple,test_acc_speaker_count_single,test_acc_utterance_multilingual,test_acc_utterance_verbal_nod,test_loss,test_n,test_n_channel_music,test_n_channel_noise,test_n_channel_telephone,test_n_gender_female,test_n_gender_male,test_n_language_maninka,test_n_language_pular,test_n_language_susu,test_n_speaker_count_multiple,test_n_speaker_count_single,test_n_utterance_multilingual,test_n_utterance_verbal_nod,train_acc,train_acc_channel_music,train_acc_channel_noise,train_acc_channel_telephone,train_acc_gender_female,train_acc_gender_male,train_acc_language_maninka,train_acc_language_pular,train_acc_language_susu,train_acc_speaker_count_multiple,train_acc_speaker_count_single,train_acc_utterance_multilingual,train_acc_utterance_verbal_nod,train_loss,train_n,train_n_channel_music,train_n_channel_noise,train_n_channel_telephone,train_n_gender_female,train_n_gender_male,train_n_language_maninka,train_n_language_pular,train_n_language_susu,train_n_speaker_count_multiple,train_n_speaker_count_single,train_n_utterance_multilingual,train_n_utterance_verbal_nod
1,0.30303030303030304,0.2222222222222222,0.42857142857142855,0.3333333333333333,0.2,0.3125,0.0,0.0,1.0,0.25,0.4444444444444444,0.25,0.2,1.1064672470092773,33,9,7,9,5,32,12,11,10,24,9,8,20,0.35294117647058826,0.5333333333333333,0.42857142857142855,0.3333333333333333,0.5,0.3469387755102041,0.0,0.0,1.0,0.4117647058823529,0.25,0.23076923076923078,0.32142857142857145,1.1076269149780273,51,15,14,18,10,49,16,17,18,34,16,13,28
2,0.30303030303030304,0.2222222222222222,0.42857142857142855,0.3333333333333333,0.2,0.3125,0.0,0.0,1.0,0.25,0.4444444444444444,0.25,0.2,1.1062251329421997,33,9,7,9,5,32,12,11,10,24,9,8,20,0.35294117647058826,0.5333333333333333,0.42857142857142855,0.3333333333333333,0.5,0.3469387755102041,0.0,0.0,1.0,0.4117647058823529,0.25,0.23076923076923078,0.32142857142857145,1.1071759462356567,51,15,14,18,10,49,16,17,18,34,16,13,28
3,0.30303030303030304,0.2222222222222222,0.42857142857142855,0.3333333333333333,0.2,0.3125,0.0,0.0,1.0,0.25,0.4444444444444444,0.25,0.2,1.1059880256652832,33,9,7,9,5,32,12,11,10,24,9,8,20,0.35294117647058826,0.5333333333333333,0.42857142857142855,0.3333333333333333,0.5,0.3469387755102041,0.0,0.0,1.0,0.4117647058823529,0.25,0.23076923076923078,0.32142857142857145,1.1062495708465576,51,15,14,18,10,49,16,17,18,34,16,13,28
4,0.30303030303030304,0.2222222222222222,0.42857142857142855,0.3333333333333333,0.2,0.3125,0.0,0.0,1.0,0.25,0.4444444444444444,0.25,0.2,1.1057578325271606,33,9,7,9,5,32,12,11,10,24,9,8,20,0.35294117647058826,0.5333333333333333,0.42857142857142855,0.3333333333333333,0.5,0.3469387755102041,0.0,0.0,1.0,0.4117647058823529,0.25,0.23076923076923078,0.32142857142857145,1.1067979335784912,51,15,14,18,10,49,16,17,18,34,16,13,28
5,0.30303030303030304,0.2222222222222222,0.42857142857142855,0.3333333333333333,0.2,0.3125,0.0,0.0,1.0,0.25,0.4444444444444444,0.25,0.2,1.1055408716201782,33,9,7,9,5,32,12,11,10,24,9,8,20,0.35294117647058826,0.5333333333333333,0.42857142857142855,0.3333333333333333,0.5,0.3469387755102041,0.0,0.0,1.0,0.4117647058823529,0.25,0.23076923076923078,0.32142857142857145,1.1063275337219238,51,15,14,18,10,49,16,17,18,34,16,13,28
6,0.30303030303030304,0.2222222222222222,0.42857142857142855,0.3333333333333333,0.2,0.3125,0.0,0.0,1.0,0.25,0.4444444444444444,0.25,0.2,1.105337381362915,33,9,7,9,5,32,12,11,10,24,9,8,20,0.35294117647058826,0.5333333333333333,0.42857142857142855,0.3333333333333333,0.5,0.3469387755102041,0.0,0.0,1.0,0.4117647058823529,0.25,0.23076923076923078,0.32142857142857145,1.1061173677444458,51,15,14,18,10,49,16,17,18,34,16,13,28
7,0.30303030303030304,0.2222222222222222,0.42857142857142855,0.3333333333333333,0.2,0.3125,0.0,0.0,1.0,0.25,0.4444444444444444,0.25,0.2,1.1051427125930786,33,9,7,9,5,32,12,11,10,24,9,8,20,0.35294117647058826,0.5333333333333333,0.42857142857142855,0.3333333333333333,0.5,0.3469387755102041,0.0,0.0,1.0,0.4117647058823529,0.25,0.23076923076923078,0.32142857142857145,1.105175256729126,51,15,14,18,10,49,16,17,18,34,16,13,28
8,0.30303030303030304,0.2222222222222222,0.42857142857142855,0.3333333333333333,0.2,0.3125,0.0,0.0,1.0,0.25,0.4444444444444444,0.25,0.2,1.1049624681472778,33,9,7,9,5,32,12,11,10,24,9,8,20,0.35294117647058826,0.5333333333333333,0.42857142857142855,0.3333333333333333,0.5,0.3469387755102041,0.0,0.0,1.0,0.4117647058823529,0.25,0.23076923076923078,0.32142857142857145,1.1050775051116943,51,15,14,18,10,49,16,17,18,34,16,13,28
9,0.30303030303030304,0.2222222222222222,0.42857142857142855,0.3333333333333333,0.2,0.3125,0.0,0.0,1.0,0.25,0.4444444444444444,0.25,0.2,1.1047945022583008,33,9,7,9,5,32,12,11,10,24,9,8,20,0.35294117647058826,0.5333333333333333,0.42857142857142855,0.3333333333333333,0.5,0.3469387755102041,0.0,0.0,1.0,0.4117647058823529,0.25,0.23076923076923078,0.32142857142857145,1.1051980257034302,51,15,14,18,10,49,16,17,18,34,16,13,28
10,0.30303030303030304,0.2222222222222222,0.42857142857142855,0.3333333333333333,0.2,0.3125,0.0,0.0,1.0,0.25,0.4444444444444444,0.25,0.2,1.1046357154846191,33,9,7,9,5,32,12,11,10,24,9,8,20,0.35294117647058826,0.5333333333333333,0.42857142857142855,0.3333333333333333,0.5,0.3469387755102041,0.0,0.0,1.0,0.4117647058823529,0.25,0.23076923076923078,0.32142857142857145,1.1045564413070679,51,15,14,18,10,49,16,17,18,34,16,13,28
11,0.30303030303030304,0.2222222222222222,0.42857142857142855,0.3333333333333333,0.2,0.3125,0.0,0.0,1.0,0.25,0.4444444444444444,0.25,0.2,1.1044827699661255,33,9,7,9,5,32,12,11,10,24,9,8,20,0.35294117647058826,0.5333333333333333,0.42857142857142855,0.3333333333333333,0.5,0.3469387755102041,0.0,0.0,1.0,0.4117647058823529,0.25,0.23076923076923078,0.32142857142857145,1.1039711236953735,51,15,14,18,10,49,16,17,18,34,16,13,28
12,0.30303030303030304,0.2222222222222222,0.42857142857142855,0.3333333333333333,0.2,0.3125,0.0,0.0,1.0,0.25,0.4444444444444444,0.25,0.2,1.1043329238891602,33,9,7,9,5,32,12,11,10,24,9,8,20,0.35294117647058826,0.5333333333333333,0.42857142857142855,0.3333333333333333,0.5,0.3469387755102041,0.0,0.0,1.0,0.4117647058823529,0.25,0.23076923076923078,0.32142857142857145,1.1042509078979492,51,15,14,18,10,49,16,17,18,34,16,13,28
13,0.30303030303030304,0.2222222222222222,0.42857142857142855,0.3333333333333333,0.2,0.3125,0.0,0.0,1.0,0.25,0.4444444444444444,0.25,0.2,1.1041874885559082,33,9,7,9,5,32,12,11,10,24,9,8,20,0.35294117647058826,0.5333333333333333,0.42857142857142855,0.3333333333333333,0.5,0.3469387755102041,0.0,0.0,1.0,0.4117647058823529,0.25,0.23076923076923078,0.32142857142857145,1.103826642036438,51,15,14,18,10,49,16,17,18,34,16,13,28
14,0.30303030303030304,0.2222222222222222,0.42857142857142855,0.3333333333333333,0.2,0.3125,0.0,0.0,1.0,0.25,0.4444444444444444,0.25,0.2,1.104047417640686,33,9,7,9,5,32,12,11,10,24,9,8,20,0.35294117647058826,0.5333333333333333,0.42857142857142855,0.3333333333333333,0.5,0.3469387755102041,0.0,0.0,1.0,0.4117647058823529,0.25,0.23076923076923078,0.32142857142857145,1.103309988975525,51,15,14,18,10,49,16,17,18,34,16,13,28
15,0.30303030303030304,0.2222222222222222,0.42857142857142855,0.3333333333333333,0.2,0.3125,0.0,0.0,1.0,0.25,0.4444444444444444,0.25,0.2,1.1039165258407593,33,9,7,9,5,32,12,11,10,24,9,8,20,0.35294117647058826,0.5333333333333333,0.42857142857142855,0.3333333333333333,0.5,0.3469387755102041,0.0,0.0,1.0,0.4117647058823529,0.25,0.23076923076923078,0.32142857142857145,1.1028794050216675,51,15,14,18,10,49,16,17,18,34,16,13,28
16,0.30303030303030304,0.2222222222222222,0.42857142857142855,0.3333333333333333,0.2,0.3125,0.0,0.0,1.0,0.25,0.4444444444444444,0.25,0.2,1.1037886142730713,33,9,7,9,5,32,12,11,10,24,9,8,20,0.35294117647058826,0.5333333333333333,0.42857142857142855,0.3333333333333333,0.5,0.3469387755102041,0.0,0.0,1.0,0.4117647058823529,0.25,0.23076923076923078,0.32142857142857145,1.102926254272461,51,15,14,18,10,49,16,17,18,34,16,13,28
17,0.30303030303030304,0.2222222222222222,0.42857142857142855,0.3333333333333333,0.2,0.3125,0.0,0.0,1.0,0.25,0.4444444444444444,0.25,0.2,1.1036663055419922,33,9,7,9,5,32,12,11,10,24,9,8,20,0.35294117647058826,0.5333333333333333,0.42857142857142855,0.3333333333333333,0.5,0.3469387755102041,0.0,0.0,1.0,0.4117647058823529,0.25,0.23076923076923078,0.32142857142857145,1.102609395980835,51,15,14,18,10,49,16,17,18,34,16,13,28
18,0.30303030303030304,0.2222222222222222,0.42857142857142855,0.3333333333333333,0.2,0.3125,0.0,0.0,1.0,0.25,0.4444444444444444,0.25,0.2,1.1035490036010742,33,9,7,9,5,32,12,11,10,24,9,8,20,0.35294117647058826,0.5333333333333333,0.42857142857142855,0.3333333333333333,0.5,0.3469387755102041,0.0,0.0,1.0,0.4117647058823529,0.25,0.23076923076923078,0.32142857142857145,1.101902723312378,51,15,14,18,10,49,16,17,18,34,16,13,28
19,0.30303030303030304,0.2222222222222222,0.42857142857142855,0.3333333333333333,0.2,0.3125,0.0,0.0,1.0,0.25,0.4444444444444444,0.25,0.2,1.1034290790557861,33,9,7,9,5,32,12,11,10,24,9,8,20,0.35294117647058826,0.5333333333333333,0.42857142857142855,0.3333333333333333,0.5,0.3469387755102041,0.0,0.0,1.0,0.4117647058823529,0.25,0.23076923076923078,0.32142857142857145,1.1020934581756592,51,15,14,18,10,49,16,17,18,34,16,13,28
20,0.30303030303030304,0.2222222222222222,0.42857142857142855,0.3333333333333333,0.2,0.3125,0.0,0.0,1.0,0.25,0.4444444444444444,0.25,0.2,1.1033154726028442,33,9,7,9,5,32,12,11,10,24,9,8,20,0.35294117647058826,0.5333333333333333,0.42857142857142855,0.3333333333333333,0.5,0.3469387755102041,0.0,0.0,1.0,0.4117647058823529,0.25,0.23076923076923078,0.32142857142857145,1.1017701625823975,51,15,14,18,10,49,16,17,18,34,16,13,28
21,0.30303030303030304,0.2222222222222222,0.42857142857142855,0.3333333333333333,0.2,0.3125,0.0,0.0,1.0,0.25,0.4444444444444444,0.25,0.2,1.103200912475586,33,9,7,9,5,32,12,11,10,24,9,8,20,0.35294117647058826,0.5333333333333333,0.42857142857142855,0.3333333333333333,0.5,0.3469387755102041,0.0,0.0,1.0,0.4117647058823529,0.25,0.23076923076923078,0.32142857142857145,1.1009232997894287,51,15,14,18,10,49,16,17,18,34,16,13,28
22,0.30303030303030304,0.2222222222222222,0.42857142857142855,0.3333333333333333,0.2,0.3125,0.0,0.0,1.0,0.25,0.4444444444444444,0.25,0.2,1.1030857563018799,33,9,7,9,5,32,12,11,10,24,9,8,20,0.35294117647058826,0.5333333333333333,0.42857142857142855,0.3333333333333333,0.5,0.3469387755102041,0.0,0.0,1.0,0.4117647058823529,0.25,0.23076923076923078,0.32142857142857145,1.1009443998336792,51,15,14,18,10,49,16,17,18,34,16,13,28
23,0.30303030303030304,0.2222222222222222,0.42857142857142855,0.3333333333333333,0.2,0.3125,0.0,0.0,1.0,0.25,0.4444444444444444,0.25,0.2,1.1029690504074097,33,9,7,9,5,32,12,11,10,24,9,8,20,0.35294117647058826,0.5333333333333333,0.42857142857142855,0.3333333333333333,0.5,0.3469387755102041,0.0,0.0,1.0,0.4117647058823529,0.25,0.23076923076923078,0.32142857142857145,1.1008061170578003,51,15,14,18,10,49,16,17,18,34,16,13,28
24,0.3333333333333333,0.2222222222222222,0.42857142857142855,0.3333333333333333,0.2,0.34375,0.08333333333333333,0.0,1.0,0.2916666666666667,0.4444444444444444,0.25,0.25,1.1028528213500977,33,9,7,9,5,32,12,11,10,24,9,8,20,0.35294117647058826,0.5333333333333333,0.42857142857142855,0.3333333333333333,0.5,0.3469387755102041,0.0,0.0,1.0,0.4117647058823529,0.25,0.23076923076923078,0.32142857142857145,1.100217580795288,51,15,14,18,10,49,16,17,18,34,16,13,28
25,0.3333333333333333,0.2222222222222222,0.42857142857142855,0.3333333333333333,0.2,0.34375,0.08333333333333333,0.0,1.0,0.2916666666666667,0.4444444444444444,0.25,0.25,1.1027415990829468,33,9,7,9,5,32,12,11,10,24,9,8,20,0.35294117647058826,0.5333333333333333,0.42857142857142855,0.3333333333333333,0.5,0.3469387755102041,0.0,0.0,1.0,0.4117647058823529,0.25,0.23076923076923078,0.32142857142857145,1.0999752283096313,51,15,14,18,10,49,16,17,18,34,16,13,28
26,0.3333333333333333,0.2222222222222222,0.42857142857142855,0.3333333333333333,0.2,0.34375,0.08333333333333333,0.0,1.0,0.2916666666666667,0.4444444444444444,0.25,0.25,1.1026302576065063,33,9,7,9,5,32,12,11,10,24,9,8,20,0.37254901960784315,0.5333333333333333,0.42857142857142855,0.3333333333333333,0.5,0.3673469387755102,0.0625,0.0,1.0,0.4117647058823529,0.3125,0.23076923076923078,0.32142857142857145,1.0997800827026367,51,15,14,18,10,49,16,17,18,34,16,13,28
27,0.3333333333333333,0.2222222222222222,0.42857142857142855,0.3333333333333333,0.2,0.34375,0.08333333333333333,0.0,1.0,0.2916666666666667,0.4444444444444444,0.25,0.25,1.1025248765945435,33,9,7,9,5,32,12,11,10,24,9,8,20,0.39215686274509803,0.5333333333333333,0.42857142857142855,0.3333333333333333,0.5,0.3877551020408163,0.125,0.0,1.0,0.4117647058823529,0.375,0.23076923076923078,0.35714285714285715,1.0990537405014038,51,15,14,18,10,49,16,17,18,34,16,13,28
28,0.3333333333333333,0.2222222222222222,0.42857142857142855,0.3333333333333333,0.2,0.34375,0.08333333333333333,0.0,1.0,0.2916666666666667,0.4444444444444444,0.25,0.25,1.1024202108383179,33,9,7,9,5,32,12,11,10,24,9,8,20,0.37254901960784315,0.5333333333333333,0.42857142857142855,0.3333333333333333,0.5,0.3673469387755102,0.0625,0.0,1.0,0.4117647058823529,0.3125,0.23076923076923078,0.32142857142857145,1.0994443893432617,51,15,14,18,10,49,16,17,18,34,16,13,28
29,0.30303030303030304,0.2222222222222222,0.42857142857142855,0.3333333333333333,0.2,0.3125,0.0,0.0,1.0,0.25,0.4444444444444444,0.25,0.2,1.1023155450820923,33,9,7,9,5,32,12,11,10,24,9,8,20,0.37254901960784315,0.5333333333333333,0.42857142857142855,0.3333333333333333,0.5,0.3673469387755102,0.0625,0.0,1.0,0.4117647058823529,0.3125,0.23076923076923078,0.32142857142857145,1.0986226797103882,51,15,14,18,10,49,16,17,18,34,16,13,28
30,0.30303030303030304,0.2222222222222222,0.42857142857142855,0.3333333333333333,0.2,0.3125,0.0,0.0,1.0,0.25,0.4444444444444444,0.25,0.2,1.102220892906189,33,9,7,9,5,32,12,11,10,24,9,8,20,0.39215686274509803,0.6,0.42857142857142855,0.3333333333333333,0.6,0.3877551020408163,0.125,0.0,1.0,0.4411764705882353,0.3125,0.23076923076923078,0.35714285714285715,1.098207950592041,51,15,14,18,10,49,16,17,18,34,16,13,28
31,0.30303030303030304,0.2222222222222222,0.42857142857142855,0.3333333333333333,0.2,0.3125,0.0,0.0,1.0,0.25,0.4444444444444444,0.25,0.2,1.1021299362182617,33,9,7,9,5,32,12,11,10,24,9,8,20,0.37254901960784315,0.5333333333333333,0.42857142857142855,0.3333333333333333,0.5,0.3673469387755102,0.0625,0.0,1.0,0.4117647058823529,0.3125,0.23076923076923078,0.32142857142857145,1.0980191230773926,51,15,14,18,10,49,16,17,18,34,16,13,28
32,0.30303030303030304,0.2222222222222222,0.42857142857142855,0.3333333333333333,0.2,0.3125,0.0,0.0,1.0,0.25,0.4444444444444444,0.25,0.2,1.1020435094833374,33,9,7,9,5,32,12,11,10,24,9,8,20,0.39215686274509803,0.5333333333333333,0.42857142857142855,0.3333333333333333,0.5,0.3877551020408163,0.125,0.0,1.0,0.4117647058823529,0.375,0.23076923076923078,0.35714285714285715,1.0974949598312378,51,15,14,18,10,49,16,17,18,34,16,13,28
33,0.30303030303030304,0.2222222222222222,0.42857142857142855,0.3333333333333333,0.2,0.3125,0.0,0.0,1.0,0.25,0.4444444444444444,0.25,0.2,1.101953148841858,33,9,7,9,5,32,12,11,10,24,9,8,20,0.39215686274509803,0.5333333333333333,0.42857142857142855,0.3333333333333333,0.5,0.3877551020408163,0.125,0.0,1.0,0.4411764705882353,0.3125,0.23076923076923078,0.35714285714285715,1.0972726345062256,51,15,14,18,10,49,16,17,18,34,16,13,28
34,0.30303030303030304,0.2222222222222222,0.42857142857142855,0.3333333333333333,0.2,0.3125,0.0,0.0,1.0,0.25,0.4444444444444444,0.25,0.2,1.1018571853637695,33,9,7,9,5,32,12,11,10,24,9,8,20,0.4117647058823529,0.5333333333333333,0.42857142857142855,0.3333333333333333,0.5,0.40816326530612246,0.1875,0.0,1.0,0.4411764705882353,0.375,0.23076923076923078,0.39285714285714285,1.0970284938812256,51,15,14,18,10,49,16,17,18,34,16,13,28
35,0.30303030303030304,0.2222222222222222,0.42857142857142855,0.3333333333333333,0.2,0.3125,0.0,0.0,1.0,0.25,0.4444444444444444,0.25,0.2,1.1017564535140991,33,9,7,9,5,32,12,11,10,24,9,8,20,0.4117647058823529,0.5333333333333333,0.42857142857142855,0.3333333333333333,0.5,0.40816326530612246,0.1875,0.0,1.0,0.4411764705882353,0.375,0.23076923076923078,0.39285714285714285,1.096526026725769,51,15,14,18,10,49,16,17,18,34,16,13,28
36,0.30303030303030304,0.2222222222222222,0.42857142857142855,0.3333333333333333,0.2,0.3125,0.0,0.0,1.0,0.25,0.4444444444444444,0.25,0.2,1.1016544103622437,33,9,7,9,5,32,12,11,10,24,9,8,20,0.43137254901960786,0.6,0.42857142857142855,0.3333333333333333,0.6,0.42857142857142855,0.25,0.0,1.0,0.47058823529411764,0.375,0.23076923076923078,0.42857142857142855,1.0962127447128296,51,15,14,18,10,49,16,17,18,34,16,13,28
37,0.30303030303030304,0.2222222222222222,0.42857142857142855,0.3333333333333333,0.2,0.3125,0.0,0.0,1.0,0.25,0.4444444444444444,0.25,0.2,1.101542353630066,33,9,7,9,5,32,12,11,10,24,9,8,20,0.45098039215686275,0.5333333333333333,0.42857142857142855,0.3333333333333333,0.5,0.4489795918367347,0.3125,0.0,1.0,0.5,0.375,0.38461538461538464,0.4642857142857143,1.095716118812561,51,15,14,18,10,49,16,17,18,34,16,13,28
38,0.3333333333333333,0.2222222222222222,0.42857142857142855,0.3333333333333333,0.2,0.34375,0.08333333333333333,0.0,1.0,0.2916666666666667,0.4444444444444444,0.25,0.25,1.1014206409454346,33,9,7,9,5,32,12,11,10,24,9,8,20,0.47058823529411764,0.6,0.42857142857142855,0.3333333333333333,0.6,0.46938775510204084,0.375,0.0,1.0,0.5294117647058824,0.375,0.38461538461538464,0.5,1.095170259475708,51,15,14,18,10,49,16,17,18,34,16,13,28
39,0.30303030303030304,0.2222222222222222,0.42857142857142855,0.3333333333333333,0.2,0.3125,0.0,0.0,1.0,0.25,0.4444444444444444,0.25,0.2,1.1013087034225464,33,9,7,9,5,32,12,11,10,24,9,8,20,0.47058823529411764,0.6,0.42857142857142855,0.3333333333333333,0.6,0.46938775510204084,0.375,0.0,1.0,0.5294117647058824,0.375,0.38461538461538464,0.5,1.0945826768875122,51,15,14,18,10,49,16,17,18,34,16,13,28
40,0.30303030303030304,0.2222222222222222,0.42857142857142855,0.3333333333333333,0.2,0.3125,0.0,0.0,1.0,0.25,0.4444444444444444,0.25,0.2,1.101194143295288,33,9,7,9,5,32,12,11,10,24,9,8,20,0.49019607843137253,0.6,0.42857142857142855,0.3888888888888889,0.7,0.4897959183673469,0.4375,0.0,1.0,0.5588235294117647,0.375,0.38461538461538464,0.5,1.0940251350402832,51,15,14,18,10,49,16,17,18,34,16,13,28
41,0.30303030303030304,0.2222222222222222,0.42857142857142855,0.3333333333333333,0.2,0.3125,0.0,0.0,1.0,0.25,0.4444444444444444,0.25,0.2,1.1010768413543701,33,9,7,9,5,32,12,11,10,24,9,8,20,0.49019607843137253,0.6,0.42857142857142855,0.3888888888888889,0.7,0.4897959183673469,0.4375,0.0,1.0,0.5588235294117647,0.375,0.38461538461538464,0.5,1.0936847925186157,51,15,14,18,10,49,16,17,18,34,16,13,28
42,0.30303030303030304,0.2222222222222222,0.42857142857142855,0.3333333333333333,0.2,0.3125,0.0,0.0,1.0,0.25,0.4444444444444444,0.25,0.2,1.1009725332260132,33,9,7,9,5,32,12,11,10,24,9,8,20,0.49019607843137253,0.6,0.42857142857142855,0.3888888888888889,0.7,0.4897959183673469,0.4375,0.0,1.0,0.5588235294117647,0.375,0.38461538461538464,0.5,1.093091368675232,51,15,14,18,10,49,16,17,18,34,16,13,28
43,0.30303030303030304,0.2222222222222222,0.42857142857142855,0.3333333333333333,0.2,0.3125,0.0,0.0,1.0,0.25,0.4444444444444444,0.25,0.2,1.1008529663085938,33,9,7,9,5,32,12,11,10,24,9,8,20,0.49019607843137253,0.6,0.42857142857142855,0.3888888888888889,0.7,0.4897959183673469,0.4375,0.0,1.0,0.5588235294117647,0.375,0.38461538461538464,0.5,1.0928144454956055,51,15,14,18,10,49,16,17,18,34,16,13,28
44,0.30303030303030304,0.2222222222222222,0.42857142857142855,0.3333333333333333,0.2,0.3125,0.0,0.0,1.0,0.25,0.4444444444444444,0.25,0.2,1.100740671157837,33,9,7,9,5,32,12,11,10,24,9,8,20,0.49019607843137253,0.6,0.42857142857142855,0.3888888888888889,0.7,0.4897959183673469,0.4375,0.0,1.0,0.5588235294117647,0.375,0.38461538461538464,0.5,1.092390537261963,51,15,14,18,10,49,16,17,18,34,16,13,28
45,0.30303030303030304,0.2222222222222222,0.42857142857142855,0.3333333333333333,0.2,0.3125,0.0,0.0,1.0,0.25,0.4444444444444444,0.25,0.2,1.1006046533584595,33,9,7,9,5,32,12,11,10,24,9,8,20,0.47058823529411764,0.6,0.42857142857142855,0.3333333333333333,0.6,0.46938775510204084,0.375,0.0,1.0,0.5294117647058824,0.375,0.38461538461538464,0.5,1.0912774801254272,51,15,14,18,10,49,16,17,18,34,16,13,28
46,0.30303030303030304,0.2222222222222222,0.42857142857142855,0.3333333333333333,0.2,0.3125,0.0,0.0,1.0,0.25,0.4444444444444444,0.25,0.2,1.1004210710525513,33,9,7,9,5,32,12,11,10,24,9,8,20,0.45098039215686275,0.6,0.42857142857142855,0.3333333333333333,0.6,0.4489795918367347,0.3125,0.0,1.0,0.5,0.375,0.3076923076923077,0.4642857142857143,1.0911312103271484,51,15,14,18,10,49,16,17,18,34,16,13,28
47,0.30303030303030304,0.2222222222222222,0.42857142857142855,0.3333333333333333,0.2,0.3125,0.0,0.0,1.0,0.25,0.4444444444444444,0.25,0.2,1.1002085208892822,33,9,7,9,5,32,12,11,10,24,9,8,20,0.49019607843137253,0.6,0.42857142857142855,0.3888888888888889,0.7,0.4897959183673469,0.4375,0.0,1.0,0.5588235294117647,0.375,0.38461538461538464,0.5,1.0904608964920044,51,15,14,18,10,49,16,17,18,34,16,13,28
48,0.30303030303030304,0.2222222222222222,0.42857142857142855,0.3333333333333333,0.2,0.3125,0.0,0.0,1.0,0.25,0.4444444444444444,0.25,0.2,1.0999654531478882,33,9,7,9,5,32,12,11,10,24,9,8,20,0.49019607843137253,0.6,0.42857142857142855,0.3888888888888889,0.7,0.4897959183673469,0.4375,0.0,1.0,0.5588235294117647,0.375,0.38461538461538464,0.5,1.0896762609481812,51,15,14,18,10,49,16,17,18,34,16,13,28
49,0.30303030303030304,0.2222222222222222,0.42857142857142855,0.3333333333333333,0.2,0.3125,0.0,0.0,1.0,0.25,0.4444444444444444,0.25,0.2,1.0996971130371094,33,9,7,9,5,32,12,11,10,24,9,8,20,0.5098039215686274,0.6,0.42857142857142855,0.4444444444444444,0.7,0.5102040816326531,0.5,0.0,1.0,0.5882352941176471,0.375,0.38461538461538464,0.5,1.0888888835906982,51,15,14,18,10,49,16,17,18,34,16,13,28
50,0.30303030303030304,0.2222222222222222,0.42857142857142855,0.3333333333333333,0.2,0.3125,0.0,0.0,1.0,0.25,0.4444444444444444,0.25,0.2,1.0994281768798828,33,9,7,9,5,32,12,11,10,24,9,8,20,0.5490196078431373,0.6,0.5,0.5,0.8,0.5510204081632653,0.625,0.0,1.0,0.6470588235294118,0.375,0.46153846153846156,0.5357142857142857,1.0891377925872803,51,15,14,18,10,49,16,17,18,34,16,13,28
51,0.30303030303030304,0.2222222222222222,0.42857142857142855,0.3333333333333333,0.2,0.3125,0.0,0.0,1.0,0.25,0.4444444444444444,0.25,0.2,1.0991870164871216,33,9,7,9,5,32,12,11,10,24,9,8,20,0.5686274509803921,0.6,0.5,0.5,0.8,0.5714285714285714,0.6875,0.0,1.0,0.6470588235294118,0.4375,0.5384615384615384,0.5357142857142857,1.0878645181655884,51,15,14,18,10,49,16,17,18,34,16,13,28
52,0.30303030303030304,0.2222222222222222,0.42857142857142855,0.3333333333333333,0.2,0.3125,0.0,0.0,1.0,0.25,0.4444444444444444,0.25,0.2,1.098997950553894,33,9,7,9,5,32,12,11,10,24,9,8,20,0.5882352941176471,0.6666666666666666,0.5,0.5,0.8,0.5918367346938775,0.75,0.0,1.0,0.6470588235294118,0.5,0.6153846153846154,0.5357142857142857,1.0876561403274536,51,15,14,18,10,49,16,17,18,34,16,13,28
53,0.30303030303030304,0.2222222222222222,0.42857142857142855,0.3333333333333333,0.2,0.3125,0.0,0.0,1.0,0.25,0.4444444444444444,0.25,0.2,1.0988789796829224,33,9,7,9,5,32,12,11,10,24,9,8,20,0.5686274509803921,0.6,0.5,0.5,0.8,0.5714285714285714,0.6875,0.0,1.0,0.6470588235294118,0.4375,0.5384615384615384,0.5357142857142857,1.0864012241363525,51,15,14,18,10,49,16,17,18,34,16,13,28
54,0.30303030303030304,0.2222222222222222,0.42857142857142855,0.3333333333333333,0.2,0.3125,0.0,0.0,1.0,0.25,0.4444444444444444,0.25,0.2,1.0988082885742188,33,9,7,9,5,32,12,11,10,24,9,8,20,0.5882352941176471,0.6666666666666666,0.5,0.5,0.8,0.5918367346938775,0.75,0.0,1.0,0.6470588235294118,0.5,0.6153846153846154,0.5357142857142857,1.0856651067733765,51,15,14,18,10,49,16,17,18,34,16,13,28
55,0.30303030303030304,0.2222222222222222,0.42857142857142855,0.3333333333333333,0.2,0.3125,0.0,0.0,1.0,0.25,0.4444444444444444,0.25,0.2,1.0987913608551025,33,9,7,9,5,32,12,11,10,24,9,8,20,0.5686274509803921,0.6,0.5,0.5,0.8,0.5714285714285714,0.6875,0.0,1.0,0.6470588235294118,0.4375,0.5384615384615384,0.5357142857142857,1.0849860906600952,51,15,14,18,10,49,16,17,18,34,16,13,28
56,0.30303030303030304,0.2222222222222222,0.42857142857142855,0.3333333333333333,0.2,0.3125,0.0,0.0,1.0,0.25,0.4444444444444444,0.25,0.2,1.0986807346343994,33,9,7,9,5,32,12,11,10,24,9,8,20,0.5098039215686274,0.6,0.42857142857142855,0.3888888888888889,0.7,0.5102040816326531,0.5,0.0,1.0,0.5588235294117647,0.4375,0.46153846153846156,0.5,1.084455966949463,51,15,14,18,10,49,16,17,18,34,16,13,28
57,0.30303030303030304,0.2222222222222222,0.42857142857142855,0.3333333333333333,0.2,0.3125,0.0,0.0,1.0,0.25,0.4444444444444444,0.25,0.2,1.098501443862915,33,9,7,9,5,32,12,11,10,24,9,8,20,0.49019607843137253,0.6,0.42857142857142855,0.3888888888888889,0.7,0.4897959183673469,0.4375,0.0,1.0,0.5588235294117647,0.375,0.38461538461538464,0.5,1.0838298797607422,51,15,14,18,10,49,16,17,18,34,16,13,28
58,0.30303030303030304,0.2222222222222222,0.42857142857142855,0.3333333333333333,0.2,0.3125,0.0,0.0,1.0,0.25,0.4444444444444444,0.25,0.2,1.0982210636138916,33,9,7,9,5,32,12,11,10,24,9,8,20,0.5098039215686274,0.6,0.42857142857142855,0.3888888888888889,0.7,0.5102040816326531,0.5,0.0,1.0,0.5882352941176471,0.375,0.38461538461538464,0.5357142857142857,1.0828074216842651,51,15,14,18,10,49,16,17,18,34,16,13,28
59,0.30303030303030304,0.2222222222222222,0.42857142857142855,0.3333333333333333,0.2,0.3125,0.0,0.0,1.0,0.25,0.4444444444444444,0.25,0.2,1.0978760719299316,33,9,7,9,5,32,12,11,10,24,9,8,20,0.5686274509803921,0.6,0.5,0.5,0.8,0.5714285714285714,0.6875,0.0,1.0,0.6470588235294118,0.4375,0.5384615384615384,0.5357142857142857,1.081135630607605,51,15,14,18,10,49,16,17,18,34,16,13,28
60,0.30303030303030304,0.2222222222222222,0.42857142857142855,0.3333333333333333,0.2,0.3125,0.0,0.0,1.0,0.25,0.4444444444444444,0.25,0.2,1.0975890159606934,33,9,7,9,5,32,12,11,10,24,9,8,20,0.5686274509803921,0.6,0.5,0.5,0.8,0.5714285714285714,0.6875,0.0,1.0,0.6470588235294118,0.4375,0.5384615384615384,0.5357142857142857,1.0805151462554932,51,15,14,18,10,49,16,17,18,34,16,13,28
61,0.30303030303030304,0.2222222222222222,0.42857142857142855,0.3333333333333333,0.2,0.3125,0.0,0.0,1.0,0.25,0.4444444444444444,0.25,0.2,1.097386121749878,33,9,7,9,5,32,12,11,10,24,9,8,20,0.5686274509803921,0.6,0.5,0.5,0.8,0.5714285714285714,0.6875,0.0,1.0,0.6470588235294118,0.4375,0.5384615384615384,0.5357142857142857,1.0798678398132324,51,15,14,18,10,49,16,17,18,34,16,13,28
62,0.30303030303030304,0.2222222222222222,0.42857142857142855,0.3333333333333333,0.2,0.3125,0.0,0.0,1.0,0.25,0.4444444444444444,0.25,0.2,1.0973753929138184,33,9,7,9,5,32,12,11,10,24,9,8,20,0.5686274509803921,0.6,0.5,0.5,0.8,0.5714285714285714,0.6875,0.0,1.0,0.6470588235294118,0.4375,0.5384615384615384,0.5357142857142857,1.079132318496704,51,15,14,18,10,49,16,17,18,34,16,13,28
63,0.30303030303030304,0.2222222222222222,0.42857142857142855,0.3333333333333333,0.2,0.3125,0.0,0.0,1.0,0.25,0.4444444444444444,0.25,0.2,1.0974183082580566,33,9,7,9,5,32,12,11,10,24,9,8,20,0.5686274509803921,0.6,0.5,0.5,0.8,0.5714285714285714,0.6875,0.0,1.0,0.6470588235294118,0.4375,0.5384615384615384,0.5357142857142857,1.0777791738510132,51,15,14,18,10,49,16,17,18,34,16,13,28
64,0.30303030303030304,0.2222222222222222,0.42857142857142855,0.3333333333333333,0.2,0.3125,0.0,0.0,1.0,0.25,0.4444444444444444,0.25,0.2,1.0974305868148804,33,9,7,9,5,32,12,11,10,24,9,8,20,0.5686274509803921,0.6,0.5,0.5,0.8,0.5714285714285714,0.6875,0.0,1.0,0.6470588235294118,0.4375,0.5384615384615384,0.5357142857142857,1.0766029357910156,51,15,14,18,10,49,16,17,18,34,16,13,28
65,0.30303030303030304,0.2222222222222222,0.42857142857142855,0.3333333333333333,0.2,0.3125,0.0,0.0,1.0,0.25,0.4444444444444444,0.25,0.2,1.0972658395767212,33,9,7,9,5,32,12,11,10,24,9,8,20,0.5098039215686274,0.6,0.42857142857142855,0.4444444444444444,0.7,0.5102040816326531,0.5,0.0,1.0,0.5882352941176471,0.375,0.38461538461538464,0.5,1.0757110118865967,51,15,14,18,10,49,16,17,18,34,16,13,28
66,0.30303030303030304,0.2222222222222222,0.42857142857142855,0.3333333333333333,0.2,0.3125,0.0,0.0,1.0,0.25,0.4444444444444444,0.25,0.2,1.096869945526123,33,9,7,9,5,32,12,11,10,24,9,8,20,0.5098039215686274,0.6,0.42857142857142855,0.4444444444444444,0.7,0.5102040816326531,0.5,0.0,1.0,0.5882352941176471,0.375,0.38461538461538464,0.5,1.0750057697296143,51,15,14,18,10,49,16,17,18,34,16,13,28
67,0.30303030303030304,0.2222222222222222,0.42857142857142855,0.3333333333333333,0.2,0.3125,0.0,0.0,1.0,0.25,0.4444444444444444,0.25,0.2,1.0963211059570312,33,9,7,9,5,32,12,11,10,24,9,8,20,0.5490196078431373,0.6,0.5,0.5,0.8,0.5510204081632653,0.625,0.0,1.0,0.6470588235294118,0.375,0.46153846153846156,0.5357142857142857,1.0733181238174438,51,15,14,18,10,49,16,17,18,34,16,13,28
68,0.30303030303030304,0.2222222222222222,0.42857142857142855,0.3333333333333333,0.2,0.3125,0.0,0.0,1.0,0.25,0.4444444444444444,0.25,0.2,1.0958662033081055,33,9,7,9,5,32,12,11,10,24,9,8,20,0.5686274509803921,0.6,0.5,0.5,0.8,0.5714285714285714,0.6875,0.0,1.0,0.6470588235294118,0.4375,0.5384615384615384,0.5357142857142857,1.0717638731002808,51,15,14,18,10,49,16,17,18,34,16,13,28
69,0.30303030303030304,0.2222222222222222,0.42857142857142855,0.3333333333333333,0.2,0.3125,0.0,0.0,1.0,0.25,0.4444444444444444,0.25,0.2,1.095463514328003,33,9,7,9,5,32,12,11,10,24,9,8,20,0.5686274509803921,0.6,0.5,0.5,0.8,0.5714285714285714,0.6875,0.0,1.0,0.6470588235294118,0.4375,0.5384615384615384,0.5357142857142857,1.0706673860549927,51,15,14,18,10,49,16,17,18,34,16,13,28
70,0.30303030303030304,0.2222222222222222,0.42857142857142855,0.3333333333333333,0.2,0.3125,0.0,0.0,1.0,0.25,0.4444444444444444,0.25,0.2,1.0951790809631348,33,9,7,9,5,32,12,11,10,24,9,8,20,0.5882352941176471,0.6666666666666666,0.5,0.5,0.8,0.5918367346938775,0.75,0.0,1.0,0.6470588235294118,0.5,0.6153846153846154,0.5357142857142857,1.0693084001541138,51,15,14,18,10,49,16,17,18,34,16,13,28
71,0.30303030303030304,0.2222222222222222,0.42857142857142855,0.3333333333333333,0.2,0.3125,0.0,0.0,1.0,0.25,0.4444444444444444,0.25,0.2,1.09503972530365,33,9,7,9,5,32,12,11,10,24,9,8,20,0.5686274509803921,0.6,0.5,0.5,0.8,0.5714285714285714,0.6875,0.0,1.0,0.6470588235294118,0.4375,0.5384615384615384,0.5357142857142857,1.0685824155807495,51,15,14,18,10,49,16,17,18,34,16,13,28
72,0.30303030303030304,0.2222222222222222,0.42857142857142855,0.3333333333333333,0.2,0.3125,0.0,0.0,1.0,0.25,0.4444444444444444,0.25,0.2,1.0950614213943481,33,9,7,9,5,32,12,11,10,24,9,8,20,0.5686274509803921,0.6,0.5,0.5,0.8,0.5714285714285714,0.6875,0.0,1.0,0.6470588235294118,0.4375,0.5384615384615384,0.5357142857142857,1.0671536922454834,51,15,14,18,10,49,16,17,18,34,16,13,28
73,0.30303030303030304,0.2222222222222222,0.42857142857142855,0.3333333333333333,0.2,0.3125,0.0,0.0,1.0,0.25,0.4444444444444444,0.25,0.2,1.0948301553726196,33,9,7,9,5,32,12,11,10,24,9,8,20,0.5686274509803921,0.6,0.5,0.5,0.8,0.5714285714285714,0.6875,0.0,1.0,0.6470588235294118,0.4375,0.5384615384615384,0.5357142857142857,1.0647574663162231,51,15,14,18,10,49,16,17,18,34,16,13,28
74,0.30303030303030304,0.2222222222222222,0.42857142857142855,0.3333333333333333,0.2,0.3125,0.0,0.0,1.0,0.25,0.4444444444444444,0.25,0.2,1.0943039655685425,33,9,7,9,5,32,12,11,10,24,9,8,20,0.5686274509803921,0.6,0.5,0.5,0.8,0.5714285714285714,0.6875,0.0,1.0,0.6470588235294118,0.4375,0.5384615384615384,0.5357142857142857,1.0637061595916748,51,15,14,18,10,49,16,17,18,34,16,13,28
75,0.30303030303030304,0.2222222222222222,0.42857142857142855,0.3333333333333333,0.2,0.3125,0.0,0.0,1.0,0.25,0.4444444444444444,0.25,0.2,1.093626856803894,33,9,7,9,5,32,12,11,10,24,9,8,20,0.5686274509803921,0.6,0.5,0.5,0.8,0.5714285714285714,0.6875,0.0,1.0,0.6470588235294118,0.4375,0.5384615384615384,0.5357142857142857,1.0622116327285767,51,15,14,18,10,49,16,17,18,34,16,13,28
76,0.30303030303030304,0.2222222222222222,0.42857142857142855,0.3333333333333333,0.2,0.3125,0.0,0.0,1.0,0.25,0.4444444444444444,0.25,0.2,1.0930163860321045,33,9,7,9,5,32,12,11,10,24,9,8,20,0.5882352941176471,0.6666666666666666,0.5,0.5,0.8,0.5918367346938775,0.75,0.0,1.0,0.6470588235294118,0.5,0.6153846153846154,0.5357142857142857,1.0606728792190552,51,15,14,18,10,49,16,17,18,34,16,13,28
77,0.30303030303030304,0.2222222222222222,0.42857142857142855,0.3333333333333333,0.2,0.3125,0.0,0.0,1.0,0.25,0.4444444444444444,0.25,0.2,1.092761754989624,33,9,7,9,5,32,12,11,10,24,9,8,20,0.5882352941176471,0.6666666666666666,0.5,0.5,0.8,0.5918367346938775,0.75,0.0,1.0,0.6470588235294118,0.5,0.6153846153846154,0.5357142857142857,1.0594794750213623,51,15,14,18,10,49,16,17,18,34,16,13,28
78,0.30303030303030304,0.2222222222222222,0.42857142857142855,0.3333333333333333,0.2,0.3125,0.0,0.0,1.0,0.25,0.4444444444444444,0.25,0.2,1.092494249343872,33,9,7,9,5,32,12,11,10,24,9,8,20,0.5882352941176471,0.6666666666666666,0.5,0.5,0.8,0.5918367346938775,0.75,0.0,1.0,0.6470588235294118,0.5,0.6153846153846154,0.5357142857142857,1.0573413372039795,51,15,14,18,10,49,16,17,18,34,16,13,28
79,0.30303030303030304,0.2222222222222222,0.42857142857142855,0.3333333333333333,0.2,0.3125,0.0,0.0,1.0,0.25,0.4444444444444444,0.25,0.2,1.0921483039855957,33,9,7,9,5,32,12,11,10,24,9,8,20,0.5882352941176471,0.6666666666666666,0.5,0.5,0.8,0.5918367346938775,0.75,0.0,1.0,0.6470588235294118,0.5,0.6153846153846154,0.5357142857142857,1.0552899837493896,51,15,14,18,10,49,16,17,18,34,16,13,28
80,0.30303030303030304,0.2222222222222222,0.42857142857142855,0.3333333333333333,0.2,0.3125,0.0,0.0,1.0,0.25,0.4444444444444444,0.25,0.2,1.0915710926055908,33,9,7,9,5,32,12,11,10,24,9,8,20,0.5686274509803921,0.6,0.5,0.5,0.8,0.5714285714285714,0.6875,0.0,1.0,0.6470588235294118,0.4375,0.5384615384615384,0.5357142857142857,1.054142713546753,51,15,14,18,10,49,16,17,18,34,16,13,28
81,0.30303030303030304,0.2222222222222222,0.42857142857142855,0.3333333333333333,0.2,0.3125,0.0,0.0,1.0,0.25,0.4444444444444444,0.25,0.2,1.0909433364868164,33,9,7,9,5,32,12,11,10,24,9,8,20,0.5882352941176471,0.6666666666666666,0.5,0.5,0.8,0.5918367346938775,0.75,0.0,1.0,0.6470588235294118,0.5,0.6153846153846154,0.5357142857142857,1.0513858795166016,51,15,14,18,10,49,16,17,18,34,16,13,28
82,0.30303030303030304,0.2222222222222222,0.42857142857142855,0.3333333333333333,0.2,0.3125,0.0,0.0,1.0,0.25,0.4444444444444444,0.25,0.2,1.0903103351593018,33,9,7,9,5,32,12,11,10,24,9,8,20,0.6078431372549019,0.6666666666666666,0.5714285714285714,0.5555555555555556,0.8,0.6122448979591837,0.8125,0.0,1.0,0.6764705882352942,0.5,0.6153846153846154,0.5357142857142857,1.049917459487915,51,15,14,18,10,49,16,17,18,34,16,13,28
83,0.30303030303030304,0.2222222222222222,0.42857142857142855,0.3333333333333333,0.2,0.3125,0.0,0.0,1.0,0.25,0.4444444444444444,0.25,0.2,1.0896861553192139,33,9,7,9,5,32,12,11,10,24,9,8,20,0.6078431372549019,0.6666666666666666,0.5714285714285714,0.5555555555555556,0.8,0.6122448979591837,0.8125,0.0,1.0,0.6764705882352942,0.5,0.6153846153846154,0.5357142857142857,1.0472707748413086,51,15,14,18,10,49,16,17,18,34,16,13,28
84,0.30303030303030304,0.2222222222222222,0.42857142857142855,0.3333333333333333,0.2,0.3125,0.0,0.0,1.0,0.25,0.4444444444444444,0.25,0.2,1.088949203491211,33,9,7,9,5,32,12,11,10,24,9,8,20,0.6078431372549019,0.6666666666666666,0.5714285714285714,0.5555555555555556,0.8,0.6122448979591837,0.8125,0.0,1.0,0.6764705882352942,0.5,0.6153846153846154,0.5357142857142857,1.0449808835983276,51,15,14,18,10,49,16,17,18,34,16,13,28
85,0.30303030303030304,0.2222222222222222,0.42857142857142855,0.3333333333333333,0.2,0.3125,0.0,0.0,1.0,0.25,0.4444444444444444,0.25,0.2,1.0883198976516724,33,9,7,9,5,32,12,11,10,24,9,8,20,0.6078431372549019,0.6666666666666666,0.5714285714285714,0.5555555555555556,0.8,0.6122448979591837,0.8125,0.0,1.0,0.6764705882352942,0.5,0.6153846153846154,0.5357142857142857,1.0437930822372437,51,15,14,18,10,49,16,17,18,34,16,13,28
86,0.30303030303030304,0.2222222222222222,0.42857142857142855,0.3333333333333333,0.2,0.3125,0.0,0.0,1.0,0.25,0.4444444444444444,0.25,0.2,1.0877373218536377,33,9,7,9,5,32,12,11,10,24,9,8,20,0.6078431372549019,0.6666666666666666,0.5714285714285714,0.5555555555555556,0.8,0.6122448979591837,0.8125,0.0,1.0,0.6764705882352942,0.5,0.6153846153846154,0.5357142857142857,1.041911244392395,51,15,14,18,10,49,16,17,18,34,16,13,28
87,0.30303030303030304,0.2222222222222222,0.42857142857142855,0.3333333333333333,0.2,0.3125,0.0,0.0,1.0,0.25,0.4444444444444444,0.25,0.2,1.0869959592819214,33,9,7,9,5,32,12,11,10,24,9,8,20,0.6078431372549019,0.6666666666666666,0.5714285714285714,0.5555555555555556,0.8,0.6122448979591837,0.8125,0.0,1.0,0.6764705882352942,0.5,0.6153846153846154,0.5357142857142857,1.0380877256393433,51,15,14,18,10,49,16,17,18,34,16,13,28
88,0.30303030303030304,0.2222222222222222,0.42857142857142855,0.3333333333333333,0.2,0.3125,0.0,0.0,1.0,0.25,0.4444444444444444,0.25,0.2,1.0862029790878296,33,9,7,9,5,32,12,11,10,24,9,8,20,0.6078431372549019,0.6666666666666666,0.5714285714285714,0.5555555555555556,0.8,0.6122448979591837,0.8125,0.0,1.0,0.6764705882352942,0.5,0.6153846153846154,0.5357142857142857,1.0362629890441895,51,15,14,18,10,49,16,17,18,34,16,13,28
89,0.30303030303030304,0.2222222222222222,0.42857142857142855,0.3333333333333333,0.2,0.3125,0.0,0.0,1.0,0.25,0.4444444444444444,0.25,0.2,1.0855376720428467,33,9,7,9,5,32,12,11,10,24,9,8,20,0.6274509803921569,0.6666666666666666,0.6428571428571429,0.6111111111111112,0.8,0.6326530612244898,0.875,0.0,1.0,0.7058823529411765,0.5,0.6153846153846154,0.5714285714285714,1.034135103225708,51,15,14,18,10,49,16,17,18,34,16,13,28
90,0.3333333333333333,0.2222222222222222,0.42857142857142855,0.3333333333333333,0.2,0.34375,0.08333333333333333,0.0,1.0,0.2916666666666667,0.4444444444444444,0.25,0.25,1.084649920463562,33,9,7,9,5,32,12,11,10,24,9,8,20,0.6274509803921569,0.6666666666666666,0.6428571428571429,0.6111111111111112,0.8,0.6326530612244898,0.875,0.0,1.0,0.7058823529411765,0.5,0.6153846153846154,0.5714285714285714,1.0317455530166626,51,15,14,18,10,49,16,17,18,34,16,13,28
91,0.3333333333333333,0.2222222222222222,0.42857142857142855,0.3333333333333333,0.2,0.34375,0.08333333333333333,0.0,1.0,0.2916666666666667,0.4444444444444444,0.25,0.25,1.0838419198989868,33,9,7,9,5,32,12,11,10,24,9,8,20,0.6274509803921569,0.6666666666666666,0.6428571428571429,0.6111111111111112,0.8,0.6326530612244898,0.875,0.0,1.0,0.7058823529411765,0.5,0.6153846153846154,0.5714285714285714,1.0273669958114624,51,15,14,18,10,49,16,17,18,34,16,13,28
92,0.3333333333333333,0.2222222222222222,0.42857142857142855,0.3333333333333333,0.2,0.34375,0.08333333333333333,0.0,1.0,0.2916666666666667,0.4444444444444444,0.25,0.25,1.0826563835144043,33,9,7,9,5,32,12,11,10,24,9,8,20,0.6274509803921569,0.6666666666666666,0.6428571428571429,0.6111111111111112,0.8,0.6326530612244898,0.875,0.0,1.0,0.7058823529411765,0.5,0.6153846153846154,0.5714285714285714,1.0252529382705688,51,15,14,18,10,49,16,17,18,34,16,13,28
93,0.3333333333333333,0.2222222222222222,0.42857142857142855,0.3333333333333333,0.2,0.34375,0.08333333333333333,0.0,1.0,0.2916666666666667,0.4444444444444444,0.25,0.25,1.081254482269287,33,9,7,9,5,32,12,11,10,24,9,8,20,0.6274509803921569,0.6666666666666666,0.6428571428571429,0.6111111111111112,0.8,0.6326530612244898,0.875,0.0,1.0,0.7058823529411765,0.5,0.6153846153846154,0.5714285714285714,1.0221574306488037,51,15,14,18,10,49,16,17,18,34,16,13,28
94,0.3333333333333333,0.2222222222222222,0.42857142857142855,0.3333333333333333,0.2,0.34375,0.08333333333333333,0.0,1.0,0.2916666666666667,0.4444444444444444,0.25,0.25,1.0804176330566406,33,9,7,9,5,32,12,11,10,24,9,8,20,0.6274509803921569,0.6666666666666666,0.6428571428571429,0.6111111111111112,0.8,0.6326530612244898,0.875,0.0,1.0,0.7058823529411765,0.5,0.6153846153846154,0.5714285714285714,1.0203279256820679,51,15,14,18,10,49,16,17,18,34,16,13,28
95,0.3333333333333333,0.2222222222222222,0.42857142857142855,0.3333333333333333,0.2,0.34375,0.08333333333333333,0.0,1.0,0.2916666666666667,0.4444444444444444,0.25,0.25,1.0803393125534058,33,9,7,9,5,32,12,11,10,24,9,8,20,0.6470588235294118,0.7333333333333333,0.6428571428571429,0.6111111111111112,0.8,0.6530612244897959,0.9375,0.0,1.0,0.7058823529411765,0.5625,0.6153846153846154,0.5714285714285714,1.0161583423614502,51,15,14,18,10,49,16,17,18,34,16,13,28
96,0.3333333333333333,0.2222222222222222,0.42857142857142855,0.3333333333333333,0.2,0.34375,0.08333333333333333,0.0,1.0,0.2916666666666667,0.4444444444444444,0.25,0.25,1.0797605514526367,33,9,7,9,5,32,12,11,10,24,9,8,20,0.6274509803921569,0.6666666666666666,0.6428571428571429,0.6111111111111112,0.8,0.6326530612244898,0.875,0.0,1.0,0.7058823529411765,0.5,0.6153846153846154,0.5714285714285714,1.0141700506210327,51,15,14,18,10,49,16,17,18,34,16,13,28
97,0.3333333333333333,0.2222222222222222,0.42857142857142855,0.3333333333333333,0.2,0.34375,0.08333333333333333,0.0,1.0,0.2916666666666667,0.4444444444444444,0.25,0.25,1.0782599449157715,33,9,7,9,5,32,12,11,10,24,9,8,20,0.6274509803921569,0.6666666666666666,0.6428571428571429,0.6111111111111112,0.8,0.6326530612244898,0.875,0.0,1.0,0.7058823529411765,0.5,0.6153846153846154,0.5714285714285714,1.0097336769104004,51,15,14,18,10,49,16,17,18,34,16,13,28
98,0.3333333333333333,0.2222222222222222,0.42857142857142855,0.3333333333333333,0.2,0.34375,0.08333333333333333,0.0,1.0,0.2916666666666667,0.4444444444444444,0.25,0.25,1.076306939125061,33,9,7,9,5,32,12,11,10,24,9,8,20,0.6274509803921569,0.6666666666666666,0.6428571428571429,0.6111111111111112,0.8,0.6326530612244898,0.875,0.0,1.0,0.7058823529411765,0.5,0.6153846153846154,0.5714285714285714,1.0066497325897217,51,15,14,18,10,49,16,17,18,34,16,13,28
99,0.3333333333333333,0.2222222222222222,0.42857142857142855,0.3333333333333333,0.2,0.34375,0.08333333333333333,0.0,1.0,0.2916666666666667,0.4444444444444444,0.25,0.25,1.0756747722625732,33,9,7,9,5,32,12,11,10,24,9,8,20,0.6470588235294118,0.7333333333333333,0.6428571428571429,0.6111111111111112,0.8,0.6530612244897959,0.9375,0.0,1.0,0.7058823529411765,0.5625,0.6153846153846154,0.5714285714285714,1.0039628744125366,51,15,14,18,10,49,16,17,18,34,16,13,28
100,0.3333333333333333,0.2222222222222222,0.42857142857142855,0.3333333333333333,0.2,0.34375,0.08333333333333333,0.0,1.0,0.2916666666666667,0.4444444444444444,0.25,0.25,1.0750008821487427,33,9,7,9,5,32,12,11,10,24,9,8,20,0.6470588235294118,0.7333333333333333,0.6428571428571429,0.6111111111111112,0.8,0.6530612244897959,0.9375,0.0,1.0,0.7058823529411765,0.5625,0.6153846153846154,0.5714285714285714,1.0012677907943726,51,15,14,18,10,49,16,17,18,34,16,13,28
101,0.3333333333333333,0.2222222222222222,0.42857142857142855,0.3333333333333333,0.2,0.34375,0.08333333333333333,0.0,1.0,0.2916666666666667,0.4444444444444444,0.25,0.25,1.0740500688552856,33,9,7,9,5,32,12,11,10,24,9,8,20,0.6470588235294118,0.7333333333333333,0.6428571428571429,0.6111111111111112,0.8,0.6530612244897959,0.9375,0.0,1.0,0.7058823529411765,0.5625,0.6153846153846154,0.5714285714285714,0.9975698590278625,51,15,14,18,10,49,16,17,18,34,16,13,28
102,0.3333333333333333,0.2222222222222222,0.42857142857142855,0.3333333333333333,0.2,0.34375,0.08333333333333333,0.0,1.0,0.2916666666666667,0.4444444444444444,0.25,0.25,1.0723326206207275,33,9,7,9,5,32,12,11,10,24,9,8,20,0.6470588235294118,0.7333333333333333,0.6428571428571429,0.6111111111111112,0.8,0.6530612244897959,0.9375,0.0,1.0,0.7058823529411765,0.5625,0.6153846153846154,0.5714285714285714,0.9941638112068176,51,15,14,18,10,49,16,17,18,34,16,13,28
103,0.3333333333333333,0.2222222222222222,0.42857142857142855,0.3333333333333333,0.2,0.34375,0.08333333333333333,0.0,1.0,0.2916666666666667,0.4444444444444444,0.25,0.25,1.0712814331054688,33,9,7,9,5,32,12,11,10,24,9,8,20,0.6470588235294118,0.7333333333333333,0.6428571428571429,0.6111111111111112,0.8,0.6530612244897959,0.9375,0.0,1.0,0.7058823529411765,0.5625,0.6153846153846154,0.5714285714285714,0.9912541508674622,51,15,14,18,10,49,16,17,18,34,16,13,28
104,0.36363636363636365,0.3333333333333333,0.42857142857142855,0.4444444444444444,0.2,0.375,0.16666666666666666,0.0,1.0,0.3333333333333333,0.4444444444444444,0.25,0.25,1.0700606107711792,33,9,7,9,5,32,12,11,10,24,9,8,20,0.6470588235294118,0.7333333333333333,0.6428571428571429,0.6111111111111112,0.8,0.6530612244897959,0.9375,0.0,1.0,0.7058823529411765,0.5625,0.6153846153846154,0.5714285714285714,0.986068069934845,51,15,14,18,10,49,16,17,18,34,16,13,28
105,0.3333333333333333,0.2222222222222222,0.42857142857142855,0.3333333333333333,0.2,0.34375,0.08333333333333333,0.0,1.0,0.2916666666666667,0.4444444444444444,0.25,0.25,1.069322109222412,33,9,7,9,5,32,12,11,10,24,9,8,20,0.6470588235294118,0.7333333333333333,0.6428571428571429,0.6111111111111112,0.8,0.6530612244897959,0.9375,0.0,1.0,0.7058823529411765,0.5625,0.6153846153846154,0.5714285714285714,0.982474684715271,51,15,14,18,10,49,16,17,18,34,16,13,28
106,0.36363636363636365,0.3333333333333333,0.42857142857142855,0.4444444444444444,0.2,0.375,0.16666666666666666,0.0,1.0,0.3333333333333333,0.4444444444444444,0.25,0.25,1.0677331686019897,33,9,7,9,5,32,12,11,10,24,9,8,20,0.6470588235294118,0.7333333333333333,0.6428571428571429,0.6111111111111112,0.8,0.6530612244897959,0.9375,0.0,1.0,0.7058823529411765,0.5625,0.6153846153846154,0.5714285714285714,0.9788415431976318,51,15,14,18,10,49,16,17,18,34,16,13,28
107,0.36363636363636365,0.3333333333333333,0.42857142857142855,0.4444444444444444,0.2,0.375,0.16666666666666666,0.0,1.0,0.3333333333333333,0.4444444444444444,0.25,0.25,1.0663522481918335,33,9,7,9,5,32,12,11,10,24,9,8,20,0.6470588235294118,0.7333333333333333,0.6428571428571429,0.6111111111111112,0.8,0.6530612244897959,0.9375,0.0,1.0,0.7058823529411765,0.5625,0.6153846153846154,0.5714285714285714,0.9749592542648315,51,15,14,18,10,49,16,17,18,34,16,13,28
108,0.36363636363636365,0.3333333333333333,0.42857142857142855,0.4444444444444444,0.2,0.375,0.16666666666666666,0.0,1.0,0.3333333333333333,0.4444444444444444,0.25,0.25,1.0652952194213867,33,9,7,9,5,32,12,11,10,24,9,8,20,0.6470588235294118,0.7333333333333333,0.6428571428571429,0.6111111111111112,0.8,0.6530612244897959,0.9375,0.0,1.0,0.7058823529411765,0.5625,0.6153846153846154,0.5714285714285714,0.9713771939277649,51,15,14,18,10,49,16,17,18,34,16,13,28
109,0.36363636363636365,0.3333333333333333,0.42857142857142855,0.4444444444444444,0.2,0.375,0.16666666666666666,0.0,1.0,0.3333333333333333,0.4444444444444444,0.25,0.25,1.06400465965271,33,9,7,9,5,32,12,11,10,24,9,8,20,0.6470588235294118,0.7333333333333333,0.6428571428571429,0.6111111111111112,0.8,0.6530612244897959,0.9375,0.0,1.0,0.7058823529411765,0.5625,0.6153846153846154,0.5714285714285714,0.9675061106681824,51,15,14,18,10,49,16,17,18,34,16,13,28
110,0.42424242424242425,0.4444444444444444,0.42857142857142855,0.5555555555555556,0.4,0.4375,0.3333333333333333,0.0,1.0,0.4166666666666667,0.4444444444444444,0.375,0.35,1.061777949333191,33,9,7,9,5,32,12,11,10,24,9,8,20,0.6470588235294118,0.7333333333333333,0.6428571428571429,0.6111111111111112,0.8,0.6530612244897959,0.9375,0.0,1.0,0.7058823529411765,0.5625,0.6153846153846154,0.5714285714285714,0.9622805714607239,51,15,14,18,10,49,16,17,18,34,16,13,28
111,0.42424242424242425,0.4444444444444444,0.42857142857142855,0.5555555555555556,0.4,0.4375,0.3333333333333333,0.0,1.0,0.4166666666666667,0.4444444444444444,0.375,0.35,1.0610800981521606,33,9,7,9,5,32,12,11,10,24,9,8,20,0.6470588235294118,0.7333333333333333,0.6428571428571429,0.6111111111111112,0.8,0.6530612244897959,0.9375,0.0,1.0,0.7058823529411765,0.5625,0.6153846153846154,0.5714285714285714,0.9595918655395508,51,15,14,18,10,49,16,17,18,34,16,13,28
112,0.42424242424242425,0.4444444444444444,0.42857142857142855,0.5555555555555556,0.4,0.4375,0.3333333333333333,0.0,1.0,0.4166666666666667,0.4444444444444444,0.375,0.35,1.060035228729248,33,9,7,9,5,32,12,11,10,24,9,8,20,0.6470588235294118,0.7333333333333333,0.6428571428571429,0.6111111111111112,0.8,0.6530612244897959,0.9375,0.0,1.0,0.7058823529411765,0.5625,0.6153846153846154,0.5714285714285714,0.9552976489067078,51,15,14,18,10,49,16,17,18,34,16,13,28
113,0.42424242424242425,0.4444444444444444,0.42857142857142855,0.5555555555555556,0.4,0.4375,0.3333333333333333,0.0,1.0,0.4166666666666667,0.4444444444444444,0.375,0.35,1.0587453842163086,33,9,7,9,5,32,12,11,10,24,9,8,20,0.6470588235294118,0.7333333333333333,0.6428571428571429,0.6111111111111112,0.8,0.6530612244897959,0.9375,0.0,1.0,0.7058823529411765,0.5625,0.6153846153846154,0.5714285714285714,0.9516271948814392,51,15,14,18,10,49,16,17,18,34,16,13,28
114,0.45454545454545453,0.4444444444444444,0.42857142857142855,0.5555555555555556,0.6,0.46875,0.4166666666666667,0.0,1.0,0.4583333333333333,0.4444444444444444,0.375,0.4,1.0556361675262451,33,9,7,9,5,32,12,11,10,24,9,8,20,0.6470588235294118,0.7333333333333333,0.6428571428571429,0.6111111111111112,0.8,0.6530612244897959,0.9375,0.0,1.0,0.7058823529411765,0.5625,0.6153846153846154,0.5714285714285714,0.9454556703567505,51,15,14,18,10,49,16,17,18,34,16,13,28
115,0.45454545454545453,0.4444444444444444,0.42857142857142855,0.5555555555555556,0.6,0.46875,0.4166666666666667,0.0,1.0,0.4583333333333333,0.4444444444444444,0.375,0.4,1.0551797151565552,33,9,7,9,5,32,12,11,10,24,9,8,20,0.6470588235294118,0.7333333333333333,0.6428571428571429,0.6111111111111112,0.8,0.6530612244897959,0.9375,0.0,1.0,0.7058823529411765,0.5625,0.6153846153846154,0.5714285714285714,0.9424278140068054,51,15,14,18,10,49,16,17,18,34,16,13,28
116,0.42424242424242425,0.4444444444444444,0.42857142857142855,0.5555555555555556,0.4,0.4375,0.3333333333333333,0.0,1.0,0.4166666666666667,0.4444444444444444,0.375,0.35,1.0559768676757812,33,9,7,9,5,32,12,11,10,24,9,8,20,0.6470588235294118,0.7333333333333333,0.6428571428571429,0.6111111111111112,0.8,0.6530612244897959,0.9375,0.0,1.0,0.7058823529411765,0.5625,0.6153846153846154,0.5714285714285714,0.9386492967605591,51,15,14,18,10,49,16,17,18,34,16,13,28
117,0.45454545454545453,0.4444444444444444,0.42857142857142855,0.5555555555555556,0.6,0.46875,0.4166666666666667,0.0,1.0,0.4583333333333333,0.4444444444444444,0.375,0.4,1.0525645017623901,33,9,7,9,5,32,12,11,10,24,9,8,20,0.6470588235294118,0.7333333333333333,0.6428571428571429,0.6111111111111112,0.8,0.6530612244897959,0.9375,0.0,1.0,0.7058823529411765,0.5625,0.6153846153846154,0.5714285714285714,0.9360143542289734,51,15,14,18,10,49,16,17,18,34,16,13,28
118,0.42424242424242425,0.4444444444444444,0.42857142857142855,0.5555555555555556,0.4,0.4375,0.3333333333333333,0.0,1.0,0.4166666666666667,0.4444444444444444,0.375,0.35,1.0519415140151978,33,9,7,9,5,32,12,11,10,24,9,8,20,0.6470588235294118,0.7333333333333333,0.6428571428571429,0.6111111111111112,0.8,0.6530612244897959,0.9375,0.0,1.0,0.7058823529411765,0.5625,0.6153846153846154,0.5714285714285714,0.9289119839668274,51,15,14,18,10,49,16,17,18,34,16,13,28
119,0.48484848484848486,0.4444444444444444,0.5714285714285714,0.5555555555555556,0.6,0.5,0.5,0.0,1.0,0.5,0.4444444444444444,0.5,0.4,1.0501935482025146,33,9,7,9,5,32,12,11,10,24,9,8,20,0.6470588235294118,0.7333333333333333,0.6428571428571429,0.6111111111111112,0.8,0.6530612244897959,0.9375,0.0,1.0,0.7058823529411765,0.5625,0.6153846153846154,0.5714285714285714,0.9236860275268555,51,15,14,18,10,49,16,17,18,34,16,13,28
120,0.45454545454545453,0.4444444444444444,0.5714285714285714,0.5555555555555556,0.4,0.46875,0.4166666666666667,0.0,1.0,0.4583333333333333,0.4444444444444444,0.5,0.35,1.049505591392517,33,9,7,9,5,32,12,11,10,24,9,8,20,0.6470588235294118,0.7333333333333333,0.6428571428571429,0.6111111111111112,0.8,0.6530612244897959,0.9375,0.0,1.0,0.7058823529411765,0.5625,0.6153846153846154,0.5714285714285714,0.9202354550361633,51,15,14,18,10,49,16,17,18,34,16,13,28
121,0.45454545454545453,0.4444444444444444,0.5714285714285714,0.5555555555555556,0.4,0.46875,0.4166666666666667,0.0,1.0,0.4583333333333333,0.4444444444444444,0.5,0.35,1.0494890213012695,33,9,7,9,5,32,12,11,10,24,9,8,20,0.6470588235294118,0.7333333333333333,0.6428571428571429,0.6111111111111112,0.8,0.6530612244897959,0.9375,0.0,1.0,0.7058823529411765,0.5625,0.6153846153846154,0.5714285714285714,0.9145912528038025,51,15,14,18,10,49,16,17,18,34,16,13,28
122,0.48484848484848486,0.4444444444444444,0.5714285714285714,0.5555555555555556,0.6,0.5,0.5,0.0,1.0,0.5,0.4444444444444444,0.5,0.4,1.0457879304885864,33,9,7,9,5,32,12,11,10,24,9,8,20,0.6470588235294118,0.7333333333333333,0.6428571428571429,0.6111111111111112,0.8,0.6530612244897959,0.9375,0.0,1.0,0.7058823529411765,0.5625,0.6153846153846154,0.5714285714285714,0.9137129783630371,51,15,14,18,10,49,16,17,18,34,16,13,28
123,0.5151515151515151,0.4444444444444444,0.5714285714285714,0.5555555555555556,0.6,0.53125,0.5833333333333334,0.0,1.0,0.5416666666666666,0.4444444444444444,0.5,0.45,1.0429359674453735,33,9,7,9,5,32,12,11,10,24,9,8,20,0.6470588235294118,0.7333333333333333,0.6428571428571429,0.6111111111111112,0.8,0.6530612244897959,0.9375,0.0,1.0,0.7058823529411765,0.5625,0.6153846153846154,0.5714285714285714,0.9066877961158752,51,15,14,18,10,49,16,17,18,34,16,13,28
124,0.48484848484848486,0.4444444444444444,0.5714285714285714,0.5555555555555556,0.6,0.5,0.5,0.0,1.0,0.5,0.4444444444444444,0.5,0.4,1.0421901941299438,33,9,7,9,5,32,12,11,10,24,9,8,20,0.6470588235294118,0.7333333333333333,0.6428571428571429,0.6111111111111112,0.8,0.6530612244897959,0.9375,0.0,1.0,0.7058823529411765,0.5625,0.6153846153846154,0.5714285714285714,0.9040939211845398,51,15,14,18,10,49,16,17,18,34,16,13,28
125,0.45454545454545453,0.4444444444444444,0.5714285714285714,0.5555555555555556,0.4,0.46875,0.4166666666666667,0.0,1.0,0.4583333333333333,0.4444444444444444,0.5,0.35,1.0428271293640137,33,9,7,9,5,32,12,11,10,24,9,8,20,0.6470588235294118,0.7333333333333333,0.6428571428571429,0.6111111111111112,0.8,0.6530612244897959,0.9375,0.0,1.0,0.7058823529411765,0.5625,0.6153846153846154,0.5714285714285714,0.8981819152832031,51,15,14,18,10,49,16,17,18,34,16,13,28
126,0.45454545454545453,0.4444444444444444,0.5714285714285714,0.5555555555555556,0.4,0.46875,0.4166666666666667,0.0,1.0,0.4583333333333333,0.4444444444444444,0.5,0.35,1.0426992177963257,33,9,7,9,5,32,12,11,10,24,9,8,20,0.6470588235294118,0.7333333333333333,0.6428571428571429,0.6111111111111112,0.8,0.6530612244897959,0.9375,0.0,1.0,0.7058823529411765,0.5625,0.6153846153846154,0.5714285714285714,0.8953002691268921,51,15,14,18,10,49,16,17,18,34,16,13,28
127,0.45454545454545453,0.4444444444444444,0.5714285714285714,0.5555555555555556,0.4,0.46875,0.4166666666666667,0.0,1.0,0.4583333333333333,0.4444444444444444,0.5,0.35,1.0397021770477295,33,9,7,9,5,32,12,11,10,24,9,8,20,0.6470588235294118,0.7333333333333333,0.6428571428571429,0.6111111111111112,0.8,0.6530612244897959,0.9375,0.0,1.0,0.7058823529411765,0.5625,0.6153846153846154,0.5714285714285714,0.8892293572425842,51,15,14,18,10,49,16,17,18,34,16,13,28
128,0.5151515151515151,0.4444444444444444,0.5714285714285714,0.5555555555555556,0.6,0.53125,0.5833333333333334,0.0,1.0,0.5416666666666666,0.4444444444444444,0.5,0.45,1.0345327854156494,33,9,7,9,5,32,12,11,10,24,9,8,20,0.6470588235294118,0.7333333333333333,0.6428571428571429,0.6111111111111112,0.8,0.6530612244897959,0.9375,0.0,1.0,0.7058823529411765,0.5625,0.6153846153846154,0.5714285714285714,0.8862792253494263,51,15,14,18,10,49,16,17,18,34,16,13,28
129,0.45454545454545453,0.4444444444444444,0.5714285714285714,0.5555555555555556,0.4,0.46875,0.4166666666666667,0.0,1.0,0.4583333333333333,0.4444444444444444,0.5,0.35,1.0394971370697021,33,9,7,9,5,32,12,11,10,24,9,8,20,0.6470588235294118,0.7333333333333333,0.6428571428571429,0.6111111111111112,0.8,0.6530612244897959,0.9375,0.0,1.0,0.7058823529411765,0.5625,0.6153846153846154,0.5714285714285714,0.8794214129447937,51,15,14,18,10,49,16,17,18,34,16,13,28
130,0.45454545454545453,0.4444444444444444,0.5714285714285714,0.5555555555555556,0.4,0.46875,0.4166666666666667,0.0,1.0,0.4583333333333333,0.4444444444444444,0.5,0.35,1.0420138835906982,33,9,7,9,5,32,12,11,10,24,9,8,20,0.6470588235294118,0.7333333333333333,0.6428571428571429,0.6111111111111112,0.8,0.6530612244897959,0.9375,0.0,1.0,0.7058823529411765,0.5625,0.6153846153846154,0.5714285714285714,0.8768736720085144,51,15,14,18,10,49,16,17,18,34,16,13,28
131,0.5151515151515151,0.4444444444444444,0.5714285714285714,0.5555555555555556,0.6,0.53125,0.5833333333333334,0.0,1.0,0.5416666666666666,0.4444444444444444,0.5,0.45,1.0323395729064941,33,9,7,9,5,32,12,11,10,24,9,8,20,0.6470588235294118,0.7333333333333333,0.6428571428571429,0.6111111111111112,0.8,0.6530612244897959,0.9375,0.0,1.0,0.7058823529411765,0.5625,0.6153846153846154,0.5714285714285714,0.873120903968811,51,15,14,18,10,49,16,17,18,34,16,13,28
132,0.5151515151515151,0.4444444444444444,0.5714285714285714,0.5555555555555556,0.6,0.53125,0.5833333333333334,0.0,1.0,0.5416666666666666,0.4444444444444444,0.5,0.45,1.0281239748001099,33,9,7,9,5,32,12,11,10,24,9,8,20,0.6470588235294118,0.7333333333333333,0.6428571428571429,0.6111111111111112,0.8,0.6530612244897959,0.9375,0.0,1.0,0.7058823529411765,0.5625,0.6153846153846154,0.5714285714285714,0.8687025904655457,51,15,14,18,10,49,16,17,18,34,16,13,28
133,0.48484848484848486,0.4444444444444444,0.5714285714285714,0.5555555555555556,0.4,0.5,0.5,0.0,1.0,0.5,0.4444444444444444,0.5,0.4,1.034346580505371,33,9,7,9,5,32,12,11,10,24,9,8,20,0.6470588235294118,0.7333333333333333,0.6428571428571429,0.6111111111111112,0.8,0.6530612244897959,0.9375,0.0,1.0,0.7058823529411765,0.5625,0.6153846153846154,0.5714285714285714,0.86589115858078,51,15,14,18,10,49,16,17,18,34,16,13,28
134,0.45454545454545453,0.4444444444444444,0.5714285714285714,0.5555555555555556,0.4,0.46875,0.4166666666666667,0.0,1.0,0.4583333333333333,0.4444444444444444,0.5,0.35,1.0379040241241455,33,9,7,9,5,32,12,11,10,24,9,8,20,0.6470588235294118,0.7333333333333333,0.6428571428571429,0.6111111111111112,0.8,0.6530612244897959,0.9375,0.0,1.0,0.7058823529411765,0.5625,0.6153846153846154,0.5714285714285714,0.858279287815094,51,15,14,18,10,49,16,17,18,34,16,13,28
135,0.48484848484848486,0.4444444444444444,0.5714285714285714,0.5555555555555556,0.4,0.5,0.5,0.0,1.0,0.5,0.4444444444444444,0.5,0.4,1.0312329530715942,33,9,7,9,5,32,12,11,10,24,9,8,20,0.6470588235294118,0.7333333333333333,0.6428571428571429,0.6111111111111112,0.8,0.6530612244897959,0.9375,0.0,1.0,0.7058823529411765,0.5625,0.6153846153846154,0.5714285714285714,0.8577446937561035,51,15,14,18,10,49,16,17,18,34,16,13,28
136,0.5151515151515151,0.4444444444444444,0.5714285714285714,0.5555555555555556,0.6,0.53125,0.5833333333333334,0.0,1.0,0.5416666666666666,0.4444444444444444,0.5,0.45,1.0252320766448975,33,9,7,9,5,32,12,11,10,24,9,8,20,0.6470588235294118,0.7333333333333333,0.6428571428571429,0.6111111111111112,0.8,0.6530612244897959,0.9375,0.0,1.0,0.7058823529411765,0.5625,0.6153846153846154,0.5714285714285714,0.8514736294746399,51,15,14,18,10,49,16,17,18,34,16,13,28
137,0.48484848484848486,0.4444444444444444,0.5714285714285714,0.5555555555555556,0.4,0.5,0.5,0.0,1.0,0.5,0.4444444444444444,0.5,0.4,1.0278526544570923,33,9,7,9,5,32,12,11,10,24,9,8,20,0.6470588235294118,0.7333333333333333,0.6428571428571429,0.6111111111111112,0.8,0.6530612244897959,0.9375,0.0,1.0,0.7058823529411765,0.5625,0.6153846153846154,0.5714285714285714,0.8471080660820007,51,15,14,18,10,49,16,17,18,34,16,13,28
138,0.45454545454545453,0.4444444444444444,0.5714285714285714,0.5555555555555556,0.4,0.46875,0.4166666666666667,0.0,1.0,0.4583333333333333,0.4444444444444444,0.5,0.35,1.0338834524154663,33,9,7,9,5,32,12,11,10,24,9,8,20,0.6470588235294118,0.7333333333333333,0.6428571428571429,0.6111111111111112,0.8,0.6530612244897959,0.9375,0.0,1.0,0.7058823529411765,0.5625,0.6153846153846154,0.5714285714285714,0.8433731198310852,51,15,14,18,10,49,16,17,18,34,16,13,28
139,0.48484848484848486,0.4444444444444444,0.5714285714285714,0.5555555555555556,0.4,0.5,0.5,0.0,1.0,0.5,0.4444444444444444,0.5,0.4,1.0308706760406494,33,9,7,9,5,32,12,11,10,24,9,8,20,0.6470588235294118,0.7333333333333333,0.6428571428571429,0.6111111111111112,0.8,0.6530612244897959,0.9375,0.0,1.0,0.7058823529411765,0.5625,0.6153846153846154,0.5714285714285714,0.8408680558204651,51,15,14,18,10,49,16,17,18,34,16,13,28
140,0.5151515151515151,0.4444444444444444,0.5714285714285714,0.5555555555555556,0.6,0.53125,0.5833333333333334,0.0,1.0,0.5416666666666666,0.4444444444444444,0.5,0.45,1.0228025913238525,33,9,7,9,5,32,12,11,10,24,9,8,20,0.6470588235294118,0.7333333333333333,0.6428571428571429,0.6111111111111112,0.8,0.6530612244897959,0.9375,0.0,1.0,0.7058823529411765,0.5625,0.6153846153846154,0.5714285714285714,0.836698591709137,51,15,14,18,10,49,16,17,18,34,16,13,28
141,0.48484848484848486,0.4444444444444444,0.5714285714285714,0.5555555555555556,0.4,0.5,0.5,0.0,1.0,0.5,0.4444444444444444,0.5,0.4,1.024092197418213,33,9,7,9,5,32,12,11,10,24,9,8,20,0.6470588235294118,0.7333333333333333,0.6428571428571429,0.6111111111111112,0.8,0.6530612244897959,0.9375,0.0,1.0,0.7058823529411765,0.5625,0.6153846153846154,0.5714285714285714,0.8316215872764587,51,15,14,18,10,49,16,17,18,34,16,13,28
142,0.48484848484848486,0.4444444444444444,0.5714285714285714,0.5555555555555556,0.4,0.5,0.5,0.0,1.0,0.5,0.4444444444444444,0.5,0.4,1.030184030532837,33,9,7,9,5,32,12,11,10,24,9,8,20,0.6470588235294118,0.7333333333333333,0.6428571428571429,0.6111111111111112,0.8,0.6530612244897959,0.9375,0.0,1.0,0.7058823529411765,0.5625,0.6153846153846154,0.5714285714285714,0.8264169692993164,51,15,14,18,10,49,16,17,18,34,16,13,28
143,0.48484848484848486,0.4444444444444444,0.5714285714285714,0.5555555555555556,0.4,0.5,0.5,0.0,1.0,0.5,0.4444444444444444,0.5,0.4,1.0312258005142212,33,9,7,9,5,32,12,11,10,24,9,8,20,0.6470588235294118,0.7333333333333333,0.6428571428571429,0.6111111111111112,0.8,0.6530612244897959,0.9375,0.0,1.0,0.7058823529411765,0.5625,0.6153846153846154,0.5714285714285714,0.8240509033203125,51,15,14,18,10,49,16,17,18,34,16,13,28
144,0.5151515151515151,0.4444444444444444,0.5714285714285714,0.5555555555555556,0.6,0.53125,0.5833333333333334,0.0,1.0,0.5416666666666666,0.4444444444444444,0.5,0.45,1.0204176902770996,33,9,7,9,5,32,12,11,10,24,9,8,20,0.6470588235294118,0.7333333333333333,0.6428571428571429,0.6111111111111112,0.8,0.6530612244897959,0.9375,0.0,1.0,0.7058823529411765,0.5625,0.6153846153846154,0.5714285714285714,0.8164719939231873,51,15,14,18,10,49,16,17,18,34,16,13,28
145,0.5151515151515151,0.4444444444444444,0.5714285714285714,0.5555555555555556,0.6,0.53125,0.5833333333333334,0.0,1.0,0.5416666666666666,0.4444444444444444,0.5,0.45,1.0155715942382812,33,9,7,9,5,32,12,11,10,24,9,8,20,0.6666666666666666,0.8,0.6428571428571429,0.6666666666666666,0.9,0.673469387755102,1.0,0.0,1.0,0.7352941176470589,0.5625,0.6153846153846154,0.6071428571428571,0.8144925236701965,51,15,14,18,10,49,16,17,18,34,16,13,28
146,0.48484848484848486,0.4444444444444444,0.5714285714285714,0.5555555555555556,0.4,0.5,0.5,0.0,1.0,0.5,0.4444444444444444,0.5,0.4,1.0207993984222412,33,9,7,9,5,32,12,11,10,24,9,8,20,0.6666666666666666,0.8,0.6428571428571429,0.6666666666666666,0.9,0.673469387755102,1.0,0.0,1.0,0.7352941176470589,0.5625,0.6153846153846154,0.6071428571428571,0.8134945631027222,51,15,14,18,10,49,16,17,18,34,16,13,28
147,0.48484848484848486,0.4444444444444444,0.5714285714285714,0.5555555555555556,0.4,0.5,0.5,0.0,1.0,0.5,0.4444444444444444,0.5,0.4,1.0276960134506226,33,9,7,9,5,32,12,11,10,24,9,8,20,0.6666666666666666,0.8,0.6428571428571429,0.6666666666666666,0.9,0.673469387755102,1.0,0.0,1.0,0.7352941176470589,0.5625,0.6153846153846154,0.6071428571428571,0.8057829141616821,51,15,14,18,10,49,16,17,18,34,16,13,28
148,0.48484848484848486,0.4444444444444444,0.5714285714285714,0.5555555555555556,0.4,0.5,0.5,0.0,1.0,0.5,0.4444444444444444,0.5,0.4,1.0247472524642944,33,9,7,9,5,32,12,11,10,24,9,8,20,0.6666666666666666,0.8,0.6428571428571429,0.6666666666666666,0.9,0.673469387755102,1.0,0.0,1.0,0.7352941176470589,0.5625,0.6153846153846154,0.6071428571428571,0.8054311275482178,51,15,14,18,10,49,16,17,18,34,16,13,28
149,0.5151515151515151,0.4444444444444444,0.5714285714285714,0.5555555555555556,0.6,0.53125,0.5833333333333334,0.0,1.0,0.5416666666666666,0.4444444444444444,0.5,0.45,1.015333652496338,33,9,7,9,5,32,12,11,10,24,9,8,20,0.6666666666666666,0.8,0.6428571428571429,0.6666666666666666,0.9,0.673469387755102,1.0,0.0,1.0,0.7352941176470589,0.5625,0.6153846153846154,0.6071428571428571,0.8021314740180969,51,15,14,18,10,49,16,17,18,34,16,13,28
150,0.5151515151515151,0.4444444444444444,0.5714285714285714,0.5555555555555556,0.6,0.53125,0.5833333333333334,0.0,1.0,0.5416666666666666,0.4444444444444444,0.5,0.45,1.0144367218017578,33,9,7,9,5,32,12,11,10,24,9,8,20,0.6666666666666666,0.8,0.6428571428571429,0.6666666666666666,0.9,0.673469387755102,1.0,0.0,1.0,0.7352941176470589,0.5625,0.6153846153846154,0.6071428571428571,0.7964840531349182,51,15,14,18,10,49,16,17,18,34,16,13,28
151,0.48484848484848486,0.4444444444444444,0.5714285714285714,0.5555555555555556,0.4,0.5,0.5,0.0,1.0,0.5,0.4444444444444444,0.5,0.4,1.0233209133148193,33,9,7,9,5,32,12,11,10,24,9,8,20,0.6666666666666666,0.8,0.6428571428571429,0.6666666666666666,0.9,0.673469387755102,1.0,0.0,1.0,0.7352941176470589,0.5625,0.6153846153846154,0.6071428571428571,0.7915472984313965,51,15,14,18,10,49,16,17,18,34,16,13,28
152,0.48484848484848486,0.4444444444444444,0.5714285714285714,0.5555555555555556,0.4,0.5,0.5,0.0,1.0,0.5,0.4444444444444444,0.5,0.4,1.0259270668029785,33,9,7,9,5,32,12,11,10,24,9,8,20,0.6666666666666666,0.8,0.6428571428571429,0.6666666666666666,0.9,0.673469387755102,1.0,0.0,1.0,0.7352941176470589,0.5625,0.6153846153846154,0.6071428571428571,0.7905331254005432,51,15,14,18,10,49,16,17,18,34,16,13,28
153,0.48484848484848486,0.4444444444444444,0.5714285714285714,0.5555555555555556,0.4,0.5,0.5,0.0,1.0,0.5,0.4444444444444444,0.5,0.4,1.0162256956100464,33,9,7,9,5,32,12,11,10,24,9,8,20,0.6666666666666666,0.8,0.6428571428571429,0.6666666666666666,0.9,0.673469387755102,1.0,0.0,1.0,0.7352941176470589,0.5625,0.6153846153846154,0.6071428571428571,0.7863153219223022,51,15,14,18,10,49,16,17,18,34,16,13,28
154,0.48484848484848486,0.4444444444444444,0.5714285714285714,0.5555555555555556,0.4,0.5,0.5,0.0,1.0,0.5,0.4444444444444444,0.5,0.4,1.0152744054794312,33,9,7,9,5,32,12,11,10,24,9,8,20,0.6666666666666666,0.8,0.6428571428571429,0.6666666666666666,0.9,0.673469387755102,1.0,0.0,1.0,0.7352941176470589,0.5625,0.6153846153846154,0.6071428571428571,0.7799007892608643,51,15,14,18,10,49,16,17,18,34,16,13,28
155,0.48484848484848486,0.4444444444444444,0.5714285714285714,0.5555555555555556,0.4,0.5,0.5,0.0,1.0,0.5,0.4444444444444444,0.5,0.4,1.0205436944961548,33,9,7,9,5,32,12,11,10,24,9,8,20,0.6666666666666666,0.8,0.6428571428571429,0.6666666666666666,0.9,0.673469387755102,1.0,0.0,1.0,0.7352941176470589,0.5625,0.6153846153846154,0.6071428571428571,0.7804636359214783,51,15,14,18,10,49,16,17,18,34,16,13,28
156,0.48484848484848486,0.4444444444444444,0.5714285714285714,0.5555555555555556,0.4,0.5,0.5,0.0,1.0,0.5,0.4444444444444444,0.5,0.4,1.0225313901901245,33,9,7,9,5,32,12,11,10,24,9,8,20,0.6666666666666666,0.8,0.6428571428571429,0.6666666666666666,0.9,0.673469387755102,1.0,0.0,1.0,0.7352941176470589,0.5625,0.6153846153846154,0.6071428571428571,0.774878978729248,51,15,14,18,10,49,16,17,18,34,16,13,28
157,0.48484848484848486,0.4444444444444444,0.5714285714285714,0.5555555555555556,0.4,0.5,0.5,0.0,1.0,0.5,0.4444444444444444,0.5,0.4,1.0187294483184814,33,9,7,9,5,32,12,11,10,24,9,8,20,0.6666666666666666,0.8,0.6428571428571429,0.6666666666666666,0.9,0.673469387755102,1.0,0.0,1.0,0.7352941176470589,0.5625,0.6153846153846154,0.6071428571428571,0.7732510566711426,51,15,14,18,10,49,16,17,18,34,16,13,28
158,0.48484848484848486,0.4444444444444444,0.5714285714285714,0.5555555555555556,0.4,0.5,0.5,0.0,1.0,0.5,0.4444444444444444,0.5,0.4,1.01416015625,33,9,7,9,5,32,12,11,10,24,9,8,20,0.6666666666666666,0.8,0.6428571428571429,0.6666666666666666,0.9,0.673469387755102,1.0,0.0,1.0,0.7352941176470589,0.5625,0.6153846153846154,0.6071428571428571,0.7668477892875671,51,15,14,18,10,49,16,17,18,34,16,13,28
159,0.48484848484848486,0.4444444444444444,0.5714285714285714,0.5555555555555556,0.4,0.5,0.5,0.0,1.0,0.5,0.4444444444444444,0.5,0.4,1.0194348096847534,33,9,7,9,5,32,12,11,10,24,9,8,20,0.6666666666666666,0.8,0.6428571428571429,0.6666666666666666,0.9,0.673469387755102,1.0,0.0,1.0,0.7352941176470589,0.5625,0.6153846153846154,0.6071428571428571,0.7648526430130005,51,15,14,18,10,49,16,17,18,34,16,13,28
160,0.48484848484848486,0.4444444444444444,0.5714285714285714,0.5555555555555556,0.4,0.5,0.5,0.0,1.0,0.5,0.4444444444444444,0.5,0.4,1.0223267078399658,33,9,7,9,5,32,12,11,10,24,9,8,20,0.6666666666666666,0.8,0.6428571428571429,0.6666666666666666,0.9,0.673469387755102,1.0,0.0,1.0,0.7352941176470589,0.5625,0.6153846153846154,0.6071428571428571,0.761700451374054,51,15,14,18,10,49,16,17,18,34,16,13,28
161,0.48484848484848486,0.4444444444444444,0.5714285714285714,0.5555555555555556,0.4,0.5,0.5,0.0,1.0,0.5,0.4444444444444444,0.5,0.4,1.0191482305526733,33,9,7,9,5,32,12,11,10,24,9,8,20,0.6666666666666666,0.8,0.6428571428571429,0.6666666666666666,0.9,0.673469387755102,1.0,0.0,1.0,0.7352941176470589,0.5625,0.6153846153846154,0.6071428571428571,0.7590963840484619,51,15,14,18,10,49,16,17,18,34,16,13,28
162,0.48484848484848486,0.4444444444444444,0.5714285714285714,0.5555555555555556,0.4,0.5,0.5,0.0,1.0,0.5,0.4444444444444444,0.5,0.4,1.0153043270111084,33,9,7,9,5,32,12,11,10,24,9,8,20,0.6666666666666666,0.8,0.6428571428571429,0.6666666666666666,0.9,0.673469387755102,1.0,0.0,1.0,0.7352941176470589,0.5625,0.6153846153846154,0.6071428571428571,0.7578929662704468,51,15,14,18,10,49,16,17,18,34,16,13,28
163,0.48484848484848486,0.4444444444444444,0.5714285714285714,0.5555555555555556,0.4,0.5,0.5,0.0,1.0,0.5,0.4444444444444444,0.5,0.4,1.0164496898651123,33,9,7,9,5,32,12,11,10,24,9,8,20,0.6666666666666666,0.8,0.6428571428571429,0.6666666666666666,0.9,0.673469387755102,1.0,0.0,1.0,0.7352941176470589,0.5625,0.6153846153846154,0.6071428571428571,0.7503265142440796,51,15,14,18,10,49,16,17,18,34,16,13,28
164,0.48484848484848486,0.4444444444444444,0.5714285714285714,0.5555555555555556,0.4,0.5,0.5,0.0,1.0,0.5,0.4444444444444444,0.5,0.4,1.0175607204437256,33,9,7,9,5,32,12,11,10,24,9,8,20,0.6666666666666666,0.8,0.6428571428571429,0.6666666666666666,0.9,0.673469387755102,1.0,0.0,1.0,0.7352941176470589,0.5625,0.6153846153846154,0.6071428571428571,0.751576840877533,51,15,14,18,10,49,16,17,18,34,16,13,28
165,0.48484848484848486,0.4444444444444444,0.5714285714285714,0.5555555555555556,0.4,0.5,0.5,0.0,1.0,0.5,0.4444444444444444,0.5,0.4,1.016183853149414,33,9,7,9,5,32,12,11,10,24,9,8,20,0.6666666666666666,0.8,0.6428571428571429,0.6666666666666666,0.9,0.673469387755102,1.0,0.0,1.0,0.7352941176470589,0.5625,0.6153846153846154,0.6071428571428571,0.7456479668617249,51,15,14,18,10,49,16,17,18,34,16,13,28
166,0.48484848484848486,0.4444444444444444,0.5714285714285714,0.5555555555555556,0.4,0.5,0.5,0.0,1.0,0.5,0.4444444444444444,0.5,0.4,1.0160914659500122,33,9,7,9,5,32,12,11,10,24,9,8,20,0.6666666666666666,0.8,0.6428571428571429,0.6666666666666666,0.9,0.673469387755102,1.0,0.0,1.0,0.7352941176470589,0.5625,0.6153846153846154,0.6071428571428571,0.7467829585075378,51,15,14,18,10,49,16,17,18,34,16,13,28
167,0.48484848484848486,0.4444444444444444,0.5714285714285714,0.5555555555555556,0.4,0.5,0.5,0.0,1.0,0.5,0.4444444444444444,0.5,0.4,1.0196003913879395,33,9,7,9,5,32,12,11,10,24,9,8,20,0.6666666666666666,0.8,0.6428571428571429,0.6666666666666666,0.9,0.673469387755102,1.0,0.0,1.0,0.7352941176470589,0.5625,0.6153846153846154,0.6071428571428571,0.7410266399383545,51,15,14,18,10,49,16,17,18,34,16,13,28
168,0.48484848484848486,0.4444444444444444,0.5714285714285714,0.5555555555555556,0.4,0.5,0.5,0.0,1.0,0.5,0.4444444444444444,0.5,0.4,1.0219022035598755,33,9,7,9,5,32,12,11,10,24,9,8,20,0.6666666666666666,0.8,0.6428571428571429,0.6666666666666666,0.9,0.673469387755102,1.0,0.0,1.0,0.7352941176470589,0.5625,0.6153846153846154,0.6071428571428571,0.7383474707603455,51,15,14,18,10,49,16,17,18,34,16,13,28
169,0.48484848484848486,0.4444444444444444,0.5714285714285714,0.5555555555555556,0.4,0.5,0.5,0.0,1.0,0.5,0.4444444444444444,0.5,0.4,1.0199936628341675,33,9,7,9,5,32,12,11,10,24,9,8,20,0.6666666666666666,0.8,0.6428571428571429,0.6666666666666666,0.9,0.673469387755102,1.0,0.0,1.0,0.7352941176470589,0.5625,0.6153846153846154,0.6071428571428571,0.7342038154602051,51,15,14,18,10,49,16,17,18,34,16,13,28
170,0.5151515151515151,0.5555555555555556,0.5714285714285714,0.6666666666666666,0.6,0.53125,0.5833333333333334,0.0,1.0,0.5416666666666666,0.4444444444444444,0.5,0.45,1.0103222131729126,33,9,7,9,5,32,12,11,10,24,9,8,20,0.6666666666666666,0.8,0.6428571428571429,0.6666666666666666,0.9,0.673469387755102,1.0,0.0,1.0,0.7352941176470589,0.5625,0.6153846153846154,0.6071428571428571,0.733220100402832,51,15,14,18,10,49,16,17,18,34,16,13,28
171,0.48484848484848486,0.4444444444444444,0.5714285714285714,0.5555555555555556,0.4,0.5,0.5,0.0,1.0,0.5,0.4444444444444444,0.5,0.4,1.0155349969863892,33,9,7,9,5,32,12,11,10,24,9,8,20,0.6666666666666666,0.8,0.6428571428571429,0.6666666666666666,0.9,0.673469387755102,1.0,0.0,1.0,0.7352941176470589,0.5625,0.6153846153846154,0.6071428571428571,0.7305992841720581,51,15,14,18,10,49,16,17,18,34,16,13,28
172,0.48484848484848486,0.4444444444444444,0.5714285714285714,0.5555555555555556,0.4,0.5,0.5,0.0,1.0,0.5,0.4444444444444444,0.5,0.4,1.0255082845687866,33,9,7,9,5,32,12,11,10,24,9,8,20,0.6666666666666666,0.8,0.6428571428571429,0.6666666666666666,0.9,0.673469387755102,1.0,0.0,1.0,0.7352941176470589,0.5625,0.6153846153846154,0.6071428571428571,0.728009045124054,51,15,14,18,10,49,16,17,18,34,16,13,28
173,0.48484848484848486,0.4444444444444444,0.5714285714285714,0.5555555555555556,0.4,0.5,0.5,0.0,1.0,0.5,0.4444444444444444,0.5,0.4,1.0204721689224243,33,9,7,9,5,32,12,11,10,24,9,8,20,0.6666666666666666,0.8,0.6428571428571429,0.6666666666666666,0.9,0.673469387755102,1.0,0.0,1.0,0.7352941176470589,0.5625,0.6153846153846154,0.6071428571428571,0.7248223423957825,51,15,14,18,10,49,16,17,18,34,16,13,28
174,0.5151515151515151,0.5555555555555556,0.5714285714285714,0.6666666666666666,0.6,0.53125,0.5833333333333334,0.0,1.0,0.5416666666666666,0.4444444444444444,0.5,0.45,1.009548306465149,33,9,7,9,5,32,12,11,10,24,9,8,20,0.6666666666666666,0.8,0.6428571428571429,0.6666666666666666,0.9,0.673469387755102,1.0,0.0,1.0,0.7352941176470589,0.5625,0.6153846153846154,0.6071428571428571,0.7217840552330017,51,15,14,18,10,49,16,17,18,34,16,13,28
175,0.48484848484848486,0.4444444444444444,0.5714285714285714,0.5555555555555556,0.4,0.5,0.5,0.0,1.0,0.5,0.4444444444444444,0.5,0.4,1.0157878398895264,33,9,7,9,5,32,12,11,10,24,9,8,20,0.6666666666666666,0.8,0.6428571428571429,0.6666666666666666,0.9,0.673469387755102,1.0,0.0,1.0,0.7352941176470589,0.5625,0.6153846153846154,0.6071428571428571,0.7191003561019897,51,15,14,18,10,49,16,17,18,34,16,13,28
176,0.48484848484848486,0.4444444444444444,0.5714285714285714,0.5555555555555556,0.4,0.5,0.5,0.0,1.0,0.5,0.4444444444444444,0.5,0.4,1.0283515453338623,33,9,7,9,5,32,12,11,10,24,9,8,20,0.6666666666666666,0.8,0.6428571428571429,0.6666666666666666,0.9,0.673469387755102,1.0,0.0,1.0,0.7352941176470589,0.5625,0.6153846153846154,0.6071428571428571,0.7159676551818848,51,15,14,18,10,49,16,17,18,34,16,13,28
177,0.48484848484848486,0.4444444444444444,0.5714285714285714,0.5555555555555556,0.4,0.5,0.5,0.0,1.0,0.5,0.4444444444444444,0.5,0.4,1.021769642829895,33,9,7,9,5,32,12,11,10,24,9,8,20,0.6666666666666666,0.8,0.6428571428571429,0.6666666666666666,0.9,0.673469387755102,1.0,0.0,1.0,0.7352941176470589,0.5625,0.6153846153846154,0.6071428571428571,0.7138788104057312,51,15,14,18,10,49,16,17,18,34,16,13,28
178,0.5151515151515151,0.5555555555555556,0.5714285714285714,0.6666666666666666,0.6,0.53125,0.5833333333333334,0.0,1.0,0.5416666666666666,0.4444444444444444,0.5,0.45,1.012197732925415,33,9,7,9,5,32,12,11,10,24,9,8,20,0.6666666666666666,0.8,0.6428571428571429,0.6666666666666666,0.9,0.673469387755102,1.0,0.0,1.0,0.7352941176470589,0.5625,0.6153846153846154,0.6071428571428571,0.711097776889801,51,15,14,18,10,49,16,17,18,34,16,13,28
179,0.48484848484848486,0.4444444444444444,0.5714285714285714,0.5555555555555556,0.4,0.5,0.5,0.0,1.0,0.5,0.4444444444444444,0.5,0.4,1.0199273824691772,33,9,7,9,5,32,12,11,10,24,9,8,20,0.6666666666666666,0.8,0.6428571428571429,0.6666666666666666,0.9,0.673469387755102,1.0,0.0,1.0,0.7352941176470589,0.5625,0.6153846153846154,0.6071428571428571,0.7092655897140503,51,15,14,18,10,49,16,17,18,34,16,13,28
180,0.48484848484848486,0.4444444444444444,0.5714285714285714,0.5555555555555556,0.4,0.5,0.5,0.0,1.0,0.5,0.4444444444444444,0.5,0.4,1.0238935947418213,33,9,7,9,5,32,12,11,10,24,9,8,20,0.6666666666666666,0.8,0.6428571428571429,0.6666666666666666,0.9,0.673469387755102,1.0,0.0,1.0,0.7352941176470589,0.5625,0.6153846153846154,0.6071428571428571,0.7082358598709106,51,15,14,18,10,49,16,17,18,34,16,13,28
181,0.5151515151515151,0.5555555555555556,0.5714285714285714,0.6666666666666666,0.6,0.53125,0.5833333333333334,0.0,1.0,0.5416666666666666,0.4444444444444444,0.5,0.45,1.0191837549209595,33,9,7,9,5,32,12,11,10,24,9,8,20,0.6666666666666666,0.8,0.6428571428571429,0.6666666666666666,0.9,0.673469387755102,1.0,0.0,1.0,0.7352941176470589,0.5625,0.6153846153846154,0.6071428571428571,0.7067938446998596,51,15,14,18,10,49,16,17,18,34,16,13,28
182,0.5151515151515151,0.5555555555555556,0.5714285714285714,0.6666666666666666,0.6,0.53125,0.5833333333333334,0.0,1.0,0.5416666666666666,0.4444444444444444,0.5,0.45,1.0169150829315186,33,9,7,9,5,32,12,11,10,24,9,8,20,0.6666666666666666,0.8,0.6428571428571429,0.6666666666666666,0.9,0.673469387755102,1.0,0.0,1.0,0.7352941176470589,0.5625,0.6153846153846154,0.6071428571428571,0.701033353805542,51,15,14,18,10,49,16,17,18,34,16,13,28
183,0.5151515151515151,0.5555555555555556,0.5714285714285714,0.6666666666666666,0.6,0.53125,0.5833333333333334,0.0,1.0,0.5416666666666666,0.4444444444444444,0.5,0.45,1.020316481590271,33,9,7,9,5,32,12,11,10,24,9,8,20,0.6666666666666666,0.8,0.6428571428571429,0.6666666666666666,0.9,0.673469387755102,1.0,0.0,1.0,0.7352941176470589,0.5625,0.6153846153846154,0.6071428571428571,0.6993407607078552,51,15,14,18,10,49,16,17,18,34,16,13,28
184,0.5151515151515151,0.5555555555555556,0.5714285714285714,0.6666666666666666,0.6,0.53125,0.5833333333333334,0.0,1.0,0.5416666666666666,0.4444444444444444,0.5,0.45,1.0142111778259277,33,9,7,9,5,32,12,11,10,24,9,8,20,0.6666666666666666,0.8,0.6428571428571429,0.6666666666666666,0.9,0.673469387755102,1.0,0.0,1.0,0.7352941176470589,0.5625,0.6153846153846154,0.6071428571428571,0.7021462917327881,51,15,14,18,10,49,16,17,18,34,16,13,28
185,0.5151515151515151,0.5555555555555556,0.5714285714285714,0.6666666666666666,0.6,0.53125,0.5833333333333334,0.0,1.0,0.5416666666666666,0.4444444444444444,0.5,0.45,1.0163815021514893,33,9,7,9,5,32,12,11,10,24,9,8,20,0.6666666666666666,0.8,0.6428571428571429,0.6666666666666666,0.9,0.673469387755102,1.0,0.0,1.0,0.7352941176470589,0.5625,0.6153846153846154,0.6071428571428571,0.6958938837051392,51,15,14,18,10,49,16,17,18,34,16,13,28
186,0.48484848484848486,0.4444444444444444,0.5714285714285714,0.5555555555555556,0.4,0.5,0.5,0.0,1.0,0.5,0.4444444444444444,0.5,0.4,1.0270607471466064,33,9,7,9,5,32,12,11,10,24,9,8,20,0.6666666666666666,0.8,0.6428571428571429,0.6666666666666666,0.9,0.673469387755102,1.0,0.0,1.0,0.7352941176470589,0.5625,0.6153846153846154,0.6071428571428571,0.6924837827682495,51,15,14,18,10,49,16,17,18,34,16,13,28
187,0.5151515151515151,0.5555555555555556,0.5714285714285714,0.6666666666666666,0.6,0.53125,0.5833333333333334,0.0,1.0,0.5416666666666666,0.4444444444444444,0.5,0.45,1.021354079246521,33,9,7,9,5,32,12,11,10,24,9,8,20,0.6666666666666666,0.8,0.6428571428571429,0.6666666666666666,0.9,0.673469387755102,1.0,0.0,1.0,0.7352941176470589,0.5625,0.6153846153846154,0.6071428571428571,0.6895653009414673,51,15,14,18,10,49,16,17,18,34,16,13,28
188,0.5151515151515151,0.5555555555555556,0.5714285714285714,0.6666666666666666,0.6,0.53125,0.5833333333333334,0.0,1.0,0.5416666666666666,0.4444444444444444,0.5,0.45,1.013327956199646,33,9,7,9,5,32,12,11,10,24,9,8,20,0.6666666666666666,0.8,0.6428571428571429,0.6666666666666666,0.9,0.673469387755102,1.0,0.0,1.0,0.7352941176470589,0.5625,0.6153846153846154,0.6071428571428571,0.6887024641036987,51,15,14,18,10,49,16,17,18,34,16,13,28
189,0.5151515151515151,0.5555555555555556,0.5714285714285714,0.6666666666666666,0.6,0.53125,0.5833333333333334,0.0,1.0,0.5416666666666666,0.4444444444444444,0.5,0.45,1.0199906826019287,33,9,7,9,5,32,12,11,10,24,9,8,20,0.6666666666666666,0.8,0.6428571428571429,0.6666666666666666,0.9,0.673469387755102,1.0,0.0,1.0,0.7352941176470589,0.5625,0.6153846153846154,0.6071428571428571,0.6897295117378235,51,15,14,18,10,49,16,17,18,34,16,13,28
190,0.48484848484848486,0.4444444444444444,0.5714285714285714,0.5555555555555556,0.4,0.5,0.5,0.0,1.0,0.5,0.4444444444444444,0.5,0.4,1.0298829078674316,33,9,7,9,5,32,12,11,10,24,9,8,20,0.6666666666666666,0.8,0.6428571428571429,0.6666666666666666,0.9,0.673469387755102,1.0,0.0,1.0,0.7352941176470589,0.5625,0.6153846153846154,0.6071428571428571,0.6854019165039062,51,15,14,18,10,49,16,17,18,34,16,13,28
191,0.5151515151515151,0.5555555555555556,0.5714285714285714,0.6666666666666666,0.6,0.53125,0.5833333333333334,0.0,1.0,0.5416666666666666,0.4444444444444444,0.5,0.45,1.0258435010910034,33,9,7,9,5,32,12,11,10,24,9,8,20,0.6666666666666666,0.8,0.6428571428571429,0.6666666666666666,0.9,0.673469387755102,1.0,0.0,1.0,0.7352941176470589,0.5625,0.6153846153846154,0.6071428571428571,0.6859853863716125,51,15,14,18,10,49,16,17,18,34,16,13,28
192,0.5151515151515151,0.5555555555555556,0.5714285714285714,0.6666666666666666,0.6,0.53125,0.5833333333333334,0.0,1.0,0.5416666666666666,0.4444444444444444,0.5,0.45,1.0143970251083374,33,9,7,9,5,32,12,11,10,24,9,8,20,0.6666666666666666,0.8,0.6428571428571429,0.6666666666666666,0.9,0.673469387755102,1.0,0.0,1.0,0.7352941176470589,0.5625,0.6153846153846154,0.6071428571428571,0.6820443868637085,51,15,14,18,10,49,16,17,18,34,16,13,28
193,0.5151515151515151,0.5555555555555556,0.5714285714285714,0.6666666666666666,0.6,0.53125,0.5833333333333334,0.0,1.0,0.5416666666666666,0.4444444444444444,0.5,0.45,1.018664002418518,33,9,7,9,5,32,12,11,10,24,9,8,20,0.6666666666666666,0.8,0.6428571428571429,0.6666666666666666,0.9,0.673469387755102,1.0,0.0,1.0,0.7352941176470589,0.5625,0.6153846153846154,0.6071428571428571,0.6799635887145996,51,15,14,18,10,49,16,17,18,34,16,13,28
194,0.48484848484848486,0.4444444444444444,0.5714285714285714,0.5555555555555556,0.4,0.5,0.5,0.0,1.0,0.5,0.4444444444444444,0.5,0.4,1.0344384908676147,33,9,7,9,5,32,12,11,10,24,9,8,20,0.6666666666666666,0.8,0.6428571428571429,0.6666666666666666,0.9,0.673469387755102,1.0,0.0,1.0,0.7352941176470589,0.5625,0.6153846153846154,0.6071428571428571,0.6775369048118591,51,15,14,18,10,49,16,17,18,34,16,13,28
195,0.48484848484848486,0.4444444444444444,0.5714285714285714,0.5555555555555556,0.4,0.5,0.5,0.0,1.0,0.5,0.4444444444444444,0.5,0.4,1.029546856880188,33,9,7,9,5,32,12,11,10,24,9,8,20,0.6666666666666666,0.8,0.6428571428571429,0.6666666666666666,0.9,0.673469387755102,1.0,0.0,1.0,0.7352941176470589,0.5625,0.6153846153846154,0.6071428571428571,0.6752457618713379,51,15,14,18,10,49,16,17,18,34,16,13,28
196,0.5151515151515151,0.5555555555555556,0.5714285714285714,0.6666666666666666,0.6,0.53125,0.5833333333333334,0.0,1.0,0.5416666666666666,0.4444444444444444,0.5,0.45,1.0188833475112915,33,9,7,9,5,32,12,11,10,24,9,8,20,0.6666666666666666,0.8,0.6428571428571429,0.6666666666666666,0.9,0.673469387755102,1.0,0.0,1.0,0.7352941176470589,0.5625,0.6153846153846154,0.6071428571428571,0.6763942241668701,51,15,14,18,10,49,16,17,18,34,16,13,28
197,0.5151515151515151,0.5555555555555556,0.5714285714285714,0.6666666666666666,0.6,0.53125,0.5833333333333334,0.0,1.0,0.5416666666666666,0.4444444444444444,0.5,0.45,1.021347165107727,33,9,7,9,5,32,12,11,10,24,9,8,20,0.6666666666666666,0.8,0.6428571428571429,0.6666666666666666,0.9,0.673469387755102,1.0,0.0,1.0,0.7352941176470589,0.5625,0.6153846153846154,0.6071428571428571,0.6742773056030273,51,15,14,18,10,49,16,17,18,34,16,13,28
198,0.48484848484848486,0.4444444444444444,0.5714285714285714,0.5555555555555556,0.4,0.5,0.5,0.0,1.0,0.5,0.4444444444444444,0.5,0.4,1.0327273607254028,33,9,7,9,5,32,12,11,10,24,9,8,20,0.6666666666666666,0.8,0.6428571428571429,0.6666666666666666,0.9,0.673469387755102,1.0,0.0,1.0,0.7352941176470589,0.5625,0.6153846153846154,0.6071428571428571,0.6693758964538574,51,15,14,18,10,49,16,17,18,34,16,13,28
199,0.5151515151515151,0.5555555555555556,0.5714285714285714,0.6666666666666666,0.6,0.53125,0.5833333333333334,0.0,1.0,0.5416666666666666,0.4444444444444444,0.5,0.45,1.0287607908248901,33,9,7,9,5,32,12,11,10,24,9,8,20,0.6666666666666666,0.8,0.6428571428571429,0.6666666666666666,0.9,0.673469387755102,1.0,0.0,1.0,0.7352941176470589,0.5625,0.6153846153846154,0.6071428571428571,0.6690930128097534,51,15,14,18,10,49,16,17,18,34,16,13,28
200,0.5151515151515151,0.5555555555555556,0.5714285714285714,0.6666666666666666,0.6,0.53125,0.5833333333333334,0.0,1.0,0.5416666666666666,0.4444444444444444,0.5,0.45,1.0153032541275024,33,9,7,9,5,32,12,11,10,24,9,8,20,0.6666666666666666,0.8,0.6428571428571429,0.6666666666666666,0.9,0.673469387755102,1.0,0.0,1.0,0.7352941176470589,0.5625,0.6153846153846154,0.6071428571428571,0.6694203019142151,51,15,14,18,10,49,16,17,18,34,16,13,28
201,0.5151515151515151,0.5555555555555556,0.5714285714285714,0.6666666666666666,0.6,0.53125,0.5833333333333334,0.0,1.0,0.5416666666666666,0.4444444444444444,0.5,0.45,1.025675892829895,33,9,7,9,5,32,12,11,10,24,9,8,20,0.6666666666666666,0.8,0.6428571428571429,0.6666666666666666,0.9,0.673469387755102,1.0,0.0,1.0,0.7352941176470589,0.5625,0.6153846153846154,0.6071428571428571,0.6692816615104675,51,15,14,18,10,49,16,17,18,34,16,13,28
202,0.48484848484848486,0.4444444444444444,0.5714285714285714,0.5555555555555556,0.4,0.5,0.5,0.0,1.0,0.5,0.4444444444444444,0.5,0.4,1.041500210762024,33,9,7,9,5,32,12,11,10,24,9,8,20,0.6666666666666666,0.8,0.6428571428571429,0.6666666666666666,0.9,0.673469387755102,1.0,0.0,1.0,0.7352941176470589,0.5625,0.6153846153846154,0.6071428571428571,0.6637206673622131,51,15,14,18,10,49,16,17,18,34,16,13,28
203,0.5151515151515151,0.5555555555555556,0.5714285714285714,0.6666666666666666,0.6,0.53125,0.5833333333333334,0.0,1.0,0.5416666666666666,0.4444444444444444,0.5,0.45,1.0326310396194458,33,9,7,9,5,32,12,11,10,24,9,8,20,0.6666666666666666,0.8,0.6428571428571429,0.6666666666666666,0.9,0.673469387755102,1.0,0.0,1.0,0.7352941176470589,0.5625,0.6153846153846154,0.6071428571428571,0.6606466770172119,51,15,14,18,10,49,16,17,18,34,16,13,28
204,0.5151515151515151,0.5555555555555556,0.5714285714285714,0.6666666666666666,0.6,0.53125,0.5833333333333334,0.0,1.0,0.5416666666666666,0.4444444444444444,0.5,0.45,1.0175812244415283,33,9,7,9,5,32,12,11,10,24,9,8,20,0.6666666666666666,0.8,0.6428571428571429,0.6666666666666666,0.9,0.673469387755102,1.0,0.0,1.0,0.7352941176470589,0.5625,0.6153846153846154,0.6071428571428571,0.6579219698905945,51,15,14,18,10,49,16,17,18,34,16,13,28
205,0.5151515151515151,0.5555555555555556,0.5714285714285714,0.6666666666666666,0.6,0.53125,0.5833333333333334,0.0,1.0,0.5416666666666666,0.4444444444444444,0.5,0.45,1.0197503566741943,33,9,7,9,5,32,12,11,10,24,9,8,20,0.6666666666666666,0.8,0.6428571428571429,0.6666666666666666,0.9,0.673469387755102,1.0,0.0,1.0,0.7352941176470589,0.5625,0.6153846153846154,0.6071428571428571,0.6614496111869812,51,15,14,18,10,49,16,17,18,34,16,13,28
206,0.48484848484848486,0.4444444444444444,0.5714285714285714,0.5555555555555556,0.4,0.5,0.5,0.0,1.0,0.5,0.4444444444444444,0.5,0.4,1.0438919067382812,33,9,7,9,5,32,12,11,10,24,9,8,20,0.6666666666666666,0.8,0.6428571428571429,0.6666666666666666,0.9,0.673469387755102,1.0,0.0,1.0,0.7352941176470589,0.5625,0.6153846153846154,0.6071428571428571,0.6558007001876831,51,15,14,18,10,49,16,17,18,34,16,13,28
207,0.5151515151515151,0.5555555555555556,0.5714285714285714,0.6666666666666666,0.6,0.53125,0.5833333333333334,0.0,1.0,0.5416666666666666,0.4444444444444444,0.5,0.45,1.0374919176101685,33,9,7,9,5,32,12,11,10,24,9,8,20,0.6666666666666666,0.8,0.6428571428571429,0.6666666666666666,0.9,0.673469387755102,1.0,0.0,1.0,0.7352941176470589,0.5625,0.6153846153846154,0.6071428571428571,0.6582765579223633,51,15,14,18,10,49,16,17,18,34,16,13,28
208,0.5151515151515151,0.5555555555555556,0.5714285714285714,0.6666666666666666,0.6,0.53125,0.5833333333333334,0.0,1.0,0.5416666666666666,0.4444444444444444,0.5,0.45,1.0140868425369263,33,9,7,9,5,32,12,11,10,24,9,8,20,0.6666666666666666,0.8,0.6428571428571429,0.6666666666666666,0.9,0.673469387755102,1.0,0.0,1.0,0.7352941176470589,0.5625,0.6153846153846154,0.6071428571428571,0.6564295291900635,51,15,14,18,10,49,16,17,18,34,16,13,28
209,0.5151515151515151,0.5555555555555556,0.5714285714285714,0.6666666666666666,0.6,0.53125,0.5833333333333334,0.0,1.0,0.5416666666666666,0.4444444444444444,0.5,0.45,1.0231547355651855,33,9,7,9,5,32,12,11,10,24,9,8,20,0.6666666666666666,0.8,0.6428571428571429,0.6666666666666666,0.9,0.673469387755102,1.0,0.0,1.0,0.7352941176470589,0.5625,0.6153846153846154,0.6071428571428571,0.6526817679405212,51,15,14,18,10,49,16,17,18,34,16,13,28
210,0.48484848484848486,0.4444444444444444,0.5714285714285714,0.5555555555555556,0.4,0.5,0.5,0.0,1.0,0.5,0.4444444444444444,0.5,0.4,1.0459425449371338,33,9,7,9,5,32,12,11,10,24,9,8,20,0.6666666666666666,0.8,0.6428571428571429,0.6666666666666666,0.9,0.673469387755102,1.0,0.0,1.0,0.7352941176470589,0.5625,0.6153846153846154,0.6071428571428571,0.6534878611564636,51,15,14,18,10,49,16,17,18,34,16,13,28
211,0.5151515151515151,0.5555555555555556,0.5714285714285714,0.6666666666666666,0.6,0.53125,0.5833333333333334,0.0,1.0,0.5416666666666666,0.4444444444444444,0.5,0.45,1.0415595769882202,33,9,7,9,5,32,12,11,10,24,9,8,20,0.6666666666666666,0.8,0.6428571428571429,0.6666666666666666,0.9,0.673469387755102,1.0,0.0,1.0,0.7352941176470589,0.5625,0.6153846153846154,0.6071428571428571,0.6500874757766724,51,15,14,18,10,49,16,17,18,34,16,13,28
212,0.5151515151515151,0.5555555555555556,0.5714285714285714,0.6666666666666666,0.6,0.53125,0.5833333333333334,0.0,1.0,0.5416666666666666,0.4444444444444444,0.5,0.45,1.0219649076461792,33,9,7,9,5,32,12,11,10,24,9,8,20,0.6666666666666666,0.8,0.6428571428571429,0.6666666666666666,0.9,0.673469387755102,1.0,0.0,1.0,0.7352941176470589,0.5625,0.6153846153846154,0.6071428571428571,0.6508949398994446,51,15,14,18,10,49,16,17,18,34,16,13,28
213,0.5151515151515151,0.5555555555555556,0.5714285714285714,0.6666666666666666,0.6,0.53125,0.5833333333333334,0.0,1.0,0.5416666666666666,0.4444444444444444,0.5,0.45,1.0250214338302612,33,9,7,9,5,32,12,11,10,24,9,8,20,0.6666666666666666,0.8,0.6428571428571429,0.6666666666666666,0.9,0.673469387755102,1.0,0.0,1.0,0.7352941176470589,0.5625,0.6153846153846154,0.6071428571428571,0.6479517817497253,51,15,14,18,10,49,16,17,18,34,16,13,28
214,0.5151515151515151,0.5555555555555556,0.5714285714285714,0.6666666666666666,0.6,0.53125,0.5833333333333334,0.0,1.0,0.5416666666666666,0.4444444444444444,0.5,0.45,1.041081428527832,33,9,7,9,5,32,12,11,10,24,9,8,20,0.6666666666666666,0.8,0.6428571428571429,0.6666666666666666,0.9,0.673469387755102,1.0,0.0,1.0,0.7352941176470589,0.5625,0.6153846153846154,0.6071428571428571,0.646756112575531,51,15,14,18,10,49,16,17,18,34,16,13,28
215,0.5151515151515151,0.5555555555555556,0.5714285714285714,0.6666666666666666,0.6,0.53125,0.5833333333333334,0.0,1.0,0.5416666666666666,0.4444444444444444,0.5,0.45,1.0415401458740234,33,9,7,9,5,32,12,11,10,24,9,8,20,0.6666666666666666,0.8,0.6428571428571429,0.6666666666666666,0.9,0.673469387755102,1.0,0.0,1.0,0.7352941176470589,0.5625,0.6153846153846154,0.6071428571428571,0.6463503837585449,51,15,14,18,10,49,16,17,18,34,16,13,28
216,0.5151515151515151,0.5555555555555556,0.5714285714285714,0.6666666666666666,0.6,0.53125,0.5833333333333334,0.0,1.0,0.5416666666666666,0.4444444444444444,0.5,0.45,1.0279663801193237,33,9,7,9,5,32,12,11,10,24,9,8,20,0.6666666666666666,0.8,0.6428571428571429,0.6666666666666666,0.9,0.673469387755102,1.0,0.0,1.0,0.7352941176470589,0.5625,0.6153846153846154,0.6071428571428571,0.6452914476394653,51,15,14,18,10,49,16,17,18,34,16,13,28
217,0.5151515151515151,0.5555555555555556,0.5714285714285714,0.6666666666666666,0.6,0.53125,0.5833333333333334,0.0,1.0,0.5416666666666666,0.4444444444444444,0.5,0.45,1.0356460809707642,33,9,7,9,5,32,12,11,10,24,9,8,20,0.6666666666666666,0.8,0.6428571428571429,0.6666666666666666,0.9,0.673469387755102,1.0,0.0,1.0,0.7352941176470589,0.5625,0.6153846153846154,0.6071428571428571,0.6415923833847046,51,15,14,18,10,49,16,17,18,34,16,13,28
218,0.48484848484848486,0.4444444444444444,0.5714285714285714,0.5555555555555556,0.4,0.5,0.5,0.0,1.0,0.5,0.4444444444444444,0.5,0.4,1.0451745986938477,33,9,7,9,5,32,12,11,10,24,9,8,20,0.6666666666666666,0.8,0.6428571428571429,0.6666666666666666,0.9,0.673469387755102,1.0,0.0,1.0,0.7352941176470589,0.5625,0.6153846153846154,0.6071428571428571,0.6428263783454895,51,15,14,18,10,49,16,17,18,34,16,13,28
219,0.5151515151515151,0.5555555555555556,0.5714285714285714,0.6666666666666666,0.6,0.53125,0.5833333333333334,0.0,1.0,0.5416666666666666,0.4444444444444444,0.5,0.45,1.040769338607788,33,9,7,9,5,32,12,11,10,24,9,8,20,0.6666666666666666,0.8,0.6428571428571429,0.6666666666666666,0.9,0.673469387755102,1.0,0.0,1.0,0.7352941176470589,0.5625,0.6153846153846154,0.6071428571428571,0.6406227350234985,51,15,14,18,10,49,16,17,18,34,16,13,28
220,0.5151515151515151,0.5555555555555556,0.5714285714285714,0.6666666666666666,0.6,0.53125,0.5833333333333334,0.0,1.0,0.5416666666666666,0.4444444444444444,0.5,0.45,1.0378295183181763,33,9,7,9,5,32,12,11,10,24,9,8,20,0.6666666666666666,0.8,0.6428571428571429,0.6666666666666666,0.9,0.673469387755102,1.0,0.0,1.0,0.7352941176470589,0.5625,0.6153846153846154,0.6071428571428571,0.6389740705490112,51,15,14,18,10,49,16,17,18,34,16,13,28
221,0.5151515151515151,0.5555555555555556,0.5714285714285714,0.6666666666666666,0.6,0.53125,0.5833333333333334,0.0,1.0,0.5416666666666666,0.4444444444444444,0.5,0.45,1.0378832817077637,33,9,7,9,5,32,12,11,10,24,9,8,20,0.6666666666666666,0.8,0.6428571428571429,0.6666666666666666,0.9,0.673469387755102,1.0,0.0,1.0,0.7352941176470589,0.5625,0.6153846153846154,0.6071428571428571,0.6390310525894165,51,15,14,18,10,49,16,17,18,34,16,13,28
222,0.48484848484848486,0.4444444444444444,0.5714285714285714,0.5555555555555556,0.4,0.5,0.5,0.0,1.0,0.5,0.4444444444444444,0.5,0.4,1.0493690967559814,33,9,7,9,5,32,12,11,10,24,9,8,20,0.6666666666666666,0.8,0.6428571428571429,0.6666666666666666,0.9,0.673469387755102,1.0,0.0,1.0,0.7352941176470589,0.5625,0.6153846153846154,0.6071428571428571,0.6399773955345154,51,15,14,18,10,49,16,17,18,34,16,13,28
223,0.5151515151515151,0.5555555555555556,0.5714285714285714,0.6666666666666666,0.6,0.53125,0.5833333333333334,0.0,1.0,0.5416666666666666,0.4444444444444444,0.5,0.45,1.042680025100708,33,9,7,9,5,32,12,11,10,24,9,8,20,0.6666666666666666,0.8,0.6428571428571429,0.6666666666666666,0.9,0.673469387755102,1.0,0.0,1.0,0.7352941176470589,0.5625,0.6153846153846154,0.6071428571428571,0.6384967565536499,51,15,14,18,10,49,16,17,18,34,16,13,28
224,0.5151515151515151,0.5555555555555556,0.5714285714285714,0.6666666666666666,0.6,0.53125,0.5833333333333334,0.0,1.0,0.5416666666666666,0.4444444444444444,0.5,0.45,1.0353024005889893,33,9,7,9,5,32,12,11,10,24,9,8,20,0.6666666666666666,0.8,0.6428571428571429,0.6666666666666666,0.9,0.673469387755102,1.0,0.0,1.0,0.7352941176470589,0.5625,0.6153846153846154,0.6071428571428571,0.6329139471054077,51,15,14,18,10,49,16,17,18,34,16,13,28
225,0.5151515151515151,0.5555555555555556,0.5714285714285714,0.6666666666666666,0.6,0.53125,0.5833333333333334,0.0,1.0,0.5416666666666666,0.4444444444444444,0.5,0.45,1.0384033918380737,33,9,7,9,5,32,12,11,10,24,9,8,20,0.6666666666666666,0.8,0.6428571428571429,0.6666666666666666,0.9,0.673469387755102,1.0,0.0,1.0,0.7352941176470589,0.5625,0.6153846153846154,0.6071428571428571,0.6340125799179077,51,15,14,18,10,49,16,17,18,34,16,13,28
226,0.48484848484848486,0.4444444444444444,0.5714285714285714,0.5555555555555556,0.4,0.5,0.5,0.0,1.0,0.5,0.4444444444444444,0.5,0.4,1.051713228225708,33,9,7,9,5,32,12,11,10,24,9,8,20,0.6666666666666666,0.8,0.6428571428571429,0.6666666666666666,0.9,0.673469387755102,1.0,0.0,1.0,0.7352941176470589,0.5625,0.6153846153846154,0.6071428571428571,0.6303804516792297,51,15,14,18,10,49,16,17,18,34,16,13,28
227,0.5151515151515151,0.5555555555555556,0.5714285714285714,0.6666666666666666,0.6,0.53125,0.5833333333333334,0.0,1.0,0.5416666666666666,0.4444444444444444,0.5,0.45,1.0484817028045654,33,9,7,9,5,32,12,11,10,24,9,8,20,0.6666666666666666,0.8,0.6428571428571429,0.6666666666666666,0.9,0.673469387755102,1.0,0.0,1.0,0.7352941176470589,0.5625,0.6153846153846154,0.6071428571428571,0.6333142518997192,51,15,14,18,10,49,16,17,18,34,16,13,28
228,0.5151515151515151,0.5555555555555556,0.5714285714285714,0.6666666666666666,0.6,0.53125,0.5833333333333334,0.0,1.0,0.5416666666666666,0.4444444444444444,0.5,0.45,1.0317612886428833,33,9,7,9,5,32,12,11,10,24,9,8,20,0.6666666666666666,0.8,0.6428571428571429,0.6666666666666666,0.9,0.673469387755102,1.0,0.0,1.0,0.7352941176470589,0.5625,0.6153846153846154,0.6071428571428571,0.6320041418075562,51,15,14,18,10,49,16,17,18,34,16,13,28
229,0.5151515151515151,0.5555555555555556,0.5714285714285714,0.6666666666666666,0.6,0.53125,0.5833333333333334,0.0,1.0,0.5416666666666666,0.4444444444444444,0.5,0.45,1.036186695098877,33,9,7,9,5,32,12,11,10,24,9,8,20,0.6666666666666666,0.8,0.6428571428571429,0.6666666666666666,0.9,0.673469387755102,1.0,0.0,1.0,0.7352941176470589,0.5625,0.6153846153846154,0.6071428571428571,0.6295852065086365,51,15,14,18,10,49,16,17,18,34,16,13,28
230,0.48484848484848486,0.4444444444444444,0.5714285714285714,0.5555555555555556,0.4,0.5,0.5,0.0,1.0,0.5,0.4444444444444444,0.5,0.4,1.0549548864364624,33,9,7,9,5,32,12,11,10,24,9,8,20,0.6666666666666666,0.8,0.6428571428571429,0.6666666666666666,0.9,0.673469387755102,1.0,0.0,1.0,0.7352941176470589,0.5625,0.6153846153846154,0.6071428571428571,0.6278668642044067,51,15,14,18,10,49,16,17,18,34,16,13,28
231,0.5151515151515151,0.5555555555555556,0.5714285714285714,0.6666666666666666,0.6,0.53125,0.5833333333333334,0.0,1.0,0.5416666666666666,0.4444444444444444,0.5,0.45,1.0501232147216797,33,9,7,9,5,32,12,11,10,24,9,8,20,0.6666666666666666,0.8,0.6428571428571429,0.6666666666666666,0.9,0.673469387755102,1.0,0.0,1.0,0.7352941176470589,0.5625,0.6153846153846154,0.6071428571428571,0.6252406239509583,51,15,14,18,10,49,16,17,18,34,16,13,28
232,0.5151515151515151,0.5555555555555556,0.5714285714285714,0.6666666666666666,0.6,0.53125,0.5833333333333334,0.0,1.0,0.5416666666666666,0.4444444444444444,0.5,0.45,1.031091332435608,33,9,7,9,5,32,12,11,10,24,9,8,20,0.6666666666666666,0.8,0.6428571428571429,0.6666666666666666,0.9,0.673469387755102,1.0,0.0,1.0,0.7352941176470589,0.5625,0.6153846153846154,0.6071428571428571,0.6253288388252258,51,15,14,18,10,49,16,17,18,34,16,13,28
233,0.5151515151515151,0.5555555555555556,0.5714285714285714,0.6666666666666666,0.6,0.53125,0.5833333333333334,0.0,1.0,0.5416666666666666,0.4444444444444444,0.5,0.45,1.0398008823394775,33,9,7,9,5,32,12,11,10,24,9,8,20,0.6666666666666666,0.8,0.6428571428571429,0.6666666666666666,0.9,0.673469387755102,1.0,0.0,1.0,0.7352941176470589,0.5625,0.6153846153846154,0.6071428571428571,0.6245492696762085,51,15,14,18,10,49,16,17,18,34,16,13,28
234,0.5151515151515151,0.5555555555555556,0.5714285714285714,0.6666666666666666,0.6,0.53125,0.5833333333333334,0.0,1.0,0.5416666666666666,0.4444444444444444,0.5,0.45,1.0536903142929077,33,9,7,9,5,32,12,11,10,24,9,8,20,0.6666666666666666,0.8,0.6428571428571429,0.6666666666666666,0.9,0.673469387755102,1.0,0.0,1.0,0.7352941176470589,0.5625,0.6153846153846154,0.6071428571428571,0.625353991985321,51,15,14,18,10,49,16,17,18,34,16,13,28
235,0.5151515151515151,0.5555555555555556,0.5714285714285714,0.6666666666666666,0.6,0.53125,0.5833333333333334,0.0,1.0,0.5416666666666666,0.4444444444444444,0.5,0.45,1.044260025024414,33,9,7,9,5,32,12,11,10,24,9,8,20,0.6666666666666666,0.8,0.6428571428571429,0.6666666666666666,0.9,0.673469387755102,1.0,0.0,1.0,0.7352941176470589,0.5625,0.6153846153846154,0.6071428571428571,0.6232954263687134,51,15,14,18,10,49,16,17,18,34,16,13,28
236,0.5151515151515151,0.5555555555555556,0.5714285714285714,0.6666666666666666,0.6,0.53125,0.5833333333333334,0.0,1.0,0.5416666666666666,0.4444444444444444,0.5,0.45,1.0390676259994507,33,9,7,9,5,32,12,11,10,24,9,8,20,0.6666666666666666,0.8,0.6428571428571429,0.6666666666666666,0.9,0.673469387755102,1.0,0.0,1.0,0.7352941176470589,0.5625,0.6153846153846154,0.6071428571428571,0.6217139959335327,51,15,14,18,10,49,16,17,18,34,16,13,28
237,0.5151515151515151,0.5555555555555556,0.5714285714285714,0.6666666666666666,0.6,0.53125,0.5833333333333334,0.0,1.0,0.5416666666666666,0.4444444444444444,0.5,0.45,1.0494365692138672,33,9,7,9,5,32,12,11,10,24,9,8,20,0.6666666666666666,0.8,0.6428571428571429,0.6666666666666666,0.9,0.673469387755102,1.0,0.0,1.0,0.7352941176470589,0.5625,0.6153846153846154,0.6071428571428571,0.6181248426437378,51,15,14,18,10,49,16,17,18,34,16,13,28
238,0.5151515151515151,0.5555555555555556,0.5714285714285714,0.6666666666666666,0.6,0.53125,0.5833333333333334,0.0,1.0,0.5416666666666666,0.4444444444444444,0.5,0.45,1.0540355443954468,33,9,7,9,5,32,12,11,10,24,9,8,20,0.6666666666666666,0.8,0.6428571428571429,0.6666666666666666,0.9,0.673469387755102,1.0,0.0,1.0,0.7352941176470589,0.5625,0.6153846153846154,0.6071428571428571,0.6201284527778625,51,15,14,18,10,49,16,17,18,34,16,13,28
239,0.5151515151515151,0.5555555555555556,0.5714285714285714,0.6666666666666666,0.6,0.53125,0.5833333333333334,0.0,1.0,0.5416666666666666,0.4444444444444444,0.5,0.45,1.051591396331787,33,9,7,9,5,32,12,11,10,24,9,8,20,0.6666666666666666,0.8,0.6428571428571429,0.6666666666666666,0.9,0.673469387755102,1.0,0.0,1.0,0.7352941176470589,0.5625,0.6153846153846154,0.6071428571428571,0.617820680141449,51,15,14,18,10,49,16,17,18,34,16,13,28
240,0.5151515151515151,0.5555555555555556,0.5714285714285714,0.6666666666666666,0.6,0.53125,0.5833333333333334,0.0,1.0,0.5416666666666666,0.4444444444444444,0.5,0.45,1.0477765798568726,33,9,7,9,5,32,12,11,10,24,9,8,20,0.6666666666666666,0.8,0.6428571428571429,0.6666666666666666,0.9,0.673469387755102,1.0,0.0,1.0,0.7352941176470589,0.5625,0.6153846153846154,0.6071428571428571,0.6162380576133728,51,15,14,18,10,49,16,17,18,34,16,13,28
241,0.5151515151515151,0.5555555555555556,0.5714285714285714,0.6666666666666666,0.6,0.53125,0.5833333333333334,0.0,1.0,0.5416666666666666,0.4444444444444444,0.5,0.45,1.0446041822433472,33,9,7,9,5,32,12,11,10,24,9,8,20,0.6666666666666666,0.8,0.6428571428571429,0.6666666666666666,0.9,0.673469387755102,1.0,0.0,1.0,0.7352941176470589,0.5625,0.6153846153846154,0.6071428571428571,0.6186532974243164,51,15,14,18,10,49,16,17,18,34,16,13,28
242,0.5151515151515151,0.5555555555555556,0.5714285714285714,0.6666666666666666,0.6,0.53125,0.5833333333333334,0.0,1.0,0.5416666666666666,0.4444444444444444,0.5,0.45,1.0488063097000122,33,9,7,9,5,32,12,11,10,24,9,8,20,0.6666666666666666,0.8,0.6428571428571429,0.6666666666666666,0.9,0.673469387755102,1.0,0.0,1.0,0.7352941176470589,0.5625,0.6153846153846154,0.6071428571428571,0.614935040473938,51,15,14,18,10,49,16,17,18,34,16,13,28
243,0.5151515151515151,0.5555555555555556,0.5714285714285714,0.6666666666666666,0.6,0.53125,0.5833333333333334,0.0,1.0,0.5416666666666666,0.4444444444444444,0.5,0.45,1.0561503171920776,33,9,7,9,5,32,12,11,10,24,9,8,20,0.6666666666666666,0.8,0.6428571428571429,0.6666666666666666,0.9,0.673469387755102,1.0,0.0,1.0,0.7352941176470589,0.5625,0.6153846153846154,0.6071428571428571,0.6150322556495667,51,15,14,18,10,49,16,17,18,34,16,13,28
244,0.5151515151515151,0.5555555555555556,0.5714285714285714,0.6666666666666666,0.6,0.53125,0.5833333333333334,0.0,1.0,0.5416666666666666,0.4444444444444444,0.5,0.45,1.0504140853881836,33,9,7,9,5,32,12,11,10,24,9,8,20,0.6666666666666666,0.8,0.6428571428571429,0.6666666666666666,0.9,0.673469387755102,1.0,0.0,1.0,0.7352941176470589,0.5625,0.6153846153846154,0.6071428571428571,0.6142522096633911,51,15,14,18,10,49,16,17,18,34,16,13,28
245,0.5151515151515151,0.5555555555555556,0.5714285714285714,0.6666666666666666,0.6,0.53125,0.5833333333333334,0.0,1.0,0.5416666666666666,0.4444444444444444,0.5,0.45,1.0464894771575928,33,9,7,9,5,32,12,11,10,24,9,8,20,0.6666666666666666,0.8,0.6428571428571429,0.6666666666666666,0.9,0.673469387755102,1.0,0.0,1.0,0.7352941176470589,0.5625,0.6153846153846154,0.6071428571428571,0.6164987683296204,51,15,14,18,10,49,16,17,18,34,16,13,28
246,0.5151515151515151,0.5555555555555556,0.5714285714285714,0.6666666666666666,0.6,0.53125,0.5833333333333334,0.0,1.0,0.5416666666666666,0.4444444444444444,0.5,0.45,1.0603139400482178,33,9,7,9,5,32,12,11,10,24,9,8,20,0.6666666666666666,0.8,0.6428571428571429,0.6666666666666666,0.9,0.673469387755102,1.0,0.0,1.0,0.7352941176470589,0.5625,0.6153846153846154,0.6071428571428571,0.6107565760612488,51,15,14,18,10,49,16,17,18,34,16,13,28
247,0.5151515151515151,0.5555555555555556,0.5714285714285714,0.6666666666666666,0.6,0.53125,0.5833333333333334,0.0,1.0,0.5416666666666666,0.4444444444444444,0.5,0.45,1.0577880144119263,33,9,7,9,5,32,12,11,10,24,9,8,20,0.6666666666666666,0.8,0.6428571428571429,0.6666666666666666,0.9,0.673469387755102,1.0,0.0,1.0,0.7352941176470589,0.5625,0.6153846153846154,0.6071428571428571,0.6118605732917786,51,15,14,18,10,49,16,17,18,34,16,13,28
248,0.5151515151515151,0.5555555555555556,0.5714285714285714,0.6666666666666666,0.6,0.53125,0.5833333333333334,0.0,1.0,0.5416666666666666,0.4444444444444444,0.5,0.45,1.049485683441162,33,9,7,9,5,32,12,11,10,24,9,8,20,0.6666666666666666,0.8,0.6428571428571429,0.6666666666666666,0.9,0.673469387755102,1.0,0.0,1.0,0.7352941176470589,0.5625,0.6153846153846154,0.6071428571428571,0.6103805303573608,51,15,14,18,10,49,16,17,18,34,16,13,28
249,0.5151515151515151,0.5555555555555556,0.5714285714285714,0.6666666666666666,0.6,0.53125,0.5833333333333334,0.0,1.0,0.5416666666666666,0.4444444444444444,0.5,0.45,1.0466936826705933,33,9,7,9,5,32,12,11,10,24,9,8,20,0.6666666666666666,0.8,0.6428571428571429,0.6666666666666666,0.9,0.673469387755102,1.0,0.0,1.0,0.7352941176470589,0.5625,0.6153846153846154,0.6071428571428571,0.6128795742988586,51,15,14,18,10,49,16,17,18,34,16,13,28
250,0.5151515151515151,0.5555555555555556,0.5714285714285714,0.6666666666666666,0.6,0.53125,0.5833333333333334,0.0,1.0,0.5416666666666666,0.4444444444444444,0.5,0.45,1.0525330305099487,33,9,7,9,5,32,12,11,10,24,9,8,20,0.6666666666666666,0.8,0.6428571428571429,0.6666666666666666,0.9,0.673469387755102,1.0,0.0,1.0,0.7352941176470589,0.5625,0.6153846153846154,0.6071428571428571,0.6096379160881042,51,15,14,18,10,49,16,17,18,34,16,13,28
251,0.5151515151515151,0.5555555555555556,0.5714285714285714,0.6666666666666666,0.6,0.53125,0.5833333333333334,0.0,1.0,0.5416666666666666,0.4444444444444444,0.5,0.45,1.0634467601776123,33,9,7,9,5,32,12,11,10,24,9,8,20,0.6666666666666666,0.8,0.6428571428571429,0.6666666666666666,0.9,0.673469387755102,1.0,0.0,1.0,0.7352941176470589,0.5625,0.6153846153846154,0.6071428571428571,0.605448842048645,51,15,14,18,10,49,16,17,18,34,16,13,28
252,0.5151515151515151,0.5555555555555556,0.5714285714285714,0.6666666666666666,0.6,0.53125,0.5833333333333334,0.0,1.0,0.5416666666666666,0.4444444444444444,0.5,0.45,1.0511642694473267,33,9,7,9,5,32,12,11,10,24,9,8,20,0.6470588235294118,0.8,0.6428571428571429,0.6666666666666666,0.9,0.6530612244897959,1.0,0.0,0.9444444444444444,0.7352941176470589,0.5,0.6153846153846154,0.6071428571428571,0.6100977063179016,51,15,14,18,10,49,16,17,18,34,16,13,28
253,0.5151515151515151,0.5555555555555556,0.5714285714285714,0.6666666666666666,0.6,0.53125,0.5833333333333334,0.0,1.0,0.5416666666666666,0.4444444444444444,0.5,0.45,1.0411741733551025,33,9,7,9,5,32,12,11,10,24,9,8,20,0.6666666666666666,0.8,0.6428571428571429,0.6666666666666666,0.9,0.673469387755102,1.0,0.0,1.0,0.7352941176470589,0.5625,0.6153846153846154,0.6071428571428571,0.6078893542289734,51,15,14,18,10,49,16,17,18,34,16,13,28
254,0.5151515151515151,0.5555555555555556,0.5714285714285714,0.6666666666666666,0.6,0.53125,0.5833333333333334,0.0,1.0,0.5416666666666666,0.4444444444444444,0.5,0.45,1.0533246994018555,33,9,7,9,5,32,12,11,10,24,9,8,20,0.6666666666666666,0.8,0.6428571428571429,0.6666666666666666,0.9,0.673469387755102,1.0,0.0,1.0,0.7352941176470589,0.5625,0.6153846153846154,0.6071428571428571,0.6077225804328918,51,15,14,18,10,49,16,17,18,34,16,13,28
255,0.5151515151515151,0.5555555555555556,0.5714285714285714,0.6666666666666666,0.6,0.53125,0.5833333333333334,0.0,1.0,0.5416666666666666,0.4444444444444444,0.5,0.45,1.0669108629226685,33,9,7,9,5,32,12,11,10,24,9,8,20,0.6666666666666666,0.8,0.6428571428571429,0.6666666666666666,0.9,0.673469387755102,1.0,0.0,1.0,0.7352941176470589,0.5625,0.6153846153846154,0.6071428571428571,0.6057888269424438,51,15,14,18,10,49,16,17,18,34,16,13,28
256,0.5151515151515151,0.5555555555555556,0.5714285714285714,0.6666666666666666,0.6,0.53125,0.5833333333333334,0.0,1.0,0.5416666666666666,0.4444444444444444,0.5,0.45,1.0505180358886719,33,9,7,9,5,32,12,11,10,24,9,8,20,0.6666666666666666,0.8,0.6428571428571429,0.6666666666666666,0.9,0.673469387755102,1.0,0.0,1.0,0.7352941176470589,0.5625,0.6153846153846154,0.6071428571428571,0.6089099645614624,51,15,14,18,10,49,16,17,18,34,16,13,28
257,0.5151515151515151,0.5555555555555556,0.5714285714285714,0.6666666666666666,0.6,0.53125,0.5833333333333334,0.0,1.0,0.5416666666666666,0.4444444444444444,0.5,0.45,1.0480284690856934,33,9,7,9,5,32,12,11,10,24,9,8,20,0.6666666666666666,0.8,0.6428571428571429,0.6666666666666666,0.9,0.673469387755102,1.0,0.0,1.0,0.7352941176470589,0.5625,0.6153846153846154,0.6071428571428571,0.6028059720993042,51,15,14,18,10,49,16,17,18,34,16,13,28
258,0.48484848484848486,0.4444444444444444,0.5714285714285714,0.5555555555555556,0.4,0.5,0.5,0.0,1.0,0.5,0.4444444444444444,0.5,0.4,1.0700671672821045,33,9,7,9,5,32,12,11,10,24,9,8,20,0.6666666666666666,0.8,0.6428571428571429,0.6666666666666666,0.9,0.673469387755102,1.0,0.0,1.0,0.7352941176470589,0.5625,0.6153846153846154,0.6071428571428571,0.603784441947937,51,15,14,18,10,49,16,17,18,34,16,13,28
259,0.5151515151515151,0.5555555555555556,0.5714285714285714,0.6666666666666666,0.6,0.53125,0.5833333333333334,0.0,1.0,0.5416666666666666,0.4444444444444444,0.5,0.45,1.0586292743682861,33,9,7,9,5,32,12,11,10,24,9,8,20,0.6666666666666666,0.8,0.6428571428571429,0.6666666666666666,0.9,0.673469387755102,1.0,0.0,1.0,0.7352941176470589,0.5625,0.6153846153846154,0.6071428571428571,0.6026228070259094,51,15,14,18,10,49,16,17,18,34,16,13,28
260,0.5151515151515151,0.5555555555555556,0.5714285714285714,0.6666666666666666,0.6,0.53125,0.5833333333333334,0.0,1.0,0.5416666666666666,0.4444444444444444,0.5,0.45,1.0459414720535278,33,9,7,9,5,32,12,11,10,24,9,8,20,0.6666666666666666,0.8,0.6428571428571429,0.6666666666666666,0.9,0.673469387755102,1.0,0.0,1.0,0.7352941176470589,0.5625,0.6153846153846154,0.6071428571428571,0.6025615334510803,51,15,14,18,10,49,16,17,18,34,16,13,28
261,0.5151515151515151,0.5555555555555556,0.5714285714285714,0.6666666666666666,0.6,0.53125,0.5833333333333334,0.0,1.0,0.5416666666666666,0.4444444444444444,0.5,0.45,1.057125210762024,33,9,7,9,5,32,12,11,10,24,9,8,20,0.6666666666666666,0.8,0.6428571428571429,0.6666666666666666,0.9,0.673469387755102,1.0,0.0,1.0,0.7352941176470589,0.5625,0.6153846153846154,0.6071428571428571,0.6023296117782593,51,15,14,18,10,49,16,17,18,34,16,13,28
262,0.48484848484848486,0.4444444444444444,0.5714285714285714,0.5555555555555556,0.4,0.5,0.5,0.0,1.0,0.5,0.4444444444444444,0.5,0.4,1.0791008472442627,33,9,7,9,5,32,12,11,10,24,9,8,20,0.6666666666666666,0.8,0.6428571428571429,0.6666666666666666,0.9,0.673469387755102,1.0,0.0,1.0,0.7352941176470589,0.5625,0.6153846153846154,0.6071428571428571,0.6015956997871399,51,15,14,18,10,49,16,17,18,34,16,13,28
263,0.5151515151515151,0.5555555555555556,0.5714285714285714,0.6666666666666666,0.6,0.53125,0.5833333333333334,0.0,1.0,0.5416666666666666,0.4444444444444444,0.5,0.45,1.0590602159500122,33,9,7,9,5,32,12,11,10,24,9,8,20,0.6862745098039216,0.8,0.6428571428571429,0.6666666666666666,0.9,0.6938775510204082,1.0,0.058823529411764705,1.0,0.7647058823529411,0.5625,0.6923076923076923,0.6071428571428571,0.6003126502037048,51,15,14,18,10,49,16,17,18,34,16,13,28
264,0.48484848484848486,0.5555555555555556,0.42857142857142855,0.5555555555555556,0.6,0.5,0.5833333333333334,0.0,0.9,0.5,0.4444444444444444,0.5,0.4,1.052912950515747,33,9,7,9,5,32,12,11,10,24,9,8,20,0.6666666666666666,0.8,0.6428571428571429,0.6666666666666666,0.9,0.673469387755102,1.0,0.0,1.0,0.7352941176470589,0.5625,0.6153846153846154,0.6071428571428571,0.5974991321563721,51,15,14,18,10,49,16,17,18,34,16,13,28
265,0.48484848484848486,0.5555555555555556,0.42857142857142855,0.5555555555555556,0.6,0.5,0.5833333333333334,0.0,0.9,0.5,0.4444444444444444,0.5,0.4,1.0650995969772339,33,9,7,9,5,32,12,11,10,24,9,8,20,0.6666666666666666,0.8,0.6428571428571429,0.6666666666666666,0.9,0.673469387755102,1.0,0.0,1.0,0.7352941176470589,0.5625,0.6153846153846154,0.6071428571428571,0.5971072316169739,51,15,14,18,10,49,16,17,18,34,16,13,28
266,0.45454545454545453,0.5555555555555556,0.2857142857142857,0.4444444444444444,0.6,0.46875,0.5833333333333334,0.0,0.8,0.5,0.3333333333333333,0.5,0.35,1.0679829120635986,33,9,7,9,5,32,12,11,10,24,9,8,20,0.6666666666666666,0.8,0.6428571428571429,0.6666666666666666,0.9,0.673469387755102,1.0,0.0,1.0,0.7352941176470589,0.5625,0.6153846153846154,0.6071428571428571,0.5949956178665161,51,15,14,18,10,49,16,17,18,34,16,13,28
267,0.42424242424242425,0.5555555555555556,0.2857142857142857,0.4444444444444444,0.6,0.4375,0.5833333333333334,0.0,0.7,0.4583333333333333,0.3333333333333333,0.375,0.35,1.066344141960144,33,9,7,9,5,32,12,11,10,24,9,8,20,0.6666666666666666,0.8,0.6428571428571429,0.6666666666666666,0.9,0.673469387755102,1.0,0.0,1.0,0.7352941176470589,0.5625,0.6153846153846154,0.6071428571428571,0.5938829779624939,51,15,14,18,10,49,16,17,18,34,16,13,28
268,0.42424242424242425,0.5555555555555556,0.2857142857142857,0.4444444444444444,0.6,0.4375,0.5833333333333334,0.0,0.7,0.4583333333333333,0.3333333333333333,0.375,0.35,1.0577532052993774,33,9,7,9,5,32,12,11,10,24,9,8,20,0.6666666666666666,0.8,0.6428571428571429,0.6666666666666666,0.9,0.673469387755102,1.0,0.0,1.0,0.7352941176470589,0.5625,0.6153846153846154,0.6071428571428571,0.5936455726623535,51,15,14,18,10,49,16,17,18,34,16,13,28
269,0.42424242424242425,0.5555555555555556,0.2857142857142857,0.4444444444444444,0.6,0.4375,0.5833333333333334,0.0,0.7,0.4583333333333333,0.3333333333333333,0.375,0.35,1.0562938451766968,33,9,7,9,5,32,12,11,10,24,9,8,20,0.6666666666666666,0.8,0.6428571428571429,0.6666666666666666,0.9,0.673469387755102,1.0,0.0,1.0,0.7352941176470589,0.5625,0.6153846153846154,0.6071428571428571,0.5991856455802917,51,15,14,18,10,49,16,17,18,34,16,13,28
270,0.42424242424242425,0.5555555555555556,0.2857142857142857,0.4444444444444444,0.6,0.4375,0.5833333333333334,0.0,0.7,0.4583333333333333,0.3333333333333333,0.375,0.35,1.068683385848999,33,9,7,9,5,32,12,11,10,24,9,8,20,0.6666666666666666,0.8,0.6428571428571429,0.6666666666666666,0.9,0.673469387755102,1.0,0.0,1.0,0.7352941176470589,0.5625,0.6153846153846154,0.6071428571428571,0.594812273979187,51,15,14,18,10,49,16,17,18,34,16,13,28
271,0.42424242424242425,0.5555555555555556,0.2857142857142857,0.4444444444444444,0.6,0.4375,0.5833333333333334,0.0,0.7,0.4583333333333333,0.3333333333333333,0.375,0.35,1.075570821762085,33,9,7,9,5,32,12,11,10,24,9,8,20,0.6666666666666666,0.8,0.6428571428571429,0.6666666666666666,0.9,0.673469387755102,1.0,0.0,1.0,0.7352941176470589,0.5625,0.6153846153846154,0.6071428571428571,0.5915472507476807,51,15,14,18,10,49,16,17,18,34,16,13,28
272,0.42424242424242425,0.5555555555555556,0.2857142857142857,0.4444444444444444,0.6,0.4375,0.5833333333333334,0.0,0.7,0.4583333333333333,0.3333333333333333,0.375,0.35,1.0597807168960571,33,9,7,9,5,32,12,11,10,24,9,8,20,0.6666666666666666,0.8,0.6428571428571429,0.6666666666666666,0.9,0.673469387755102,1.0,0.0,1.0,0.7352941176470589,0.5625,0.6153846153846154,0.6071428571428571,0.5922760367393494,51,15,14,18,10,49,16,17,18,34,16,13,28
273,0.42424242424242425,0.5555555555555556,0.2857142857142857,0.4444444444444444,0.6,0.4375,0.5833333333333334,0.0,0.7,0.4583333333333333,0.3333333333333333,0.375,0.35,1.0481661558151245,33,9,7,9,5,32,12,11,10,24,9,8,20,0.6666666666666666,0.8,0.6428571428571429,0.6666666666666666,0.9,0.673469387755102,1.0,0.0,1.0,0.7352941176470589,0.5625,0.6153846153846154,0.6071428571428571,0.5927222967147827,51,15,14,18,10,49,16,17,18,34,16,13,28
274,0.45454545454545453,0.5555555555555556,0.2857142857142857,0.4444444444444444,0.6,0.46875,0.5833333333333334,0.09090909090909091,0.7,0.4583333333333333,0.4444444444444444,0.5,0.35,1.0694255828857422,33,9,7,9,5,32,12,11,10,24,9,8,20,0.6862745098039216,0.8,0.6428571428571429,0.6666666666666666,0.9,0.6938775510204082,1.0,0.058823529411764705,1.0,0.7352941176470589,0.625,0.6153846153846154,0.6071428571428571,0.5931214690208435,51,15,14,18,10,49,16,17,18,34,16,13,28
275,0.45454545454545453,0.5555555555555556,0.2857142857142857,0.4444444444444444,0.6,0.46875,0.5833333333333334,0.09090909090909091,0.7,0.4583333333333333,0.4444444444444444,0.5,0.35,1.0762348175048828,33,9,7,9,5,32,12,11,10,24,9,8,20,0.6666666666666666,0.8,0.6428571428571429,0.6666666666666666,0.9,0.673469387755102,1.0,0.0,1.0,0.7352941176470589,0.5625,0.6153846153846154,0.6071428571428571,0.5943511128425598,51,15,14,18,10,49,16,17,18,34,16,13,28
276,0.45454545454545453,0.5555555555555556,0.2857142857142857,0.4444444444444444,0.6,0.46875,0.5833333333333334,0.09090909090909091,0.7,0.4583333333333333,0.4444444444444444,0.5,0.35,1.059950828552246,33,9,7,9,5,32,12,11,10,24,9,8,20,0.6862745098039216,0.8,0.6428571428571429,0.6666666666666666,0.9,0.6938775510204082,1.0,0.058823529411764705,1.0,0.7647058823529411,0.5625,0.6923076923076923,0.6071428571428571,0.589745044708252,51,15,14,18,10,49,16,17,18,34,16,13,28
277,0.45454545454545453,0.5555555555555556,0.2857142857142857,0.4444444444444444,0.6,0.46875,0.5833333333333334,0.09090909090909091,0.7,0.4583333333333333,0.4444444444444444,0.5,0.35,1.0541884899139404,33,9,7,9,5,32,12,11,10,24,9,8,20,0.6666666666666666,0.8,0.6428571428571429,0.6666666666666666,0.9,0.673469387755102,1.0,0.0,1.0,0.7352941176470589,0.5625,0.6153846153846154,0.6071428571428571,0.5924652218818665,51,15,14,18,10,49,16,17,18,34,16,13,28
278,0.45454545454545453,0.5555555555555556,0.2857142857142857,0.4444444444444444,0.6,0.46875,0.5833333333333334,0.09090909090909091,0.7,0.4583333333333333,0.4444444444444444,0.5,0.35,1.0675232410430908,33,9,7,9,5,32,12,11,10,24,9,8,20,0.6666666666666666,0.8,0.6428571428571429,0.6666666666666666,0.9,0.673469387755102,1.0,0.0,1.0,0.7352941176470589,0.5625,0.6153846153846154,0.6071428571428571,0.5903134346008301,51,15,14,18,10,49,16,17,18,34,16,13,28
279,0.45454545454545453,0.5555555555555556,0.42857142857142855,0.4444444444444444,0.6,0.46875,0.5833333333333334,0.18181818181818182,0.6,0.4583333333333333,0.4444444444444444,0.5,0.35,1.0637822151184082,33,9,7,9,5,32,12,11,10,24,9,8,20,0.6862745098039216,0.8,0.6428571428571429,0.6666666666666666,0.9,0.6938775510204082,1.0,0.058823529411764705,1.0,0.7352941176470589,0.625,0.6153846153846154,0.6071428571428571,0.5897608399391174,51,15,14,18,10,49,16,17,18,34,16,13,28
280,0.45454545454545453,0.5555555555555556,0.42857142857142855,0.4444444444444444,0.6,0.46875,0.5833333333333334,0.18181818181818182,0.6,0.4583333333333333,0.4444444444444444,0.5,0.35,1.049456000328064,33,9,7,9,5,32,12,11,10,24,9,8,20,0.6666666666666666,0.8,0.6428571428571429,0.6666666666666666,0.9,0.673469387755102,1.0,0.0,1.0,0.7352941176470589,0.5625,0.6153846153846154,0.6071428571428571,0.5906450748443604,51,15,14,18,10,49,16,17,18,34,16,13,28
281,0.45454545454545453,0.5555555555555556,0.2857142857142857,0.3333333333333333,0.6,0.46875,0.5833333333333334,0.2727272727272727,0.5,0.4583333333333333,0.4444444444444444,0.5,0.35,1.0566437244415283,33,9,7,9,5,32,12,11,10,24,9,8,20,0.6666666666666666,0.8,0.6428571428571429,0.6666666666666666,0.9,0.673469387755102,1.0,0.0,1.0,0.7352941176470589,0.5625,0.6153846153846154,0.6071428571428571,0.5881076455116272,51,15,14,18,10,49,16,17,18,34,16,13,28
282,0.42424242424242425,0.4444444444444444,0.2857142857142857,0.2222222222222222,0.4,0.4375,0.5,0.2727272727272727,0.5,0.4166666666666667,0.4444444444444444,0.5,0.3,1.0775933265686035,33,9,7,9,5,32,12,11,10,24,9,8,20,0.6862745098039216,0.8,0.6428571428571429,0.6666666666666666,0.9,0.6938775510204082,1.0,0.058823529411764705,1.0,0.7352941176470589,0.625,0.6923076923076923,0.6428571428571429,0.5872302651405334,51,15,14,18,10,49,16,17,18,34,16,13,28
283,0.45454545454545453,0.5555555555555556,0.2857142857142857,0.3333333333333333,0.6,0.46875,0.5833333333333334,0.2727272727272727,0.5,0.4583333333333333,0.4444444444444444,0.5,0.35,1.0693986415863037,33,9,7,9,5,32,12,11,10,24,9,8,20,0.6862745098039216,0.8,0.6428571428571429,0.6666666666666666,0.9,0.6938775510204082,1.0,0.058823529411764705,1.0,0.7647058823529411,0.5625,0.6923076923076923,0.6071428571428571,0.5867123603820801,51,15,14,18,10,49,16,17,18,34,16,13,28
284,0.45454545454545453,0.5555555555555556,0.2857142857142857,0.3333333333333333,0.6,0.46875,0.5833333333333334,0.2727272727272727,0.5,0.4583333333333333,0.4444444444444444,0.5,0.35,1.0532525777816772,33,9,7,9,5,32,12,11,10,24,9,8,20,0.6666666666666666,0.8,0.6428571428571429,0.6666666666666666,0.9,0.673469387755102,1.0,0.0,1.0,0.7352941176470589,0.5625,0.6153846153846154,0.6071428571428571,0.584737241268158,51,15,14,18,10,49,16,17,18,34,16,13,28
285,0.42424242424242425,0.4444444444444444,0.2857142857142857,0.3333333333333333,0.6,0.4375,0.5833333333333334,0.2727272727272727,0.4,0.4166666666666667,0.4444444444444444,0.5,0.35,1.0620380640029907,33,9,7,9,5,32,12,11,10,24,9,8,20,0.6862745098039216,0.8,0.6428571428571429,0.7222222222222222,0.9,0.673469387755102,1.0,0.058823529411764705,1.0,0.7352941176470589,0.5625,0.6153846153846154,0.6428571428571429,0.5877092480659485,51,15,14,18,10,49,16,17,18,34,16,13,28
286,0.42424242424242425,0.3333333333333333,0.42857142857142855,0.3333333333333333,0.4,0.4375,0.5,0.45454545454545453,0.3,0.4166666666666667,0.4444444444444444,0.625,0.35,1.0773731470108032,33,9,7,9,5,32,12,11,10,24,9,8,20,0.6666666666666666,0.8,0.6428571428571429,0.6666666666666666,0.9,0.673469387755102,1.0,0.0,1.0,0.7352941176470589,0.5625,0.6153846153846154,0.6071428571428571,0.5851710438728333,51,15,14,18,10,49,16,17,18,34,16,13,28
287,0.45454545454545453,0.4444444444444444,0.42857142857142855,0.4444444444444444,0.6,0.46875,0.5833333333333334,0.45454545454545453,0.3,0.4583333333333333,0.4444444444444444,0.625,0.4,1.067570447921753,33,9,7,9,5,32,12,11,10,24,9,8,20,0.7058823529411765,0.8,0.6428571428571429,0.6111111111111112,0.9,0.7142857142857143,1.0,0.17647058823529413,0.9444444444444444,0.7352941176470589,0.6875,0.6923076923076923,0.6071428571428571,0.5862149596214294,51,15,14,18,10,49,16,17,18,34,16,13,28
288,0.45454545454545453,0.4444444444444444,0.42857142857142855,0.4444444444444444,0.6,0.46875,0.5833333333333334,0.45454545454545453,0.3,0.4583333333333333,0.4444444444444444,0.625,0.4,1.0554300546646118,33,9,7,9,5,32,12,11,10,24,9,8,20,0.6862745098039216,0.8,0.6428571428571429,0.6666666666666666,0.9,0.6938775510204082,1.0,0.058823529411764705,1.0,0.7352941176470589,0.625,0.6153846153846154,0.6428571428571429,0.5862757563591003,51,15,14,18,10,49,16,17,18,34,16,13,28
289,0.45454545454545453,0.4444444444444444,0.42857142857142855,0.4444444444444444,0.6,0.46875,0.5833333333333334,0.45454545454545453,0.3,0.4583333333333333,0.4444444444444444,0.625,0.4,1.0665614604949951,33,9,7,9,5,32,12,11,10,24,9,8,20,0.6470588235294118,0.7333333333333333,0.6428571428571429,0.6666666666666666,0.8,0.6530612244897959,1.0,0.0,0.9444444444444444,0.7058823529411765,0.5625,0.6153846153846154,0.6071428571428571,0.5834684371948242,51,15,14,18,10,49,16,17,18,34,16,13,28
290,0.45454545454545453,0.3333333333333333,0.42857142857142855,0.3333333333333333,0.4,0.46875,0.5,0.5454545454545454,0.3,0.4583333333333333,0.4444444444444444,0.625,0.4,1.087410807609558,33,9,7,9,5,32,12,11,10,24,9,8,20,0.6666666666666666,0.7333333333333333,0.6428571428571429,0.5555555555555556,0.8,0.673469387755102,1.0,0.17647058823529413,0.8333333333333334,0.7058823529411765,0.625,0.6923076923076923,0.5714285714285714,0.5828418135643005,51,15,14,18,10,49,16,17,18,34,16,13,28
291,0.48484848484848486,0.4444444444444444,0.42857142857142855,0.4444444444444444,0.6,0.5,0.5833333333333334,0.5454545454545454,0.3,0.5,0.4444444444444444,0.625,0.45,1.0721631050109863,33,9,7,9,5,32,12,11,10,24,9,8,20,0.6470588235294118,0.8,0.5714285714285714,0.6666666666666666,0.9,0.6530612244897959,1.0,0.058823529411764705,0.8888888888888888,0.7352941176470589,0.5,0.6153846153846154,0.5714285714285714,0.583592414855957,51,15,14,18,10,49,16,17,18,34,16,13,28
292,0.48484848484848486,0.4444444444444444,0.42857142857142855,0.4444444444444444,0.6,0.5,0.5833333333333334,0.5454545454545454,0.3,0.5,0.4444444444444444,0.625,0.45,1.0600718259811401,33,9,7,9,5,32,12,11,10,24,9,8,20,0.7058823529411765,0.8,0.7857142857142857,0.7222222222222222,0.9,0.7142857142857143,1.0,0.17647058823529413,0.9444444444444444,0.8235294117647058,0.5,0.6923076923076923,0.6428571428571429,0.5825024843215942,51,15,14,18,10,49,16,17,18,34,16,13,28
293,0.48484848484848486,0.4444444444444444,0.42857142857142855,0.4444444444444444,0.6,0.5,0.5833333333333334,0.5454545454545454,0.3,0.5,0.4444444444444444,0.625,0.45,1.0656870603561401,33,9,7,9,5,32,12,11,10,24,9,8,20,0.6470588235294118,0.6,0.6428571428571429,0.7222222222222222,0.8,0.6530612244897959,1.0,0.11764705882352941,0.8333333333333334,0.6764705882352942,0.625,0.6923076923076923,0.6071428571428571,0.5837833881378174,51,15,14,18,10,49,16,17,18,34,16,13,28
294,0.45454545454545453,0.4444444444444444,0.42857142857142855,0.4444444444444444,0.6,0.46875,0.5833333333333334,0.5454545454545454,0.2,0.5,0.3333333333333333,0.625,0.45,1.0813530683517456,33,9,7,9,5,32,12,11,10,24,9,8,20,0.6470588235294118,0.7333333333333333,0.6428571428571429,0.7222222222222222,0.8,0.6530612244897959,1.0,0.17647058823529413,0.7777777777777778,0.7941176470588235,0.375,0.6923076923076923,0.6428571428571429,0.5836421251296997,51,15,14,18,10,49,16,17,18,34,16,13,28
295,0.45454545454545453,0.4444444444444444,0.42857142857142855,0.4444444444444444,0.6,0.46875,0.5833333333333334,0.5454545454545454,0.2,0.5,0.3333333333333333,0.625,0.45,1.0701416730880737,33,9,7,9,5,32,12,11,10,24,9,8,20,0.6862745098039216,0.8666666666666667,0.7142857142857143,0.6111111111111112,0.9,0.6938775510204082,1.0,0.29411764705882354,0.7777777777777778,0.6764705882352942,0.75,0.6153846153846154,0.6071428571428571,0.5821079611778259,51,15,14,18,10,49,16,17,18,34,16,13,28
296,0.45454545454545453,0.4444444444444444,0.42857142857142855,0.4444444444444444,0.6,0.46875,0.5833333333333334,0.5454545454545454,0.2,0.5,0.3333333333333333,0.625,0.45,1.0586062669754028,33,9,7,9,5,32,12,11,10,24,9,8,20,0.6470588235294118,0.8,0.6428571428571429,0.6111111111111112,0.8,0.6530612244897959,1.0,0.11764705882352941,0.8333333333333334,0.6764705882352942,0.625,0.6153846153846154,0.5714285714285714,0.5815396308898926,51,15,14,18,10,49,16,17,18,34,16,13,28
297,0.45454545454545453,0.4444444444444444,0.42857142857142855,0.4444444444444444,0.6,0.46875,0.5833333333333334,0.5454545454545454,0.2,0.5,0.3333333333333333,0.625,0.45,1.0758863687515259,33,9,7,9,5,32,12,11,10,24,9,8,20,0.6862745098039216,0.8666666666666667,0.7142857142857143,0.7222222222222222,0.9,0.6938775510204082,1.0,0.11764705882352941,0.9444444444444444,0.7647058823529411,0.5625,0.6153846153846154,0.6785714285714286,0.5812164545059204,51,15,14,18,10,49,16,17,18,34,16,13,28
298,0.45454545454545453,0.4444444444444444,0.42857142857142855,0.4444444444444444,0.6,0.46875,0.5833333333333334,0.5454545454545454,0.2,0.5,0.3333333333333333,0.625,0.45,1.0795575380325317,33,9,7,9,5,32,12,11,10,24,9,8,20,0.803921568627451,0.8666666666666667,0.8571428571428571,0.7777777777777778,0.9,0.8163265306122449,1.0,0.5294117647058824,0.8888888888888888,0.8823529411764706,0.6875,0.9230769230769231,0.75,0.5810847282409668,51,15,14,18,10,49,16,17,18,34,16,13,28
299,0.45454545454545453,0.4444444444444444,0.42857142857142855,0.4444444444444444,0.6,0.46875,0.5833333333333334,0.5454545454545454,0.2,0.5,0.3333333333333333,0.625,0.45,1.0677309036254883,33,9,7,9,5,32,12,11,10,24,9,8,20,0.6078431372549019,0.6666666666666666,0.5,0.5555555555555556,0.8,0.5918367346938775,1.0,0.17647058823529413,0.6666666666666666,0.6470588235294118,0.5,0.6923076923076923,0.6071428571428571,0.5816022157669067,51,15,14,18,10,49,16,17,18,34,16,13,28
300,0.45454545454545453,0.4444444444444444,0.42857142857142855,0.4444444444444444,0.6,0.46875,0.5833333333333334,0.5454545454545454,0.2,0.5,0.3333333333333333,0.625,0.45,1.0755095481872559,33,9,7,9,5,32,12,11,10,24,9,8,20,0.7058823529411765,0.8,0.6428571428571429,0.6111111111111112,0.9,0.7142857142857143,1.0,0.17647058823529413,0.9444444444444444,0.7058823529411765,0.75,0.6923076923076923,0.6071428571428571,0.5789213180541992,51,15,14,18,10,49,16,17,18,34,16,13,28
301,0.45454545454545453,0.4444444444444444,0.42857142857142855,0.4444444444444444,0.6,0.46875,0.5833333333333334,0.5454545454545454,0.2,0.5,0.3333333333333333,0.625,0.45,1.0709209442138672,33,9,7,9,5,32,12,11,10,24,9,8,20,0.7058823529411765,0.7333333333333333,0.6428571428571429,0.5555555555555556,0.9,0.7142857142857143,1.0,0.29411764705882354,0.8333333333333334,0.7352941176470589,0.6875,0.9230769230769231,0.5714285714285714,0.5790891051292419,51,15,14,18,10,49,16,17,18,34,16,13,28
302,0.45454545454545453,0.4444444444444444,0.42857142857142855,0.4444444444444444,0.6,0.46875,0.5833333333333334,0.5454545454545454,0.2,0.5,0.3333333333333333,0.625,0.45,1.0701099634170532,33,9,7,9,5,32,12,11,10,24,9,8,20,0.6862745098039216,0.8666666666666667,0.7857142857142857,0.7222222222222222,0.9,0.6938775510204082,1.0,0.23529411764705882,0.8333333333333334,0.7941176470588235,0.5,0.6923076923076923,0.6428571428571429,0.5779635310173035,51,15,14,18,10,49,16,17,18,34,16,13,28
303,0.45454545454545453,0.4444444444444444,0.42857142857142855,0.4444444444444444,0.6,0.46875,0.5833333333333334,0.5454545454545454,0.2,0.5,0.3333333333333333,0.625,0.45,1.0823322534561157,33,9,7,9,5,32,12,11,10,24,9,8,20,0.6862745098039216,0.8,0.7142857142857143,0.6666666666666666,0.9,0.6938775510204082,1.0,0.29411764705882354,0.7777777777777778,0.7941176470588235,0.5,0.7692307692307693,0.6071428571428571,0.574515163898468,51,15,14,18,10,49,16,17,18,34,16,13,28
304,0.45454545454545453,0.4444444444444444,0.42857142857142855,0.4444444444444444,0.6,0.46875,0.5833333333333334,0.5454545454545454,0.2,0.5,0.3333333333333333,0.625,0.45,1.0760637521743774,33,9,7,9,5,32,12,11,10,24,9,8,20,0.7058823529411765,0.8,0.7142857142857143,0.6111111111111112,0.9,0.7142857142857143,1.0,0.35294117647058826,0.7777777777777778,0.8235294117647058,0.5,0.8461538461538461,0.6785714285714286,0.5765636563301086,51,15,14,18,10,49,16,17,18,34,16,13,28
305,0.45454545454545453,0.4444444444444444,0.42857142857142855,0.4444444444444444,0.6,0.46875,0.5833333333333334,0.5454545454545454,0.2,0.5,0.3333333333333333,0.625,0.45,1.0616928339004517,33,9,7,9,5,32,12,11,10,24,9,8,20,0.5882352941176471,0.7333333333333333,0.5714285714285714,0.5555555555555556,0.8,0.5918367346938775,1.0,0.11764705882352941,0.6666666666666666,0.6764705882352942,0.4375,0.6153846153846154,0.5,0.580145537853241,51,15,14,18,10,49,16,17,18,34,16,13,28
306,0.45454545454545453,0.4444444444444444,0.42857142857142855,0.4444444444444444,0.6,0.46875,0.5833333333333334,0.5454545454545454,0.2,0.5,0.3333333333333333,0.625,0.45,1.0761628150939941,33,9,7,9,5,32,12,11,10,24,9,8,20,0.7450980392156863,0.8,0.7857142857142857,0.7222222222222222,0.9,0.7551020408163265,1.0,0.47058823529411764,0.7777777777777778,0.8529411764705882,0.5625,0.8461538461538461,0.6785714285714286,0.575232207775116,51,15,14,18,10,49,16,17,18,34,16,13,28
307,0.45454545454545453,0.4444444444444444,0.5714285714285714,0.4444444444444444,0.6,0.4375,0.5,0.7272727272727273,0.1,0.5416666666666666,0.2222222222222222,0.5,0.5,1.087066411972046,33,9,7,9,5,32,12,11,10,24,9,8,20,0.7450980392156863,0.8666666666666667,0.8571428571428571,0.8333333333333334,0.9,0.7346938775510204,1.0,0.47058823529411764,0.7777777777777778,0.8529411764705882,0.5,0.7692307692307693,0.7857142857142857,0.5749900341033936,51,15,14,18,10,49,16,17,18,34,16,13,28
308,0.45454545454545453,0.4444444444444444,0.42857142857142855,0.4444444444444444,0.6,0.46875,0.5833333333333334,0.5454545454545454,0.2,0.5,0.3333333333333333,0.625,0.45,1.068634033203125,33,9,7,9,5,32,12,11,10,24,9,8,20,0.6470588235294118,0.8,0.5714285714285714,0.6111111111111112,0.9,0.6326530612244898,1.0,0.17647058823529413,0.7777777777777778,0.7058823529411765,0.5,0.6153846153846154,0.5714285714285714,0.5759512186050415,51,15,14,18,10,49,16,17,18,34,16,13,28
309,0.5151515151515151,0.5555555555555556,0.5714285714285714,0.5555555555555556,0.8,0.5,0.5833333333333334,0.7272727272727273,0.2,0.5833333333333334,0.3333333333333333,0.625,0.55,1.073146939277649,33,9,7,9,5,32,12,11,10,24,9,8,20,0.6274509803921569,0.7333333333333333,0.6428571428571429,0.6111111111111112,0.8,0.6326530612244898,1.0,0.23529411764705882,0.6666666666666666,0.7058823529411765,0.5,0.6153846153846154,0.5714285714285714,0.5756545066833496,51,15,14,18,10,49,16,17,18,34,16,13,28
310,0.48484848484848486,0.5555555555555556,0.5714285714285714,0.5555555555555556,0.8,0.46875,0.5833333333333334,0.7272727272727273,0.1,0.5833333333333334,0.2222222222222222,0.5,0.55,1.0810232162475586,33,9,7,9,5,32,12,11,10,24,9,8,20,0.7254901960784313,0.8,0.7857142857142857,0.7222222222222222,0.9,0.7346938775510204,1.0,0.47058823529411764,0.7222222222222222,0.8529411764705882,0.5,0.8461538461538461,0.6785714285714286,0.5759812593460083,51,15,14,18,10,49,16,17,18,34,16,13,28
311,0.5151515151515151,0.5555555555555556,0.5714285714285714,0.5555555555555556,0.8,0.5,0.5833333333333334,0.7272727272727273,0.2,0.5833333333333334,0.3333333333333333,0.625,0.55,1.0746122598648071,33,9,7,9,5,32,12,11,10,24,9,8,20,0.7450980392156863,0.8666666666666667,0.7857142857142857,0.7222222222222222,0.9,0.7346938775510204,1.0,0.47058823529411764,0.7777777777777778,0.8235294117647058,0.5625,0.7692307692307693,0.7142857142857143,0.5725215077400208,51,15,14,18,10,49,16,17,18,34,16,13,28
312,0.5151515151515151,0.5555555555555556,0.5714285714285714,0.5555555555555556,0.8,0.5,0.5833333333333334,0.7272727272727273,0.2,0.5833333333333334,0.3333333333333333,0.625,0.55,1.0687899589538574,33,9,7,9,5,32,12,11,10,24,9,8,20,0.7254901960784313,0.8666666666666667,0.8571428571428571,0.7777777777777778,0.9,0.7142857142857143,1.0,0.47058823529411764,0.7222222222222222,0.8235294117647058,0.5,0.7692307692307693,0.7142857142857143,0.5749270915985107,51,15,14,18,10,49,16,17,18,34,16,13,28
313,0.48484848484848486,0.5555555555555556,0.5714285714285714,0.5555555555555556,0.8,0.46875,0.5833333333333334,0.7272727272727273,0.1,0.5833333333333334,0.2222222222222222,0.5,0.55,1.083536148071289,33,9,7,9,5,32,12,11,10,24,9,8,20,0.6862745098039216,0.7333333333333333,0.7142857142857143,0.6666666666666666,0.8,0.673469387755102,1.0,0.47058823529411764,0.6111111111111112,0.7352941176470589,0.5625,0.6923076923076923,0.6785714285714286,0.5741779208183289,51,15,14,18,10,49,16,17,18,34,16,13,28
314,0.5151515151515151,0.5555555555555556,0.5714285714285714,0.5555555555555556,0.8,0.5,0.5833333333333334,0.7272727272727273,0.2,0.5833333333333334,0.3333333333333333,0.625,0.55,1.0729166269302368,33,9,7,9,5,32,12,11,10,24,9,8,20,0.7647058823529411,0.8666666666666667,0.8571428571428571,0.7777777777777778,0.9,0.7755102040816326,1.0,0.5294117647058824,0.7777777777777778,0.9117647058823529,0.5,0.8461538461538461,0.7857142857142857,0.5738043189048767,51,15,14,18,10,49,16,17,18,34,16,13,28
315,0.48484848484848486,0.5555555555555556,0.42857142857142855,0.4444444444444444,0.8,0.46875,0.5833333333333334,0.6363636363636364,0.2,0.5416666666666666,0.3333333333333333,0.625,0.5,1.0632725954055786,33,9,7,9,5,32,12,11,10,24,9,8,20,0.6666666666666666,0.8,0.6428571428571429,0.5555555555555556,0.9,0.673469387755102,1.0,0.23529411764705882,0.7777777777777778,0.7058823529411765,0.625,0.6923076923076923,0.5357142857142857,0.5742902159690857,51,15,14,18,10,49,16,17,18,34,16,13,28
316,0.45454545454545453,0.4444444444444444,0.5714285714285714,0.4444444444444444,0.6,0.4375,0.5,0.7272727272727273,0.1,0.5416666666666666,0.2222222222222222,0.5,0.5,1.0921084880828857,33,9,7,9,5,32,12,11,10,24,9,8,20,0.6862745098039216,0.8,0.6428571428571429,0.6111111111111112,0.9,0.6938775510204082,1.0,0.35294117647058826,0.7222222222222222,0.7352941176470589,0.625,0.7692307692307693,0.6071428571428571,0.5732642412185669,51,15,14,18,10,49,16,17,18,34,16,13,28
317,0.48484848484848486,0.5555555555555556,0.5714285714285714,0.5555555555555556,0.8,0.46875,0.5833333333333334,0.7272727272727273,0.1,0.5833333333333334,0.2222222222222222,0.5,0.55,1.0847830772399902,33,9,7,9,5,32,12,11,10,24,9,8,20,0.6862745098039216,0.7333333333333333,0.7857142857142857,0.6666666666666666,0.8,0.6938775510204082,1.0,0.47058823529411764,0.6111111111111112,0.7941176470588235,0.5,0.8461538461538461,0.7142857142857143,0.5740494728088379,51,15,14,18,10,49,16,17,18,34,16,13,28
318,0.5151515151515151,0.5555555555555556,0.5714285714285714,0.5555555555555556,0.8,0.5,0.5833333333333334,0.7272727272727273,0.2,0.5833333333333334,0.3333333333333333,0.625,0.55,1.069114089012146,33,9,7,9,5,32,12,11,10,24,9,8,20,0.6862745098039216,0.7333333333333333,0.7857142857142857,0.7222222222222222,0.8,0.673469387755102,1.0,0.4117647058823529,0.6666666666666666,0.7352941176470589,0.5625,0.6923076923076923,0.6785714285714286,0.571845531463623,51,15,14,18,10,49,16,17,18,34,16,13,28
319,0.48484848484848486,0.5555555555555556,0.5714285714285714,0.5555555555555556,0.8,0.46875,0.5833333333333334,0.7272727272727273,0.1,0.5833333333333334,0.2222222222222222,0.5,0.55,1.0773944854736328,33,9,7,9,5,32,12,11,10,24,9,8,20,0.6862745098039216,0.7333333333333333,0.7857142857142857,0.6666666666666666,0.8,0.6938775510204082,1.0,0.47058823529411764,0.6111111111111112,0.7352941176470589,0.625,0.7692307692307693,0.6785714285714286,0.5719642043113708,51,15,14,18,10,49,16,17,18,34,16,13,28
320,0.48484848484848486,0.5555555555555556,0.5714285714285714,0.5555555555555556,0.8,0.46875,0.5833333333333334,0.7272727272727273,0.1,0.5833333333333334,0.2222222222222222,0.5,0.55,1.090142846107483,33,9,7,9,5,32,12,11,10,24,9,8,20,0.6666666666666666,0.7333333333333333,0.5714285714285714,0.5555555555555556,0.8,0.673469387755102,1.0,0.4117647058823529,0.6111111111111112,0.7058823529411765,0.625,0.8461538461538461,0.6071428571428571,0.5698381662368774,51,15,14,18,10,49,16,17,18,34,16,13,28
321,0.48484848484848486,0.5555555555555556,0.5714285714285714,0.5555555555555556,0.8,0.46875,0.5833333333333334,0.7272727272727273,0.1,0.5833333333333334,0.2222222222222222,0.5,0.55,1.0808719396591187,33,9,7,9,5,32,12,11,10,24,9,8,20,0.7254901960784313,0.7333333333333333,0.7142857142857143,0.7222222222222222,0.8,0.7142857142857143,1.0,0.5294117647058824,0.6666666666666666,0.7941176470588235,0.5625,0.6923076923076923,0.7142857142857143,0.5723006129264832,51,15,14,18,10,49,16,17,18,34,16,13,28
322,0.5151515151515151,0.5555555555555556,0.5714285714285714,0.5555555555555556,0.8,0.5,0.5833333333333334,0.7272727272727273,0.2,0.5833333333333334,0.3333333333333333,0.625,0.55,1.0666519403457642,33,9,7,9,5,32,12,11,10,24,9,8,20,0.6666666666666666,0.6666666666666666,0.7142857142857143,0.6666666666666666,0.7,0.673469387755102,1.0,0.47058823529411764,0.5555555555555556,0.7647058823529411,0.5,0.7692307692307693,0.7142857142857143,0.5722246170043945,51,15,14,18,10,49,16,17,18,34,16,13,28
323,0.48484848484848486,0.5555555555555556,0.5714285714285714,0.5555555555555556,0.8,0.46875,0.5833333333333334,0.7272727272727273,0.1,0.5833333333333334,0.2222222222222222,0.5,0.55,1.084269404411316,33,9,7,9,5,32,12,11,10,24,9,8,20,0.7450980392156863,0.7333333333333333,0.7857142857142857,0.7222222222222222,0.8,0.7551020408163265,1.0,0.5882352941176471,0.6666666666666666,0.8235294117647058,0.625,0.9230769230769231,0.75,0.5693910717964172,51,15,14,18,10,49,16,17,18,34,16,13,28
324,0.48484848484848486,0.5555555555555556,0.5714285714285714,0.5555555555555556,0.8,0.46875,0.5833333333333334,0.7272727272727273,0.1,0.5833333333333334,0.2222222222222222,0.5,0.55,1.090544581413269,33,9,7,9,5,32,12,11,10,24,9,8,20,0.7647058823529411,0.7333333333333333,0.7142857142857143,0.7222222222222222,0.8,0.7551020408163265,1.0,0.7058823529411765,0.6111111111111112,0.7941176470588235,0.6875,0.9230769230769231,0.75,0.5706923007965088,51,15,14,18,10,49,16,17,18,34,16,13,28
325,0.48484848484848486,0.5555555555555556,0.5714285714285714,0.5555555555555556,0.8,0.46875,0.5833333333333334,0.7272727272727273,0.1,0.5833333333333334,0.2222222222222222,0.5,0.55,1.0681867599487305,33,9,7,9,5,32,12,11,10,24,9,8,20,0.7058823529411765,0.7333333333333333,0.6428571428571429,0.7222222222222222,0.8,0.6938775510204082,1.0,0.5882352941176471,0.5555555555555556,0.7058823529411765,0.6875,0.8461538461538461,0.6785714285714286,0.5694382786750793,51,15,14,18,10,49,16,17,18,34,16,13,28
326,0.48484848484848486,0.5555555555555556,0.5714285714285714,0.5555555555555556,0.8,0.46875,0.5833333333333334,0.7272727272727273,0.1,0.5833333333333334,0.2222222222222222,0.5,0.55,1.0743850469589233,33,9,7,9,5,32,12,11,10,24,9,8,20,0.7254901960784313,0.6666666666666666,0.7142857142857143,0.7777777777777778,0.8,0.7142857142857143,1.0,0.6470588235294118,0.5555555555555556,0.7941176470588235,0.5625,0.8461538461538461,0.75,0.5696849822998047,51,15,14,18,10,49,16,17,18,34,16,13,28
327,0.48484848484848486,0.5555555555555556,0.5714285714285714,0.5555555555555556,0.8,0.46875,0.5833333333333334,0.7272727272727273,0.1,0.5833333333333334,0.2222222222222222,0.5,0.55,1.0815610885620117,33,9,7,9,5,32,12,11,10,24,9,8,20,0.7647058823529411,0.8666666666666667,0.7857142857142857,0.7777777777777778,0.8,0.7551020408163265,1.0,0.7058823529411765,0.6111111111111112,0.8235294117647058,0.625,0.8461538461538461,0.75,0.5676625370979309,51,15,14,18,10,49,16,17,18,34,16,13,28
328,0.48484848484848486,0.5555555555555556,0.5714285714285714,0.5555555555555556,0.8,0.46875,0.5833333333333334,0.7272727272727273,0.1,0.5833333333333334,0.2222222222222222,0.5,0.55,1.0806121826171875,33,9,7,9,5,32,12,11,10,24,9,8,20,0.7647058823529411,0.8,0.8571428571428571,0.8333333333333334,0.8,0.7551020408163265,1.0,0.6470588235294118,0.6666666666666666,0.8529411764705882,0.5625,0.8461538461538461,0.7857142857142857,0.5694006681442261,51,15,14,18,10,49,16,17,18,34,16,13,28
329,0.48484848484848486,0.5555555555555556,0.5714285714285714,0.5555555555555556,0.8,0.46875,0.5833333333333334,0.7272727272727273,0.1,0.5833333333333334,0.2222222222222222,0.5,0.55,1.0727412700653076,33,9,7,9,5,32,12,11,10,24,9,8,20,0.7254901960784313,0.6666666666666666,0.6428571428571429,0.7222222222222222,0.8,0.7142857142857143,1.0,0.7058823529411765,0.5,0.7941176470588235,0.5625,0.8461538461538461,0.75,0.5687353610992432,51,15,14,18,10,49,16,17,18,34,16,13,28
330,0.48484848484848486,0.5555555555555556,0.5714285714285714,0.5555555555555556,0.8,0.46875,0.5833333333333334,0.7272727272727273,0.1,0.5833333333333334,0.2222222222222222,0.5,0.55,1.0671720504760742,33,9,7,9,5,32,12,11,10,24,9,8,20,0.6862745098039216,0.6,0.6428571428571429,0.6666666666666666,0.7,0.673469387755102,1.0,0.6470588235294118,0.4444444444444444,0.7058823529411765,0.625,0.8461538461538461,0.6785714285714286,0.5686361193656921,51,15,14,18,10,49,16,17,18,34,16,13,28
331,0.45454545454545453,0.4444444444444444,0.5714285714285714,0.4444444444444444,0.6,0.4375,0.5,0.7272727272727273,0.1,0.5416666666666666,0.2222222222222222,0.5,0.5,1.0934315919876099,33,9,7,9,5,32,12,11,10,24,9,8,20,0.6862745098039216,0.6666666666666666,0.6428571428571429,0.6666666666666666,0.9,0.673469387755102,1.0,0.5294117647058824,0.5555555555555556,0.7352941176470589,0.5625,0.6923076923076923,0.6428571428571429,0.5670134425163269,51,15,14,18,10,49,16,17,18,34,16,13,28
332,0.48484848484848486,0.5555555555555556,0.5714285714285714,0.5555555555555556,0.8,0.46875,0.5833333333333334,0.7272727272727273,0.1,0.5833333333333334,0.2222222222222222,0.5,0.55,1.0904899835586548,33,9,7,9,5,32,12,11,10,24,9,8,20,0.7450980392156863,0.7333333333333333,0.7142857142857143,0.7777777777777778,0.8,0.7346938775510204,1.0,0.7058823529411765,0.5555555555555556,0.7941176470588235,0.625,0.8461538461538461,0.75,0.5651348233222961,51,15,14,18,10,49,16,17,18,34,16,13,28
333,0.48484848484848486,0.5555555555555556,0.5714285714285714,0.5555555555555556,0.8,0.46875,0.5833333333333334,0.7272727272727273,0.1,0.5833333333333334,0.2222222222222222,0.5,0.55,1.056688904762268,33,9,7,9,5,32,12,11,10,24,9,8,20,0.7647058823529411,0.7333333333333333,0.7142857142857143,0.7777777777777778,0.8,0.7551020408163265,1.0,0.7647058823529411,0.5555555555555556,0.7941176470588235,0.6875,0.9230769230769231,0.7857142857142857,0.5657848119735718,51,15,14,18,10,49,16,17,18,34,16,13,28
334,0.48484848484848486,0.5555555555555556,0.5714285714285714,0.5555555555555556,0.8,0.46875,0.5833333333333334,0.7272727272727273,0.1,0.5833333333333334,0.2222222222222222,0.5,0.55,1.0718376636505127,33,9,7,9,5,32,12,11,10,24,9,8,20,0.7843137254901961,0.7333333333333333,0.7857142857142857,0.7777777777777778,0.8,0.7755102040816326,1.0,0.7647058823529411,0.6111111111111112,0.8529411764705882,0.625,0.9230769230769231,0.8214285714285714,0.5642450451850891,51,15,14,18,10,49,16,17,18,34,16,13,28
335,0.42424242424242425,0.3333333333333333,0.5714285714285714,0.4444444444444444,0.4,0.40625,0.5,0.7272727272727273,0.0,0.5,0.2222222222222222,0.5,0.5,1.0902152061462402,33,9,7,9,5,32,12,11,10,24,9,8,20,0.7254901960784313,0.8,0.7142857142857143,0.7222222222222222,0.8,0.7142857142857143,1.0,0.6470588235294118,0.5555555555555556,0.7647058823529411,0.625,0.7692307692307693,0.6785714285714286,0.5703370571136475,51,15,14,18,10,49,16,17,18,34,16,13,28
336,0.45454545454545453,0.4444444444444444,0.5714285714285714,0.5555555555555556,0.6,0.4375,0.5833333333333334,0.7272727272727273,0.0,0.5416666666666666,0.2222222222222222,0.5,0.55,1.0778721570968628,33,9,7,9,5,32,12,11,10,24,9,8,20,0.7450980392156863,0.6666666666666666,0.7142857142857143,0.6666666666666666,0.7,0.7346938775510204,1.0,0.7647058823529411,0.5,0.7647058823529411,0.6875,0.9230769230769231,0.75,0.5648350715637207,51,15,14,18,10,49,16,17,18,34,16,13,28
337,0.48484848484848486,0.5555555555555556,0.5714285714285714,0.5555555555555556,0.8,0.46875,0.5833333333333334,0.7272727272727273,0.1,0.5833333333333334,0.2222222222222222,0.5,0.55,1.0694242715835571,33,9,7,9,5,32,12,11,10,24,9,8,20,0.7647058823529411,0.7333333333333333,0.6428571428571429,0.7222222222222222,0.9,0.7551020408163265,1.0,0.7647058823529411,0.5555555555555556,0.8235294117647058,0.625,0.9230769230769231,0.7857142857142857,0.5655004382133484,51,15,14,18,10,49,16,17,18,34,16,13,28
338,0.45454545454545453,0.4444444444444444,0.5714285714285714,0.5555555555555556,0.6,0.4375,0.5833333333333334,0.7272727272727273,0.0,0.5416666666666666,0.2222222222222222,0.5,0.55,1.0829931497573853,33,9,7,9,5,32,12,11,10,24,9,8,20,0.7450980392156863,0.6666666666666666,0.7142857142857143,0.6666666666666666,0.7,0.7346938775510204,1.0,0.7058823529411765,0.5555555555555556,0.7941176470588235,0.625,0.9230769230769231,0.7857142857142857,0.5648049712181091,51,15,14,18,10,49,16,17,18,34,16,13,28
339,0.45454545454545453,0.4444444444444444,0.5714285714285714,0.5555555555555556,0.6,0.4375,0.5833333333333334,0.7272727272727273,0.0,0.5416666666666666,0.2222222222222222,0.5,0.55,1.0780479907989502,33,9,7,9,5,32,12,11,10,24,9,8,20,0.803921568627451,0.8666666666666667,0.8571428571428571,0.8333333333333334,0.8,0.7959183673469388,1.0,0.7647058823529411,0.6666666666666666,0.8823529411764706,0.625,0.8461538461538461,0.8214285714285714,0.5654820203781128,51,15,14,18,10,49,16,17,18,34,16,13,28
340,0.45454545454545453,0.4444444444444444,0.5714285714285714,0.5555555555555556,0.6,0.4375,0.5833333333333334,0.7272727272727273,0.0,0.5416666666666666,0.2222222222222222,0.5,0.55,1.074422001838684,33,9,7,9,5,32,12,11,10,24,9,8,20,0.7843137254901961,0.7333333333333333,0.6428571428571429,0.6666666666666666,0.7,0.7755102040816326,1.0,0.8823529411764706,0.5,0.7941176470588235,0.75,0.9230769230769231,0.7857142857142857,0.5635442733764648,51,15,14,18,10,49,16,17,18,34,16,13,28
341,0.45454545454545453,0.4444444444444444,0.5714285714285714,0.5555555555555556,0.6,0.4375,0.5833333333333334,0.7272727272727273,0.0,0.5416666666666666,0.2222222222222222,0.5,0.55,1.0790469646453857,33,9,7,9,5,32,12,11,10,24,9,8,20,0.7647058823529411,0.8,0.7142857142857143,0.7222222222222222,0.8,0.7551020408163265,1.0,0.7647058823529411,0.5555555555555556,0.8235294117647058,0.625,0.8461538461538461,0.75,0.5645315051078796,51,15,14,18,10,49,16,17,18,34,16,13,28
342,0.45454545454545453,0.4444444444444444,0.5714285714285714,0.5555555555555556,0.6,0.4375,0.5833333333333334,0.7272727272727273,0.0,0.5416666666666666,0.2222222222222222,0.5,0.55,1.0776166915893555,33,9,7,9,5,32,12,11,10,24,9,8,20,0.7450980392156863,0.6666666666666666,0.6428571428571429,0.7222222222222222,0.8,0.7346938775510204,1.0,0.7647058823529411,0.5,0.7941176470588235,0.625,0.9230769230769231,0.7857142857142857,0.5635547041893005,51,15,14,18,10,49,16,17,18,34,16,13,28
343,0.45454545454545453,0.4444444444444444,0.5714285714285714,0.5555555555555556,0.6,0.4375,0.5833333333333334,0.7272727272727273,0.0,0.5416666666666666,0.2222222222222222,0.5,0.55,1.0754477977752686,33,9,7,9,5,32,12,11,10,24,9,8,20,0.8235294117647058,0.8,0.7857142857142857,0.7777777777777778,0.8,0.8163265306122449,1.0,0.9411764705882353,0.5555555555555556,0.8529411764705882,0.75,0.9230769230769231,0.7857142857142857,0.5617678761482239,51,15,14,18,10,49,16,17,18,34,16,13,28
344,0.45454545454545453,0.4444444444444444,0.5714285714285714,0.5555555555555556,0.6,0.4375,0.5833333333333334,0.7272727272727273,0.0,0.5416666666666666,0.2222222222222222,0.5,0.55,1.0767916440963745,33,9,7,9,5,32,12,11,10,24,9,8,20,0.7843137254901961,0.7333333333333333,0.7142857142857143,0.7777777777777778,0.8,0.7755102040816326,1.0,0.8235294117647058,0.5555555555555556,0.8235294117647058,0.6875,0.9230769230769231,0.8214285714285714,0.55939781665802,51,15,14,18,10,49,16,17,18,34,16,13,28
345,0.48484848484848486,0.4444444444444444,0.5714285714285714,0.5555555555555556,0.6,0.46875,0.5833333333333334,0.8181818181818182,0.0,0.5833333333333334,0.2222222222222222,0.625,0.6,1.0775071382522583,33,9,7,9,5,32,12,11,10,24,9,8,20,0.7843137254901961,0.8,0.7142857142857143,0.7222222222222222,0.8,0.7755102040816326,1.0,0.8823529411764706,0.5,0.7941176470588235,0.75,0.9230769230769231,0.8214285714285714,0.5639239549636841,51,15,14,18,10,49,16,17,18,34,16,13,28
346,0.48484848484848486,0.4444444444444444,0.5714285714285714,0.5555555555555556,0.6,0.46875,0.5833333333333334,0.8181818181818182,0.0,0.5833333333333334,0.2222222222222222,0.625,0.6,1.0790287256240845,33,9,7,9,5,32,12,11,10,24,9,8,20,0.7647058823529411,0.8,0.6428571428571429,0.6666666666666666,0.8,0.7551020408163265,1.0,0.8235294117647058,0.5,0.7941176470588235,0.6875,0.8461538461538461,0.7857142857142857,0.5620888471603394,51,15,14,18,10,49,16,17,18,34,16,13,28
347,0.48484848484848486,0.4444444444444444,0.5714285714285714,0.5555555555555556,0.6,0.46875,0.5833333333333334,0.8181818181818182,0.0,0.5833333333333334,0.2222222222222222,0.625,0.6,1.0742601156234741,33,9,7,9,5,32,12,11,10,24,9,8,20,0.7843137254901961,0.8,0.7142857142857143,0.7222222222222222,0.8,0.7755102040816326,1.0,0.8235294117647058,0.5555555555555556,0.8235294117647058,0.6875,0.9230769230769231,0.7857142857142857,0.5612629055976868,51,15,14,18,10,49,16,17,18,34,16,13,28
348,0.45454545454545453,0.4444444444444444,0.5714285714285714,0.5555555555555556,0.6,0.4375,0.5833333333333334,0.7272727272727273,0.0,0.5416666666666666,0.2222222222222222,0.5,0.55,1.065755844116211,33,9,7,9,5,32,12,11,10,24,9,8,20,0.8235294117647058,0.8666666666666667,0.7857142857142857,0.7777777777777778,0.9,0.8163265306122449,1.0,0.8823529411764706,0.6111111111111112,0.8529411764705882,0.75,0.9230769230769231,0.8571428571428571,0.5630050897598267,51,15,14,18,10,49,16,17,18,34,16,13,28
349,0.48484848484848486,0.4444444444444444,0.5714285714285714,0.5555555555555556,0.6,0.46875,0.5833333333333334,0.8181818181818182,0.0,0.5833333333333334,0.2222222222222222,0.625,0.6,1.0777640342712402,33,9,7,9,5,32,12,11,10,24,9,8,20,0.7647058823529411,0.6666666666666666,0.5714285714285714,0.6666666666666666,0.7,0.7551020408163265,1.0,0.9411764705882353,0.3888888888888889,0.7352941176470589,0.8125,0.9230769230769231,0.8214285714285714,0.5598787665367126,51,15,14,18,10,49,16,17,18,34,16,13,28
350,0.48484848484848486,0.4444444444444444,0.5714285714285714,0.5555555555555556,0.6,0.46875,0.5833333333333334,0.8181818181818182,0.0,0.5833333333333334,0.2222222222222222,0.625,0.6,1.0811290740966797,33,9,7,9,5,32,12,11,10,24,9,8,20,0.803921568627451,0.7333333333333333,0.6428571428571429,0.7222222222222222,0.8,0.7959183673469388,1.0,0.9411764705882353,0.5,0.7941176470588235,0.8125,0.9230769230769231,0.8571428571428571,0.5597990155220032,51,15,14,18,10,49,16,17,18,34,16,13,28
351,0.48484848484848486,0.4444444444444444,0.5714285714285714,0.5555555555555556,0.6,0.46875,0.5833333333333334,0.8181818181818182,0.0,0.5833333333333334,0.2222222222222222,0.625,0.6,1.0663456916809082,33,9,7,9,5,32,12,11,10,24,9,8,20,0.7254901960784313,0.6666666666666666,0.6428571428571429,0.7222222222222222,0.7,0.7142857142857143,1.0,0.7647058823529411,0.4444444444444444,0.7352941176470589,0.6875,0.8461538461538461,0.75,0.5625196099281311,51,15,14,18,10,49,16,17,18,34,16,13,28
352,0.48484848484848486,0.4444444444444444,0.5714285714285714,0.5555555555555556,0.6,0.46875,0.5833333333333334,0.8181818181818182,0.0,0.5833333333333334,0.2222222222222222,0.625,0.6,1.0823489427566528,33,9,7,9,5,32,12,11,10,24,9,8,20,0.803921568627451,0.7333333333333333,0.7142857142857143,0.7222222222222222,0.7,0.7959183673469388,1.0,0.9411764705882353,0.5,0.8235294117647058,0.75,0.9230769230769231,0.7857142857142857,0.5563664436340332,51,15,14,18,10,49,16,17,18,34,16,13,28
353,0.48484848484848486,0.4444444444444444,0.5714285714285714,0.5555555555555556,0.6,0.46875,0.5833333333333334,0.8181818181818182,0.0,0.5833333333333334,0.2222222222222222,0.625,0.6,1.0799190998077393,33,9,7,9,5,32,12,11,10,24,9,8,20,0.7450980392156863,0.7333333333333333,0.7142857142857143,0.7222222222222222,0.7,0.7346938775510204,1.0,0.8235294117647058,0.4444444444444444,0.7647058823529411,0.6875,0.8461538461538461,0.75,0.563004195690155,51,15,14,18,10,49,16,17,18,34,16,13,28
354,0.48484848484848486,0.4444444444444444,0.5714285714285714,0.5555555555555556,0.6,0.46875,0.5833333333333334,0.8181818181818182,0.0,0.5833333333333334,0.2222222222222222,0.625,0.6,1.0652827024459839,33,9,7,9,5,32,12,11,10,24,9,8,20,0.7450980392156863,0.6,0.6428571428571429,0.7222222222222222,0.7,0.7346938775510204,1.0,0.8823529411764706,0.3888888888888889,0.7647058823529411,0.6875,0.9230769230769231,0.75,0.5596359968185425,51,15,14,18,10,49,16,17,18,34,16,13,28
355,0.48484848484848486,0.4444444444444444,0.5714285714285714,0.5555555555555556,0.6,0.46875,0.5833333333333334,0.8181818181818182,0.0,0.5833333333333334,0.2222222222222222,0.625,0.6,1.0814719200134277,33,9,7,9,5,32,12,11,10,24,9,8,20,0.7647058823529411,0.7333333333333333,0.6428571428571429,0.6666666666666666,0.7,0.7551020408163265,1.0,0.8235294117647058,0.5,0.7941176470588235,0.6875,0.9230769230769231,0.7857142857142857,0.5593940615653992,51,15,14,18,10,49,16,17,18,34,16,13,28
356,0.48484848484848486,0.4444444444444444,0.5714285714285714,0.5555555555555556,0.6,0.46875,0.5833333333333334,0.8181818181818182,0.0,0.5833333333333334,0.2222222222222222,0.625,0.6,1.0734938383102417,33,9,7,9,5,32,12,11,10,24,9,8,20,0.7843137254901961,0.6666666666666666,0.5714285714285714,0.7222222222222222,0.7,0.7755102040816326,1.0,1.0,0.3888888888888889,0.7647058823529411,0.8125,0.9230769230769231,0.8214285714285714,0.5592725872993469,51,15,14,18,10,49,16,17,18,34,16,13,28
357,0.48484848484848486,0.4444444444444444,0.5714285714285714,0.5555555555555556,0.6,0.46875,0.5833333333333334,0.8181818181818182,0.0,0.5833333333333334,0.2222222222222222,0.625,0.6,1.0649421215057373,33,9,7,9,5,32,12,11,10,24,9,8,20,0.803921568627451,0.7333333333333333,0.7857142857142857,0.7777777777777778,0.7,0.7959183673469388,1.0,0.8823529411764706,0.5555555555555556,0.8529411764705882,0.6875,0.9230769230769231,0.8214285714285714,0.5594391822814941,51,15,14,18,10,49,16,17,18,34,16,13,28
358,0.45454545454545453,0.3333333333333333,0.5714285714285714,0.4444444444444444,0.4,0.4375,0.5,0.8181818181818182,0.0,0.5416666666666666,0.2222222222222222,0.625,0.55,1.0871332883834839,33,9,7,9,5,32,12,11,10,24,9,8,20,0.7647058823529411,0.7333333333333333,0.6428571428571429,0.6666666666666666,0.7,0.7551020408163265,1.0,0.8235294117647058,0.5,0.7941176470588235,0.6875,0.9230769230769231,0.7857142857142857,0.5555177330970764,51,15,14,18,10,49,16,17,18,34,16,13,28
359,0.48484848484848486,0.4444444444444444,0.5714285714285714,0.5555555555555556,0.6,0.46875,0.5833333333333334,0.8181818181818182,0.0,0.5833333333333334,0.2222222222222222,0.625,0.6,1.0717796087265015,33,9,7,9,5,32,12,11,10,24,9,8,20,0.7254901960784313,0.5333333333333333,0.6428571428571429,0.7222222222222222,0.6,0.7142857142857143,1.0,0.9411764705882353,0.2777777777777778,0.7058823529411765,0.75,0.8461538461538461,0.7142857142857143,0.5569482445716858,51,15,14,18,10,49,16,17,18,34,16,13,28
360,0.48484848484848486,0.4444444444444444,0.5714285714285714,0.5555555555555556,0.6,0.46875,0.5833333333333334,0.8181818181818182,0.0,0.5833333333333334,0.2222222222222222,0.625,0.6,1.0777007341384888,33,9,7,9,5,32,12,11,10,24,9,8,20,0.8431372549019608,0.8666666666666667,0.7857142857142857,0.7777777777777778,0.9,0.8367346938775511,1.0,1.0,0.5555555555555556,0.8529411764705882,0.8125,0.9230769230769231,0.8214285714285714,0.5554936528205872,51,15,14,18,10,49,16,17,18,34,16,13,28
361,0.45454545454545453,0.3333333333333333,0.5714285714285714,0.4444444444444444,0.4,0.4375,0.5,0.8181818181818182,0.0,0.5416666666666666,0.2222222222222222,0.625,0.55,1.0866197347640991,33,9,7,9,5,32,12,11,10,24,9,8,20,0.7843137254901961,0.6666666666666666,0.5714285714285714,0.7222222222222222,0.7,0.7755102040816326,1.0,1.0,0.3888888888888889,0.7647058823529411,0.8125,0.9230769230769231,0.8214285714285714,0.5577444434165955,51,15,14,18,10,49,16,17,18,34,16,13,28
362,0.48484848484848486,0.4444444444444444,0.5714285714285714,0.5555555555555556,0.6,0.46875,0.5833333333333334,0.8181818181818182,0.0,0.5833333333333334,0.2222222222222222,0.625,0.6,1.065725326538086,33,9,7,9,5,32,12,11,10,24,9,8,20,0.7450980392156863,0.7333333333333333,0.5714285714285714,0.6666666666666666,0.8,0.7346938775510204,1.0,0.8823529411764706,0.3888888888888889,0.7352941176470589,0.75,0.8461538461538461,0.7857142857142857,0.5594989657402039,51,15,14,18,10,49,16,17,18,34,16,13,28
363,0.48484848484848486,0.4444444444444444,0.5714285714285714,0.5555555555555556,0.6,0.46875,0.5833333333333334,0.8181818181818182,0.0,0.5833333333333334,0.2222222222222222,0.625,0.6,1.0694403648376465,33,9,7,9,5,32,12,11,10,24,9,8,20,0.7843137254901961,0.7333333333333333,0.6428571428571429,0.7222222222222222,0.8,0.7755102040816326,1.0,0.9411764705882353,0.4444444444444444,0.7941176470588235,0.75,0.9230769230769231,0.8214285714285714,0.5550549626350403,51,15,14,18,10,49,16,17,18,34,16,13,28
364,0.45454545454545453,0.3333333333333333,0.5714285714285714,0.4444444444444444,0.4,0.4375,0.5,0.8181818181818182,0.0,0.5416666666666666,0.2222222222222222,0.625,0.55,1.0908219814300537,33,9,7,9,5,32,12,11,10,24,9,8,20,0.803921568627451,0.8,0.7142857142857143,0.7222222222222222,0.8,0.7959183673469388,1.0,0.9411764705882353,0.5,0.8235294117647058,0.75,0.9230769230769231,0.8214285714285714,0.5531548857688904,51,15,14,18,10,49,16,17,18,34,16,13,28
365,0.48484848484848486,0.4444444444444444,0.5714285714285714,0.5555555555555556,0.6,0.46875,0.5833333333333334,0.8181818181818182,0.0,0.5833333333333334,0.2222222222222222,0.625,0.6,1.0725644826889038,33,9,7,9,5,32,12,11,10,24,9,8,20,0.7647058823529411,0.6666666666666666,0.6428571428571429,0.7222222222222222,0.7,0.7551020408163265,1.0,1.0,0.3333333333333333,0.7352941176470589,0.8125,0.8461538461538461,0.7857142857142857,0.5560672879219055,51,15,14,18,10,49,16,17,18,34,16,13,28
366,0.48484848484848486,0.4444444444444444,0.5714285714285714,0.5555555555555556,0.6,0.46875,0.5833333333333334,0.8181818181818182,0.0,0.5833333333333334,0.2222222222222222,0.625,0.6,1.066034197807312,33,9,7,9,5,32,12,11,10,24,9,8,20,0.803921568627451,0.8,0.7857142857142857,0.7777777777777778,0.8,0.7959183673469388,1.0,0.9411764705882353,0.5,0.8235294117647058,0.75,0.9230769230769231,0.8214285714285714,0.5582559108734131,51,15,14,18,10,49,16,17,18,34,16,13,28
367,0.45454545454545453,0.3333333333333333,0.5714285714285714,0.4444444444444444,0.4,0.4375,0.5,0.8181818181818182,0.0,0.5416666666666666,0.2222222222222222,0.625,0.55,1.0872598886489868,33,9,7,9,5,32,12,11,10,24,9,8,20,0.7843137254901961,0.7333333333333333,0.7142857142857143,0.7222222222222222,0.7,0.7755102040816326,1.0,0.8823529411764706,0.5,0.8235294117647058,0.6875,0.9230769230769231,0.7857142857142857,0.5561354160308838,51,15,14,18,10,49,16,17,18,34,16,13,28
368,0.45454545454545453,0.3333333333333333,0.5714285714285714,0.4444444444444444,0.4,0.4375,0.5,0.8181818181818182,0.0,0.5416666666666666,0.2222222222222222,0.625,0.55,1.0856305360794067,33,9,7,9,5,32,12,11,10,24,9,8,20,0.7647058823529411,0.7333333333333333,0.7142857142857143,0.7222222222222222,0.8,0.7551020408163265,1.0,0.9411764705882353,0.3888888888888889,0.7647058823529411,0.75,0.8461538461538461,0.75,0.5562855005264282,51,15,14,18,10,49,16,17,18,34,16,13,28
369,0.48484848484848486,0.4444444444444444,0.5714285714285714,0.5555555555555556,0.6,0.46875,0.5833333333333334,0.8181818181818182,0.0,0.5833333333333334,0.2222222222222222,0.625,0.6,1.0638083219528198,33,9,7,9,5,32,12,11,10,24,9,8,20,0.7647058823529411,0.7333333333333333,0.7857142857142857,0.7777777777777778,0.8,0.7551020408163265,1.0,0.8823529411764706,0.4444444444444444,0.7941176470588235,0.6875,0.8461538461538461,0.7142857142857143,0.5568835139274597,51,15,14,18,10,49,16,17,18,34,16,13,28
370,0.48484848484848486,0.4444444444444444,0.5714285714285714,0.5555555555555556,0.6,0.46875,0.5833333333333334,0.8181818181818182,0.0,0.5833333333333334,0.2222222222222222,0.625,0.6,1.07025146484375,33,9,7,9,5,32,12,11,10,24,9,8,20,0.7647058823529411,0.7333333333333333,0.5714285714285714,0.6666666666666666,0.8,0.7551020408163265,1.0,0.9411764705882353,0.3888888888888889,0.7352941176470589,0.8125,0.8461538461538461,0.7857142857142857,0.5562846064567566,51,15,14,18,10,49,16,17,18,34,16,13,28
371,0.45454545454545453,0.3333333333333333,0.5714285714285714,0.4444444444444444,0.4,0.4375,0.5,0.8181818181818182,0.0,0.5416666666666666,0.2222222222222222,0.625,0.55,1.0857468843460083,33,9,7,9,5,32,12,11,10,24,9,8,20,0.7843137254901961,0.8,0.7142857142857143,0.7222222222222222,0.8,0.7755102040816326,1.0,0.9411764705882353,0.4444444444444444,0.7941176470588235,0.75,0.8461538461538461,0.7857142857142857,0.5557950735092163,51,15,14,18,10,49,16,17,18,34,16,13,28
372,0.45454545454545453,0.3333333333333333,0.5714285714285714,0.4444444444444444,0.4,0.4375,0.5,0.8181818181818182,0.0,0.5416666666666666,0.2222222222222222,0.625,0.55,1.083264708518982,33,9,7,9,5,32,12,11,10,24,9,8,20,0.7843137254901961,0.7333333333333333,0.6428571428571429,0.7222222222222222,0.8,0.7755102040816326,1.0,1.0,0.3888888888888889,0.7647058823529411,0.8125,0.8461538461538461,0.7857142857142857,0.5537779331207275,51,15,14,18,10,49,16,17,18,34,16,13,28
373,0.48484848484848486,0.4444444444444444,0.5714285714285714,0.5555555555555556,0.6,0.46875,0.5833333333333334,0.8181818181818182,0.0,0.5833333333333334,0.2222222222222222,0.625,0.6,1.0674388408660889,33,9,7,9,5,32,12,11,10,24,9,8,20,0.7843137254901961,0.7333333333333333,0.6428571428571429,0.7222222222222222,0.8,0.7755102040816326,1.0,1.0,0.3888888888888889,0.7647058823529411,0.8125,0.8461538461538461,0.7857142857142857,0.5554422736167908,51,15,14,18,10,49,16,17,18,34,16,13,28
374,0.48484848484848486,0.4444444444444444,0.5714285714285714,0.5555555555555556,0.6,0.46875,0.5833333333333334,0.8181818181818182,0.0,0.5833333333333334,0.2222222222222222,0.625,0.6,1.0816469192504883,33,9,7,9,5,32,12,11,10,24,9,8,20,0.803921568627451,0.8,0.7142857142857143,0.7222222222222222,0.8,0.7959183673469388,1.0,1.0,0.4444444444444444,0.7941176470588235,0.8125,0.8461538461538461,0.7857142857142857,0.5518988370895386,51,15,14,18,10,49,16,17,18,34,16,13,28
375,0.48484848484848486,0.3333333333333333,0.5714285714285714,0.4444444444444444,0.4,0.46875,0.5,0.9090909090909091,0.0,0.5833333333333334,0.2222222222222222,0.75,0.6,1.090836763381958,33,9,7,9,5,32,12,11,10,24,9,8,20,0.7647058823529411,0.7333333333333333,0.7142857142857143,0.7222222222222222,0.7,0.7551020408163265,1.0,0.9411764705882353,0.3888888888888889,0.7647058823529411,0.75,0.8461538461538461,0.7857142857142857,0.5500280857086182,51,15,14,18,10,49,16,17,18,34,16,13,28
376,0.48484848484848486,0.4444444444444444,0.5714285714285714,0.5555555555555556,0.6,0.46875,0.5833333333333334,0.8181818181818182,0.0,0.5833333333333334,0.2222222222222222,0.625,0.6,1.0568464994430542,33,9,7,9,5,32,12,11,10,24,9,8,20,0.7254901960784313,0.6,0.6428571428571429,0.6111111111111112,0.7,0.7142857142857143,1.0,0.9411764705882353,0.2777777777777778,0.6764705882352942,0.8125,0.8461538461538461,0.7142857142857143,0.5523198843002319,51,15,14,18,10,49,16,17,18,34,16,13,28
377,0.48484848484848486,0.3333333333333333,0.5714285714285714,0.4444444444444444,0.4,0.46875,0.5,0.9090909090909091,0.0,0.5833333333333334,0.2222222222222222,0.75,0.6,1.0854572057724,33,9,7,9,5,32,12,11,10,24,9,8,20,0.803921568627451,0.8,0.7142857142857143,0.7222222222222222,0.8,0.7959183673469388,1.0,0.9411764705882353,0.5,0.8235294117647058,0.75,0.9230769230769231,0.8214285714285714,0.5520848035812378,51,15,14,18,10,49,16,17,18,34,16,13,28
378,0.5151515151515151,0.4444444444444444,0.5714285714285714,0.5555555555555556,0.6,0.5,0.5833333333333334,0.9090909090909091,0.0,0.625,0.2222222222222222,0.75,0.65,1.0822571516036987,33,9,7,9,5,32,12,11,10,24,9,8,20,0.7647058823529411,0.6666666666666666,0.6428571428571429,0.7222222222222222,0.7,0.7551020408163265,1.0,0.9411764705882353,0.3888888888888889,0.7647058823529411,0.75,0.9230769230769231,0.8214285714285714,0.552479088306427,51,15,14,18,10,49,16,17,18,34,16,13,28
379,0.48484848484848486,0.4444444444444444,0.5714285714285714,0.5555555555555556,0.6,0.46875,0.5833333333333334,0.8181818181818182,0.0,0.5833333333333334,0.2222222222222222,0.625,0.6,1.0683317184448242,33,9,7,9,5,32,12,11,10,24,9,8,20,0.7647058823529411,0.6666666666666666,0.6428571428571429,0.7222222222222222,0.7,0.7551020408163265,1.0,0.9411764705882353,0.3888888888888889,0.7647058823529411,0.75,0.9230769230769231,0.8214285714285714,0.5506809949874878,51,15,14,18,10,49,16,17,18,34,16,13,28
380,0.5151515151515151,0.4444444444444444,0.5714285714285714,0.5555555555555556,0.6,0.5,0.5833333333333334,0.9090909090909091,0.0,0.625,0.2222222222222222,0.75,0.65,1.072447657585144,33,9,7,9,5,32,12,11,10,24,9,8,20,0.803921568627451,0.7333333333333333,0.7142857142857143,0.7222222222222222,0.8,0.7959183673469388,1.0,1.0,0.4444444444444444,0.7941176470588235,0.8125,0.9230769230769231,0.7857142857142857,0.550597608089447,51,15,14,18,10,49,16,17,18,34,16,13,28
381,0.5151515151515151,0.3333333333333333,0.5714285714285714,0.4444444444444444,0.4,0.5,0.5,1.0,0.0,0.5833333333333334,0.3333333333333333,0.75,0.6,1.0919528007507324,33,9,7,9,5,32,12,11,10,24,9,8,20,0.8235294117647058,0.8,0.7142857142857143,0.7222222222222222,0.8,0.8163265306122449,1.0,1.0,0.5,0.8235294117647058,0.8125,0.9230769230769231,0.8214285714285714,0.5469725131988525,51,15,14,18,10,49,16,17,18,34,16,13,28
382,0.5151515151515151,0.4444444444444444,0.5714285714285714,0.5555555555555556,0.6,0.5,0.5833333333333334,0.9090909090909091,0.0,0.625,0.2222222222222222,0.75,0.65,1.0692068338394165,33,9,7,9,5,32,12,11,10,24,9,8,20,0.7843137254901961,0.7333333333333333,0.6428571428571429,0.7222222222222222,0.8,0.7755102040816326,1.0,1.0,0.3888888888888889,0.7647058823529411,0.8125,0.8461538461538461,0.7857142857142857,0.5486701726913452,51,15,14,18,10,49,16,17,18,34,16,13,28
383,0.48484848484848486,0.4444444444444444,0.5714285714285714,0.5555555555555556,0.6,0.46875,0.5833333333333334,0.8181818181818182,0.0,0.5833333333333334,0.2222222222222222,0.625,0.6,1.0540348291397095,33,9,7,9,5,32,12,11,10,24,9,8,20,0.7647058823529411,0.6666666666666666,0.5714285714285714,0.6666666666666666,0.8,0.7551020408163265,1.0,0.9411764705882353,0.3888888888888889,0.7352941176470589,0.8125,0.9230769230769231,0.7857142857142857,0.5513718128204346,51,15,14,18,10,49,16,17,18,34,16,13,28
384,0.5454545454545454,0.4444444444444444,0.5714285714285714,0.5555555555555556,0.6,0.53125,0.5833333333333334,1.0,0.0,0.625,0.3333333333333333,0.75,0.65,1.0807311534881592,33,9,7,9,5,32,12,11,10,24,9,8,20,0.8235294117647058,0.8,0.7142857142857143,0.7222222222222222,0.8,0.8163265306122449,1.0,1.0,0.5,0.8235294117647058,0.8125,0.9230769230769231,0.8214285714285714,0.5510109066963196,51,15,14,18,10,49,16,17,18,34,16,13,28
385,0.5454545454545454,0.4444444444444444,0.5714285714285714,0.5555555555555556,0.6,0.53125,0.5833333333333334,1.0,0.0,0.625,0.3333333333333333,0.75,0.65,1.0806324481964111,33,9,7,9,5,32,12,11,10,24,9,8,20,0.7843137254901961,0.7333333333333333,0.6428571428571429,0.7222222222222222,0.8,0.7755102040816326,1.0,1.0,0.3888888888888889,0.7647058823529411,0.8125,0.8461538461538461,0.7857142857142857,0.5487254858016968,51,15,14,18,10,49,16,17,18,34,16,13,28
386,0.5151515151515151,0.4444444444444444,0.5714285714285714,0.5555555555555556,0.6,0.5,0.5833333333333334,0.9090909090909091,0.0,0.625,0.2222222222222222,0.75,0.65,1.0519465208053589,33,9,7,9,5,32,12,11,10,24,9,8,20,0.7843137254901961,0.6666666666666666,0.6428571428571429,0.7222222222222222,0.7,0.7755102040816326,1.0,1.0,0.3888888888888889,0.7647058823529411,0.8125,0.9230769230769231,0.8214285714285714,0.5458496809005737,51,15,14,18,10,49,16,17,18,34,16,13,28
387,0.5454545454545454,0.4444444444444444,0.5714285714285714,0.5555555555555556,0.6,0.53125,0.5833333333333334,1.0,0.0,0.625,0.3333333333333333,0.75,0.65,1.0668567419052124,33,9,7,9,5,32,12,11,10,24,9,8,20,0.803921568627451,0.7333333333333333,0.7142857142857143,0.7222222222222222,0.8,0.7959183673469388,1.0,1.0,0.4444444444444444,0.7941176470588235,0.8125,0.9230769230769231,0.7857142857142857,0.5467793941497803,51,15,14,18,10,49,16,17,18,34,16,13,28
388,0.5151515151515151,0.3333333333333333,0.5714285714285714,0.4444444444444444,0.4,0.5,0.5,1.0,0.0,0.5833333333333334,0.3333333333333333,0.75,0.6,1.0997141599655151,33,9,7,9,5,32,12,11,10,24,9,8,20,0.7647058823529411,0.6666666666666666,0.6428571428571429,0.7222222222222222,0.8,0.7551020408163265,1.0,1.0,0.3333333333333333,0.7352941176470589,0.8125,0.8461538461538461,0.75,0.5454601645469666,51,15,14,18,10,49,16,17,18,34,16,13,28
389,0.5454545454545454,0.4444444444444444,0.5714285714285714,0.5555555555555556,0.6,0.53125,0.5833333333333334,1.0,0.0,0.625,0.3333333333333333,0.75,0.65,1.0680590867996216,33,9,7,9,5,32,12,11,10,24,9,8,20,0.7450980392156863,0.6,0.6428571428571429,0.7222222222222222,0.7,0.7346938775510204,1.0,1.0,0.2777777777777778,0.7058823529411765,0.8125,0.8461538461538461,0.75,0.5475370287895203,51,15,14,18,10,49,16,17,18,34,16,13,28
390,0.5757575757575758,0.5555555555555556,0.5714285714285714,0.6666666666666666,0.8,0.5625,0.75,0.9090909090909091,0.0,0.7083333333333334,0.2222222222222222,0.75,0.7,1.0382976531982422,33,9,7,9,5,32,12,11,10,24,9,8,20,0.7647058823529411,0.6666666666666666,0.7142857142857143,0.7222222222222222,0.7,0.7551020408163265,1.0,1.0,0.3333333333333333,0.7352941176470589,0.8125,0.8461538461538461,0.75,0.54655921459198,51,15,14,18,10,49,16,17,18,34,16,13,28
391,0.5454545454545454,0.4444444444444444,0.5714285714285714,0.5555555555555556,0.6,0.53125,0.5833333333333334,1.0,0.0,0.625,0.3333333333333333,0.75,0.65,1.0871655941009521,33,9,7,9,5,32,12,11,10,24,9,8,20,0.8235294117647058,0.8,0.7142857142857143,0.7222222222222222,0.8,0.8163265306122449,1.0,1.0,0.5,0.8235294117647058,0.8125,0.9230769230769231,0.8214285714285714,0.5509124398231506,51,15,14,18,10,49,16,17,18,34,16,13,28
392,0.5151515151515151,0.3333333333333333,0.5714285714285714,0.4444444444444444,0.4,0.5,0.5,1.0,0.0,0.5833333333333334,0.3333333333333333,0.75,0.6,1.0968518257141113,33,9,7,9,5,32,12,11,10,24,9,8,20,0.7843137254901961,0.7333333333333333,0.7142857142857143,0.7222222222222222,0.7,0.7755102040816326,1.0,1.0,0.3888888888888889,0.7647058823529411,0.8125,0.8461538461538461,0.7857142857142857,0.5445771217346191,51,15,14,18,10,49,16,17,18,34,16,13,28
393,0.5757575757575758,0.5555555555555556,0.5714285714285714,0.6666666666666666,0.8,0.5625,0.75,0.9090909090909091,0.0,0.7083333333333334,0.2222222222222222,0.75,0.7,1.0402991771697998,33,9,7,9,5,32,12,11,10,24,9,8,20,0.7647058823529411,0.6666666666666666,0.6428571428571429,0.7222222222222222,0.8,0.7551020408163265,1.0,1.0,0.3333333333333333,0.7352941176470589,0.8125,0.8461538461538461,0.75,0.5461075305938721,51,15,14,18,10,49,16,17,18,34,16,13,28
394,0.5757575757575758,0.5555555555555556,0.5714285714285714,0.6666666666666666,0.6,0.5625,0.6666666666666666,1.0,0.0,0.6666666666666666,0.3333333333333333,0.75,0.65,1.0530860424041748,33,9,7,9,5,32,12,11,10,24,9,8,20,0.8235294117647058,0.8,0.7142857142857143,0.7222222222222222,0.8,0.8163265306122449,1.0,1.0,0.5,0.8235294117647058,0.8125,0.9230769230769231,0.8214285714285714,0.5455352067947388,51,15,14,18,10,49,16,17,18,34,16,13,28
395,0.5151515151515151,0.3333333333333333,0.5714285714285714,0.4444444444444444,0.4,0.5,0.5,1.0,0.0,0.5833333333333334,0.3333333333333333,0.75,0.6,1.0968875885009766,33,9,7,9,5,32,12,11,10,24,9,8,20,0.803921568627451,0.8,0.7142857142857143,0.7222222222222222,0.8,0.7959183673469388,1.0,1.0,0.4444444444444444,0.7941176470588235,0.8125,0.8461538461538461,0.7857142857142857,0.5454309582710266,51,15,14,18,10,49,16,17,18,34,16,13,28
396,0.5454545454545454,0.4444444444444444,0.5714285714285714,0.5555555555555556,0.6,0.53125,0.5833333333333334,1.0,0.0,0.625,0.3333333333333333,0.75,0.65,1.079698920249939,33,9,7,9,5,32,12,11,10,24,9,8,20,0.7450980392156863,0.6,0.6428571428571429,0.7222222222222222,0.7,0.7346938775510204,1.0,1.0,0.2777777777777778,0.7058823529411765,0.8125,0.8461538461538461,0.75,0.544881284236908,51,15,14,18,10,49,16,17,18,34,16,13,28
397,0.5757575757575758,0.5555555555555556,0.5714285714285714,0.6666666666666666,0.6,0.5625,0.6666666666666666,1.0,0.0,0.6666666666666666,0.3333333333333333,0.75,0.65,1.0438697338104248,33,9,7,9,5,32,12,11,10,24,9,8,20,0.7843137254901961,0.7333333333333333,0.7142857142857143,0.6666666666666666,0.8,0.7755102040816326,1.0,1.0,0.3888888888888889,0.7647058823529411,0.8125,0.8461538461538461,0.75,0.5466532707214355,51,15,14,18,10,49,16,17,18,34,16,13,28
398,0.5454545454545454,0.4444444444444444,0.5714285714285714,0.5555555555555556,0.6,0.53125,0.5833333333333334,1.0,0.0,0.625,0.3333333333333333,0.75,0.65,1.07034170627594,33,9,7,9,5,32,12,11,10,24,9,8,20,0.8235294117647058,0.8,0.7142857142857143,0.7222222222222222,0.8,0.8163265306122449,1.0,1.0,0.5,0.8235294117647058,0.8125,0.9230769230769231,0.8214285714285714,0.5444746017456055,51,15,14,18,10,49,16,17,18,34,16,13,28
399,0.5151515151515151,0.3333333333333333,0.5714285714285714,0.4444444444444444,0.4,0.5,0.5,1.0,0.0,0.5833333333333334,0.3333333333333333,0.75,0.6,1.1062902212142944,33,9,7,9,5,32,12,11,10,24,9,8,20,0.803921568627451,0.7333333333333333,0.6428571428571429,0.7222222222222222,0.8,0.7959183673469388,1.0,1.0,0.4444444444444444,0.7941176470588235,0.8125,0.9230769230769231,0.8214285714285714,0.5415018200874329,51,15,14,18,10,49,16,17,18,34,16,13,28
400,0.5757575757575758,0.5555555555555556,0.5714285714285714,0.6666666666666666,0.6,0.5625,0.6666666666666666,1.0,0.0,0.6666666666666666,0.3333333333333333,0.75,0.65,1.0669975280761719,33,9,7,9,5,32,12,11,10,24,9,8,20,0.7647058823529411,0.6666666666666666,0.6428571428571429,0.7222222222222222,0.7,0.7551020408163265,1.0,1.0,0.3333333333333333,0.7352941176470589,0.8125,0.8461538461538461,0.7857142857142857,0.5463239550590515,51,15,14,18,10,49,16,17,18,34,16,13,28
401,0.5757575757575758,0.5555555555555556,0.5714285714285714,0.6666666666666666,0.6,0.5625,0.6666666666666666,1.0,0.0,0.6666666666666666,0.3333333333333333,0.75,0.65,1.046380877494812,33,9,7,9,5,32,12,11,10,24,9,8,20,0.7647058823529411,0.6666666666666666,0.7142857142857143,0.7222222222222222,0.7,0.7551020408163265,1.0,1.0,0.3333333333333333,0.7352941176470589,0.8125,0.8461538461538461,0.75,0.544136106967926,51,15,14,18,10,49,16,17,18,34,16,13,28
402,0.5454545454545454,0.4444444444444444,0.5714285714285714,0.5555555555555556,0.6,0.53125,0.5833333333333334,1.0,0.0,0.625,0.3333333333333333,0.75,0.65,1.0807514190673828,33,9,7,9,5,32,12,11,10,24,9,8,20,0.8235294117647058,0.8,0.7142857142857143,0.7222222222222222,0.8,0.8163265306122449,1.0,1.0,0.5,0.8235294117647058,0.8125,0.9230769230769231,0.8214285714285714,0.5374056696891785,51,15,14,18,10,49,16,17,18,34,16,13,28
403,0.5151515151515151,0.3333333333333333,0.5714285714285714,0.4444444444444444,0.4,0.5,0.5,1.0,0.0,0.5833333333333334,0.3333333333333333,0.75,0.6,1.0954904556274414,33,9,7,9,5,32,12,11,10,24,9,8,20,0.7843137254901961,0.7333333333333333,0.6428571428571429,0.7222222222222222,0.8,0.7755102040816326,1.0,1.0,0.3888888888888889,0.7647058823529411,0.8125,0.8461538461538461,0.7857142857142857,0.5399349927902222,51,15,14,18,10,49,16,17,18,34,16,13,28
404,0.5757575757575758,0.5555555555555556,0.5714285714285714,0.6666666666666666,0.6,0.5625,0.6666666666666666,1.0,0.0,0.6666666666666666,0.3333333333333333,0.75,0.65,1.0605077743530273,33,9,7,9,5,32,12,11,10,24,9,8,20,0.7647058823529411,0.6666666666666666,0.6428571428571429,0.7222222222222222,0.8,0.7551020408163265,1.0,1.0,0.3333333333333333,0.7352941176470589,0.8125,0.8461538461538461,0.75,0.5410506129264832,51,15,14,18,10,49,16,17,18,34,16,13,28
405,0.5757575757575758,0.5555555555555556,0.5714285714285714,0.6666666666666666,0.6,0.5625,0.6666666666666666,1.0,0.0,0.6666666666666666,0.3333333333333333,0.75,0.65,1.0656511783599854,33,9,7,9,5,32,12,11,10,24,9,8,20,0.7843137254901961,0.7333333333333333,0.7142857142857143,0.7222222222222222,0.8,0.7755102040816326,1.0,1.0,0.3888888888888889,0.7647058823529411,0.8125,0.8461538461538461,0.75,0.5389404296875,51,15,14,18,10,49,16,17,18,34,16,13,28
406,0.5151515151515151,0.3333333333333333,0.5714285714285714,0.4444444444444444,0.4,0.5,0.5,1.0,0.0,0.5833333333333334,0.3333333333333333,0.75,0.6,1.101190209388733,33,9,7,9,5,32,12,11,10,24,9,8,20,0.7843137254901961,0.7333333333333333,0.7142857142857143,0.7222222222222222,0.7,0.7755102040816326,1.0,1.0,0.3888888888888889,0.7647058823529411,0.8125,0.8461538461538461,0.7857142857142857,0.5378221869468689,51,15,14,18,10,49,16,17,18,34,16,13,28
407,0.5454545454545454,0.4444444444444444,0.5714285714285714,0.5555555555555556,0.6,0.53125,0.5833333333333334,1.0,0.0,0.625,0.3333333333333333,0.75,0.65,1.077767252922058,33,9,7,9,5,32,12,11,10,24,9,8,20,0.7647058823529411,0.6666666666666666,0.7142857142857143,0.7222222222222222,0.7,0.7551020408163265,1.0,1.0,0.3333333333333333,0.7352941176470589,0.8125,0.8461538461538461,0.75,0.5405471920967102,51,15,14,18,10,49,16,17,18,34,16,13,28
408,0.5757575757575758,0.5555555555555556,0.5714285714285714,0.6666666666666666,0.6,0.5625,0.6666666666666666,1.0,0.0,0.6666666666666666,0.3333333333333333,0.75,0.65,1.0531020164489746,33,9,7,9,5,32,12,11,10,24,9,8,20,0.7843137254901961,0.7333333333333333,0.7142857142857143,0.7222222222222222,0.8,0.7755102040816326,1.0,1.0,0.3888888888888889,0.7647058823529411,0.8125,0.8461538461538461,0.75,0.5366431474685669,51,15,14,18,10,49,16,17,18,34,16,13,28
409,0.5454545454545454,0.4444444444444444,0.5714285714285714,0.5555555555555556,0.6,0.53125,0.5833333333333334,1.0,0.0,0.625,0.3333333333333333,0.75,0.65,1.0824543237686157,33,9,7,9,5,32,12,11,10,24,9,8,20,0.803921568627451,0.7333333333333333,0.7142857142857143,0.7222222222222222,0.7,0.7959183673469388,1.0,1.0,0.4444444444444444,0.7941176470588235,0.8125,0.9230769230769231,0.8214285714285714,0.5391150116920471,51,15,14,18,10,49,16,17,18,34,16,13,28
410,0.5454545454545454,0.4444444444444444,0.5714285714285714,0.5555555555555556,0.6,0.53125,0.5833333333333334,1.0,0.0,0.625,0.3333333333333333,0.75,0.65,1.0881195068359375,33,9,7,9,5,32,12,11,10,24,9,8,20,0.7450980392156863,0.6,0.6428571428571429,0.7222222222222222,0.7,0.7346938775510204,1.0,1.0,0.2777777777777778,0.7058823529411765,0.8125,0.8461538461538461,0.75,0.536283016204834,51,15,14,18,10,49,16,17,18,34,16,13,28
411,0.5757575757575758,0.5555555555555556,0.5714285714285714,0.6666666666666666,0.6,0.5625,0.6666666666666666,1.0,0.0,0.6666666666666666,0.3333333333333333,0.75,0.65,1.0669987201690674,33,9,7,9,5,32,12,11,10,24,9,8,20,0.7843137254901961,0.7333333333333333,0.7142857142857143,0.7222222222222222,0.7,0.7755102040816326,1.0,1.0,0.3888888888888889,0.7647058823529411,0.8125,0.8461538461538461,0.7857142857142857,0.5380905866622925,51,15,14,18,10,49,16,17,18,34,16,13,28
412,0.5757575757575758,0.5555555555555556,0.5714285714285714,0.6666666666666666,0.6,0.5625,0.6666666666666666,1.0,0.0,0.6666666666666666,0.3333333333333333,0.75,0.65,1.0570069551467896,33,9,7,9,5,32,12,11,10,24,9,8,20,0.7843137254901961,0.6666666666666666,0.7142857142857143,0.7222222222222222,0.7,0.7755102040816326,1.0,1.0,0.3888888888888889,0.7647058823529411,0.8125,0.9230769230769231,0.7857142857142857,0.535868763923645,51,15,14,18,10,49,16,17,18,34,16,13,28
413,0.5757575757575758,0.5555555555555556,0.5714285714285714,0.6666666666666666,0.6,0.5625,0.6666666666666666,1.0,0.0,0.6666666666666666,0.3333333333333333,0.75,0.65,1.0762815475463867,33,9,7,9,5,32,12,11,10,24,9,8,20,0.7843137254901961,0.7333333333333333,0.7142857142857143,0.7222222222222222,0.7,0.7755102040816326,1.0,1.0,0.3888888888888889,0.7647058823529411,0.8125,0.8461538461538461,0.7857142857142857,0.5394577980041504,51,15,14,18,10,49,16,17,18,34,16,13,28
414,0.5757575757575758,0.5555555555555556,0.5714285714285714,0.6666666666666666,0.6,0.5625,0.6666666666666666,1.0,0.0,0.6666666666666666,0.3333333333333333,0.75,0.65,1.079382061958313,33,9,7,9,5,32,12,11,10,24,9,8,20,0.7450980392156863,0.6,0.6428571428571429,0.7222222222222222,0.7,0.7346938775510204,1.0,1.0,0.2777777777777778,0.7058823529411765,0.8125,0.8461538461538461,0.75,0.5367913842201233,51,15,14,18,10,49,16,17,18,34,16,13,28
415,0.5757575757575758,0.5555555555555556,0.5714285714285714,0.6666666666666666,0.6,0.5625,0.6666666666666666,1.0,0.0,0.6666666666666666,0.3333333333333333,0.75,0.65,1.0560253858566284,33,9,7,9,5,32,12,11,10,24,9,8,20,0.7647058823529411,0.6666666666666666,0.7142857142857143,0.7222222222222222,0.7,0.7551020408163265,1.0,1.0,0.3333333333333333,0.7352941176470589,0.8125,0.8461538461538461,0.75,0.535262405872345,51,15,14,18,10,49,16,17,18,34,16,13,28
416,0.5757575757575758,0.5555555555555556,0.5714285714285714,0.6666666666666666,0.6,0.5625,0.6666666666666666,1.0,0.0,0.6666666666666666,0.3333333333333333,0.75,0.65,1.0667917728424072,33,9,7,9,5,32,12,11,10,24,9,8,20,0.7647058823529411,0.6666666666666666,0.7142857142857143,0.7222222222222222,0.7,0.7551020408163265,1.0,1.0,0.3333333333333333,0.7352941176470589,0.8125,0.8461538461538461,0.75,0.532758355140686,51,15,14,18,10,49,16,17,18,34,16,13,28
417,0.5757575757575758,0.5555555555555556,0.5714285714285714,0.6666666666666666,0.6,0.5625,0.6666666666666666,1.0,0.0,0.6666666666666666,0.3333333333333333,0.75,0.65,1.0762194395065308,33,9,7,9,5,32,12,11,10,24,9,8,20,0.7843137254901961,0.7333333333333333,0.7142857142857143,0.7222222222222222,0.7,0.7755102040816326,1.0,1.0,0.3888888888888889,0.7647058823529411,0.8125,0.8461538461538461,0.7857142857142857,0.5320250988006592,51,15,14,18,10,49,16,17,18,34,16,13,28
418,0.5757575757575758,0.5555555555555556,0.5714285714285714,0.6666666666666666,0.6,0.5625,0.6666666666666666,1.0,0.0,0.6666666666666666,0.3333333333333333,0.75,0.65,1.060126781463623,33,9,7,9,5,32,12,11,10,24,9,8,20,0.7450980392156863,0.6,0.6428571428571429,0.7222222222222222,0.7,0.7346938775510204,1.0,1.0,0.2777777777777778,0.7058823529411765,0.8125,0.8461538461538461,0.75,0.5307698845863342,51,15,14,18,10,49,16,17,18,34,16,13,28
419,0.5757575757575758,0.5555555555555556,0.5714285714285714,0.6666666666666666,0.6,0.5625,0.6666666666666666,1.0,0.0,0.6666666666666666,0.3333333333333333,0.75,0.65,1.0572513341903687,33,9,7,9,5,32,12,11,10,24,9,8,20,0.7843137254901961,0.7333333333333333,0.7142857142857143,0.7222222222222222,0.7,0.7755102040816326,1.0,1.0,0.3888888888888889,0.7647058823529411,0.8125,0.8461538461538461,0.7857142857142857,0.5322394371032715,51,15,14,18,10,49,16,17,18,34,16,13,28
420,0.5757575757575758,0.5555555555555556,0.5714285714285714,0.6666666666666666,0.6,0.5625,0.6666666666666666,1.0,0.0,0.6666666666666666,0.3333333333333333,0.75,0.65,1.0670764446258545,33,9,7,9,5,32,12,11,10,24,9,8,20,0.7843137254901961,0.7333333333333333,0.7142857142857143,0.7222222222222222,0.7,0.7755102040816326,1.0,1.0,0.3888888888888889,0.7647058823529411,0.8125,0.8461538461538461,0.7857142857142857,0.5307055115699768,51,15,14,18,10,49,16,17,18,34,16,13,28
421,0.5757575757575758,0.5555555555555556,0.5714285714285714,0.6666666666666666,0.6,0.5625,0.6666666666666666,1.0,0.0,0.6666666666666666,0.3333333333333333,0.75,0.65,1.0731532573699951,33,9,7,9,5,32,12,11,10,24,9,8,20,0.803921568627451,0.8,0.7142857142857143,0.7222222222222222,0.8,0.7959183673469388,1.0,1.0,0.4444444444444444,0.7941176470588235,0.8125,0.8461538461538461,0.7857142857142857,0.5316726565361023,51,15,14,18,10,49,16,17,18,34,16,13,28
422,0.5757575757575758,0.5555555555555556,0.5714285714285714,0.6666666666666666,0.6,0.5625,0.6666666666666666,1.0,0.0,0.6666666666666666,0.3333333333333333,0.75,0.65,1.0497177839279175,33,9,7,9,5,32,12,11,10,24,9,8,20,0.7647058823529411,0.6666666666666666,0.7142857142857143,0.7222222222222222,0.7,0.7551020408163265,1.0,1.0,0.3333333333333333,0.7352941176470589,0.8125,0.8461538461538461,0.75,0.5316303968429565,51,15,14,18,10,49,16,17,18,34,16,13,28
423,0.5757575757575758,0.5555555555555556,0.5714285714285714,0.6666666666666666,0.6,0.5625,0.6666666666666666,1.0,0.0,0.6666666666666666,0.3333333333333333,0.75,0.65,1.0604548454284668,33,9,7,9,5,32,12,11,10,24,9,8,20,0.7843137254901961,0.7333333333333333,0.7142857142857143,0.7222222222222222,0.7,0.7755102040816326,1.0,1.0,0.3888888888888889,0.7647058823529411,0.8125,0.8461538461538461,0.7857142857142857,0.530257523059845,51,15,14,18,10,49,16,17,18,34,16,13,28
424,0.5757575757575758,0.5555555555555556,0.5714285714285714,0.6666666666666666,0.6,0.5625,0.6666666666666666,1.0,0.0,0.6666666666666666,0.3333333333333333,0.75,0.65,1.0715948343276978,33,9,7,9,5,32,12,11,10,24,9,8,20,0.7647058823529411,0.6666666666666666,0.7142857142857143,0.7222222222222222,0.7,0.7551020408163265,1.0,1.0,0.3333333333333333,0.7352941176470589,0.8125,0.8461538461538461,0.75,0.5301752686500549,51,15,14,18,10,49,16,17,18,34,16,13,28
425,0.5757575757575758,0.5555555555555556,0.5714285714285714,0.6666666666666666,0.6,0.5625,0.6666666666666666,1.0,0.0,0.6666666666666666,0.3333333333333333,0.75,0.65,1.0653997659683228,33,9,7,9,5,32,12,11,10,24,9,8,20,0.7647058823529411,0.6666666666666666,0.6428571428571429,0.7222222222222222,0.7,0.7551020408163265,1.0,1.0,0.3333333333333333,0.7352941176470589,0.8125,0.8461538461538461,0.7857142857142857,0.5304639935493469,51,15,14,18,10,49,16,17,18,34,16,13,28
426,0.5757575757575758,0.5555555555555556,0.5714285714285714,0.6666666666666666,0.6,0.5625,0.6666666666666666,1.0,0.0,0.6666666666666666,0.3333333333333333,0.75,0.65,1.0612975358963013,33,9,7,9,5,32,12,11,10,24,9,8,20,0.7843137254901961,0.7333333333333333,0.7142857142857143,0.7222222222222222,0.7,0.7755102040816326,1.0,1.0,0.3888888888888889,0.7647058823529411,0.8125,0.8461538461538461,0.7857142857142857,0.5279189944267273,51,15,14,18,10,49,16,17,18,34,16,13,28
427,0.5757575757575758,0.5555555555555556,0.5714285714285714,0.6666666666666666,0.6,0.5625,0.6666666666666666,1.0,0.0,0.6666666666666666,0.3333333333333333,0.75,0.65,1.0696855783462524,33,9,7,9,5,32,12,11,10,24,9,8,20,0.7843137254901961,0.7333333333333333,0.7142857142857143,0.7222222222222222,0.7,0.7755102040816326,1.0,1.0,0.3888888888888889,0.7647058823529411,0.8125,0.8461538461538461,0.7857142857142857,0.525743842124939,51,15,14,18,10,49,16,17,18,34,16,13,28
428,0.5757575757575758,0.5555555555555556,0.5714285714285714,0.6666666666666666,0.6,0.5625,0.6666666666666666,1.0,0.0,0.6666666666666666,0.3333333333333333,0.75,0.65,1.0741515159606934,33,9,7,9,5,32,12,11,10,24,9,8,20,0.7647058823529411,0.6666666666666666,0.6428571428571429,0.7222222222222222,0.7,0.7551020408163265,1.0,1.0,0.3333333333333333,0.7352941176470589,0.8125,0.8461538461538461,0.7857142857142857,0.5250377058982849,51,15,14,18,10,49,16,17,18,34,16,13,28
429,0.5757575757575758,0.5555555555555556,0.5714285714285714,0.6666666666666666,0.6,0.5625,0.6666666666666666,1.0,0.0,0.6666666666666666,0.3333333333333333,0.75,0.65,1.0601868629455566,33,9,7,9,5,32,12,11,10,24,9,8,20,0.7647058823529411,0.6666666666666666,0.7142857142857143,0.7222222222222222,0.7,0.7551020408163265,1.0,1.0,0.3333333333333333,0.7352941176470589,0.8125,0.8461538461538461,0.75,0.5271618366241455,51,15,14,18,10,49,16,17,18,34,16,13,28
430,0.5757575757575758,0.5555555555555556,0.5714285714285714,0.6666666666666666,0.6,0.5625,0.6666666666666666,1.0,0.0,0.6666666666666666,0.3333333333333333,0.75,0.65,1.0568585395812988,33,9,7,9,5,32,12,11,10,24,9,8,20,0.7647058823529411,0.6666666666666666,0.7142857142857143,0.7222222222222222,0.7,0.7551020408163265,1.0,1.0,0.3333333333333333,0.7352941176470589,0.8125,0.8461538461538461,0.75,0.526538610458374,51,15,14,18,10,49,16,17,18,34,16,13,28
431,0.5757575757575758,0.5555555555555556,0.5714285714285714,0.6666666666666666,0.6,0.5625,0.6666666666666666,1.0,0.0,0.6666666666666666,0.3333333333333333,0.75,0.65,1.0679551362991333,33,9,7,9,5,32,12,11,10,24,9,8,20,0.7843137254901961,0.7333333333333333,0.7142857142857143,0.7222222222222222,0.7,0.7755102040816326,1.0,1.0,0.3888888888888889,0.7647058823529411,0.8125,0.8461538461538461,0.7857142857142857,0.5253485441207886,51,15,14,18,10,49,16,17,18,34,16,13,28
432,0.5757575757575758,0.5555555555555556,0.5714285714285714,0.6666666666666666,0.6,0.5625,0.6666666666666666,1.0,0.0,0.6666666666666666,0.3333333333333333,0.75,0.65,1.0553221702575684,33,9,7,9,5,32,12,11,10,24,9,8,20,0.7843137254901961,0.7333333333333333,0.7857142857142857,0.7777777777777778,0.7,0.7755102040816326,1.0,1.0,0.3888888888888889,0.7647058823529411,0.8125,0.8461538461538461,0.7857142857142857,0.5220174789428711,51,15,14,18,10,49,16,17,18,34,16,13,28
433,0.5757575757575758,0.5555555555555556,0.5714285714285714,0.6666666666666666,0.6,0.5625,0.6666666666666666,1.0,0.0,0.6666666666666666,0.3333333333333333,0.75,0.65,1.0640678405761719,33,9,7,9,5,32,12,11,10,24,9,8,20,0.7843137254901961,0.7333333333333333,0.7142857142857143,0.7222222222222222,0.7,0.7755102040816326,1.0,1.0,0.3888888888888889,0.7647058823529411,0.8125,0.8461538461538461,0.7857142857142857,0.5215293169021606,51,15,14,18,10,49,16,17,18,34,16,13,28
434,0.5757575757575758,0.5555555555555556,0.5714285714285714,0.6666666666666666,0.6,0.5625,0.6666666666666666,1.0,0.0,0.6666666666666666,0.3333333333333333,0.75,0.65,1.07087242603302,33,9,7,9,5,32,12,11,10,24,9,8,20,0.7843137254901961,0.7333333333333333,0.7142857142857143,0.7222222222222222,0.7,0.7755102040816326,1.0,1.0,0.3888888888888889,0.7647058823529411,0.8125,0.8461538461538461,0.7857142857142857,0.5244837999343872,51,15,14,18,10,49,16,17,18,34,16,13,28
435,0.5757575757575758,0.5555555555555556,0.5714285714285714,0.6666666666666666,0.6,0.5625,0.6666666666666666,1.0,0.0,0.6666666666666666,0.3333333333333333,0.75,0.65,1.0459898710250854,33,9,7,9,5,32,12,11,10,24,9,8,20,0.7647058823529411,0.6666666666666666,0.6428571428571429,0.7222222222222222,0.7,0.7551020408163265,1.0,1.0,0.3333333333333333,0.7352941176470589,0.8125,0.8461538461538461,0.7857142857142857,0.5220211744308472,51,15,14,18,10,49,16,17,18,34,16,13,28
436,0.5757575757575758,0.5555555555555556,0.5714285714285714,0.6666666666666666,0.6,0.5625,0.6666666666666666,1.0,0.0,0.6666666666666666,0.3333333333333333,0.75,0.65,1.0704916715621948,33,9,7,9,5,32,12,11,10,24,9,8,20,0.803921568627451,0.8,0.7857142857142857,0.7777777777777778,0.7,0.7959183673469388,1.0,1.0,0.4444444444444444,0.7941176470588235,0.8125,0.8461538461538461,0.8214285714285714,0.5219987034797668,51,15,14,18,10,49,16,17,18,34,16,13,28
437,0.5757575757575758,0.5555555555555556,0.5714285714285714,0.6666666666666666,0.6,0.5625,0.6666666666666666,1.0,0.0,0.6666666666666666,0.3333333333333333,0.75,0.65,1.0547842979431152,33,9,7,9,5,32,12,11,10,24,9,8,20,0.7843137254901961,0.7333333333333333,0.7142857142857143,0.7222222222222222,0.7,0.7755102040816326,1.0,1.0,0.3888888888888889,0.7647058823529411,0.8125,0.8461538461538461,0.7857142857142857,0.522790253162384,51,15,14,18,10,49,16,17,18,34,16,13,28
438,0.5757575757575758,0.5555555555555556,0.5714285714285714,0.6666666666666666,0.6,0.5625,0.6666666666666666,1.0,0.0,0.6666666666666666,0.3333333333333333,0.75,0.65,1.057916283607483,33,9,7,9,5,32,12,11,10,24,9,8,20,0.7843137254901961,0.7333333333333333,0.7142857142857143,0.7222222222222222,0.7,0.7755102040816326,1.0,1.0,0.3888888888888889,0.7647058823529411,0.8125,0.8461538461538461,0.7857142857142857,0.5222643613815308,51,15,14,18,10,49,16,17,18,34,16,13,28
439,0.5757575757575758,0.5555555555555556,0.5714285714285714,0.6666666666666666,0.6,0.5625,0.6666666666666666,1.0,0.0,0.6666666666666666,0.3333333333333333,0.75,0.65,1.068951964378357,33,9,7,9,5,32,12,11,10,24,9,8,20,0.7843137254901961,0.7333333333333333,0.7142857142857143,0.7222222222222222,0.7,0.7755102040816326,1.0,1.0,0.3888888888888889,0.7647058823529411,0.8125,0.8461538461538461,0.7857142857142857,0.5215981602668762,51,15,14,18,10,49,16,17,18,34,16,13,28
440,0.5757575757575758,0.5555555555555556,0.5714285714285714,0.6666666666666666,0.6,0.5625,0.6666666666666666,1.0,0.0,0.6666666666666666,0.3333333333333333,0.75,0.65,1.0538089275360107,33,9,7,9,5,32,12,11,10,24,9,8,20,0.7647058823529411,0.6666666666666666,0.6428571428571429,0.7222222222222222,0.7,0.7551020408163265,1.0,1.0,0.3333333333333333,0.7352941176470589,0.8125,0.8461538461538461,0.7857142857142857,0.5160823464393616,51,15,14,18,10,49,16,17,18,34,16,13,28
441,0.5757575757575758,0.5555555555555556,0.5714285714285714,0.6666666666666666,0.6,0.5625,0.6666666666666666,1.0,0.0,0.6666666666666666,0.3333333333333333,0.75,0.65,1.0661938190460205,33,9,7,9,5,32,12,11,10,24,9,8,20,0.7647058823529411,0.6666666666666666,0.7142857142857143,0.7222222222222222,0.7,0.7551020408163265,1.0,1.0,0.3333333333333333,0.7352941176470589,0.8125,0.8461538461538461,0.75,0.5212502479553223,51,15,14,18,10,49,16,17,18,34,16,13,28
442,0.5757575757575758,0.5555555555555556,0.5714285714285714,0.6666666666666666,0.6,0.5625,0.6666666666666666,1.0,0.0,0.6666666666666666,0.3333333333333333,0.75,0.65,1.0620460510253906,33,9,7,9,5,32,12,11,10,24,9,8,20,0.7843137254901961,0.7333333333333333,0.7142857142857143,0.7222222222222222,0.7,0.7755102040816326,1.0,1.0,0.3888888888888889,0.7647058823529411,0.8125,0.8461538461538461,0.7857142857142857,0.516717255115509,51,15,14,18,10,49,16,17,18,34,16,13,28
443,0.5757575757575758,0.5555555555555556,0.5714285714285714,0.6666666666666666,0.6,0.5625,0.6666666666666666,1.0,0.0,0.6666666666666666,0.3333333333333333,0.75,0.65,1.042516827583313,33,9,7,9,5,32,12,11,10,24,9,8,20,0.7843137254901961,0.7333333333333333,0.7142857142857143,0.7222222222222222,0.7,0.7755102040816326,1.0,1.0,0.3888888888888889,0.7647058823529411,0.8125,0.8461538461538461,0.7857142857142857,0.5149557590484619,51,15,14,18,10,49,16,17,18,34,16,13,28
444,0.5757575757575758,0.5555555555555556,0.5714285714285714,0.6666666666666666,0.6,0.5625,0.6666666666666666,1.0,0.0,0.6666666666666666,0.3333333333333333,0.75,0.65,1.064609169960022,33,9,7,9,5,32,12,11,10,24,9,8,20,0.7843137254901961,0.7333333333333333,0.7857142857142857,0.7777777777777778,0.7,0.7755102040816326,1.0,1.0,0.3888888888888889,0.7647058823529411,0.8125,0.8461538461538461,0.7857142857142857,0.5170102715492249,51,15,14,18,10,49,16,17,18,34,16,13,28
445,0.5757575757575758,0.5555555555555556,0.5714285714285714,0.6666666666666666,0.6,0.5625,0.6666666666666666,1.0,0.0,0.6666666666666666,0.3333333333333333,0.75,0.65,1.0529093742370605,33,9,7,9,5,32,12,11,10,24,9,8,20,0.7647058823529411,0.6666666666666666,0.7142857142857143,0.7222222222222222,0.7,0.7551020408163265,1.0,1.0,0.3333333333333333,0.7352941176470589,0.8125,0.8461538461538461,0.75,0.5162709355354309,51,15,14,18,10,49,16,17,18,34,16,13,28
446,0.5757575757575758,0.5555555555555556,0.5714285714285714,0.6666666666666666,0.6,0.5625,0.6666666666666666,1.0,0.0,0.6666666666666666,0.3333333333333333,0.75,0.65,1.045681118965149,33,9,7,9,5,32,12,11,10,24,9,8,20,0.7450980392156863,0.6,0.6428571428571429,0.7222222222222222,0.7,0.7346938775510204,1.0,1.0,0.2777777777777778,0.7058823529411765,0.8125,0.8461538461538461,0.75,0.5163959264755249,51,15,14,18,10,49,16,17,18,34,16,13,28
447,0.5757575757575758,0.5555555555555556,0.5714285714285714,0.6666666666666666,0.6,0.5625,0.6666666666666666,1.0,0.0,0.6666666666666666,0.3333333333333333,0.75,0.65,1.0611536502838135,33,9,7,9,5,32,12,11,10,24,9,8,20,0.7843137254901961,0.7333333333333333,0.7857142857142857,0.7777777777777778,0.7,0.7755102040816326,1.0,1.0,0.3888888888888889,0.7647058823529411,0.8125,0.8461538461538461,0.7857142857142857,0.5170995593070984,51,15,14,18,10,49,16,17,18,34,16,13,28
448,0.5757575757575758,0.5555555555555556,0.5714285714285714,0.6666666666666666,0.6,0.5625,0.6666666666666666,1.0,0.0,0.6666666666666666,0.3333333333333333,0.75,0.65,1.0417660474777222,33,9,7,9,5,32,12,11,10,24,9,8,20,0.7843137254901961,0.7333333333333333,0.7857142857142857,0.7777777777777778,0.7,0.7755102040816326,1.0,1.0,0.3888888888888889,0.7647058823529411,0.8125,0.8461538461538461,0.7857142857142857,0.5142549872398376,51,15,14,18,10,49,16,17,18,34,16,13,28
449,0.5757575757575758,0.5555555555555556,0.5714285714285714,0.6666666666666666,0.6,0.5625,0.6666666666666666,1.0,0.0,0.6666666666666666,0.3333333333333333,0.75,0.65,1.0479638576507568,33,9,7,9,5,32,12,11,10,24,9,8,20,0.803921568627451,0.8,0.7857142857142857,0.7777777777777778,0.7,0.7959183673469388,1.0,1.0,0.4444444444444444,0.7941176470588235,0.8125,0.8461538461538461,0.8214285714285714,0.5143575072288513,51,15,14,18,10,49,16,17,18,34,16,13,28
450,0.5757575757575758,0.5555555555555556,0.5714285714285714,0.6666666666666666,0.6,0.5625,0.6666666666666666,1.0,0.0,0.6666666666666666,0.3333333333333333,0.75,0.65,1.0503712892532349,33,9,7,9,5,32,12,11,10,24,9,8,20,0.7843137254901961,0.7333333333333333,0.7142857142857143,0.7222222222222222,0.7,0.7755102040816326,1.0,1.0,0.3888888888888889,0.7647058823529411,0.8125,0.8461538461538461,0.7857142857142857,0.5126941204071045,51,15,14,18,10,49,16,17,18,34,16,13,28
451,0.5757575757575758,0.5555555555555556,0.5714285714285714,0.6666666666666666,0.6,0.5625,0.6666666666666666,1.0,0.0,0.6666666666666666,0.3333333333333333,0.75,0.65,1.066901445388794,33,9,7,9,5,32,12,11,10,24,9,8,20,0.7843137254901961,0.7333333333333333,0.7142857142857143,0.7222222222222222,0.7,0.7755102040816326,1.0,1.0,0.3888888888888889,0.7647058823529411,0.8125,0.8461538461538461,0.7857142857142857,0.5139045119285583,51,15,14,18,10,49,16,17,18,34,16,13,28
452,0.5757575757575758,0.5555555555555556,0.5714285714285714,0.6666666666666666,0.6,0.5625,0.6666666666666666,1.0,0.0,0.6666666666666666,0.3333333333333333,0.75,0.65,1.040920376777649,33,9,7,9,5,32,12,11,10,24,9,8,20,0.7843137254901961,0.7333333333333333,0.7857142857142857,0.7777777777777778,0.7,0.7755102040816326,1.0,1.0,0.3888888888888889,0.7647058823529411,0.8125,0.8461538461538461,0.7857142857142857,0.5085177421569824,51,15,14,18,10,49,16,17,18,34,16,13,28
453,0.5757575757575758,0.5555555555555556,0.5714285714285714,0.6666666666666666,0.6,0.5625,0.6666666666666666,1.0,0.0,0.6666666666666666,0.3333333333333333,0.75,0.65,1.038154125213623,33,9,7,9,5,32,12,11,10,24,9,8,20,0.803921568627451,0.8,0.7857142857142857,0.7777777777777778,0.7,0.7959183673469388,1.0,1.0,0.4444444444444444,0.7941176470588235,0.8125,0.8461538461538461,0.8214285714285714,0.5144093632698059,51,15,14,18,10,49,16,17,18,34,16,13,28
454,0.5757575757575758,0.5555555555555556,0.5714285714285714,0.6666666666666666,0.6,0.5625,0.6666666666666666,1.0,0.0,0.6666666666666666,0.3333333333333333,0.75,0.65,1.0878385305404663,33,9,7,9,5,32,12,11,10,24,9,8,20,0.7843137254901961,0.7333333333333333,0.7142857142857143,0.7222222222222222,0.7,0.7755102040816326,1.0,1.0,0.3888888888888889,0.7647058823529411,0.8125,0.8461538461538461,0.7857142857142857,0.510068416595459,51,15,14,18,10,49,16,17,18,34,16,13,28
455,0.5757575757575758,0.5555555555555556,0.5714285714285714,0.6666666666666666,0.6,0.5625,0.6666666666666666,1.0,0.0,0.6666666666666666,0.3333333333333333,0.75,0.65,1.0377979278564453,33,9,7,9,5,32,12,11,10,24,9,8,20,0.7647058823529411,0.6666666666666666,0.7142857142857143,0.7222222222222222,0.7,0.7551020408163265,1.0,1.0,0.3333333333333333,0.7352941176470589,0.8125,0.8461538461538461,0.75,0.5099530220031738,51,15,14,18,10,49,16,17,18,34,16,13,28
456,0.5757575757575758,0.5555555555555556,0.5714285714285714,0.6666666666666666,0.6,0.5625,0.6666666666666666,1.0,0.0,0.6666666666666666,0.3333333333333333,0.75,0.65,1.0360075235366821,33,9,7,9,5,32,12,11,10,24,9,8,20,0.803921568627451,0.8,0.7857142857142857,0.7777777777777778,0.7,0.7959183673469388,1.0,1.0,0.4444444444444444,0.7941176470588235,0.8125,0.8461538461538461,0.8214285714285714,0.5078997015953064,51,15,14,18,10,49,16,17,18,34,16,13,28
457,0.5757575757575758,0.5555555555555556,0.5714285714285714,0.6666666666666666,0.6,0.5625,0.6666666666666666,1.0,0.0,0.6666666666666666,0.3333333333333333,0.75,0.65,1.0919095277786255,33,9,7,9,5,32,12,11,10,24,9,8,20,0.8235294117647058,0.8666666666666667,0.7857142857142857,0.7777777777777778,0.8,0.8163265306122449,1.0,1.0,0.5,0.8235294117647058,0.8125,0.8461538461538461,0.8214285714285714,0.5050099492073059,51,15,14,18,10,49,16,17,18,34,16,13,28
458,0.5757575757575758,0.5555555555555556,0.5714285714285714,0.6666666666666666,0.6,0.5625,0.6666666666666666,1.0,0.0,0.6666666666666666,0.3333333333333333,0.75,0.65,1.0492397546768188,33,9,7,9,5,32,12,11,10,24,9,8,20,0.7647058823529411,0.6666666666666666,0.7142857142857143,0.7222222222222222,0.7,0.7551020408163265,1.0,1.0,0.3333333333333333,0.7352941176470589,0.8125,0.8461538461538461,0.75,0.5068588256835938,51,15,14,18,10,49,16,17,18,34,16,13,28
459,0.5757575757575758,0.5555555555555556,0.5714285714285714,0.6666666666666666,0.6,0.5625,0.6666666666666666,1.0,0.0,0.6666666666666666,0.3333333333333333,0.75,0.65,1.0390657186508179,33,9,7,9,5,32,12,11,10,24,9,8,20,0.803921568627451,0.8,0.7857142857142857,0.7777777777777778,0.7,0.7959183673469388,1.0,1.0,0.4444444444444444,0.7941176470588235,0.8125,0.8461538461538461,0.8214285714285714,0.5081572532653809,51,15,14,18,10,49,16,17,18,34,16,13,28
460,0.5757575757575758,0.5555555555555556,0.5714285714285714,0.6666666666666666,0.6,0.5625,0.6666666666666666,1.0,0.0,0.6666666666666666,0.3333333333333333,0.75,0.65,1.0679042339324951,33,9,7,9,5,32,12,11,10,24,9,8,20,0.803921568627451,0.8,0.7142857142857143,0.7222222222222222,0.8,0.7959183673469388,1.0,1.0,0.4444444444444444,0.7941176470588235,0.8125,0.8461538461538461,0.7857142857142857,0.5020461082458496,51,15,14,18,10,49,16,17,18,34,16,13,28
461,0.5757575757575758,0.5555555555555556,0.5714285714285714,0.6666666666666666,0.6,0.5625,0.6666666666666666,1.0,0.0,0.6666666666666666,0.3333333333333333,0.75,0.65,1.0549641847610474,33,9,7,9,5,32,12,11,10,24,9,8,20,0.803921568627451,0.8,0.7857142857142857,0.7777777777777778,0.7,0.7959183673469388,1.0,1.0,0.4444444444444444,0.7941176470588235,0.8125,0.8461538461538461,0.8214285714285714,0.5041283369064331,51,15,14,18,10,49,16,17,18,34,16,13,28
462,0.6060606060606061,0.5555555555555556,0.5714285714285714,0.6666666666666666,0.8,0.59375,0.75,1.0,0.0,0.7083333333333334,0.3333333333333333,0.75,0.7,1.024778127670288,33,9,7,9,5,32,12,11,10,24,9,8,20,0.7843137254901961,0.7333333333333333,0.7857142857142857,0.7777777777777778,0.7,0.7755102040816326,1.0,1.0,0.3888888888888889,0.7647058823529411,0.8125,0.8461538461538461,0.7857142857142857,0.5027221441268921,51,15,14,18,10,49,16,17,18,34,16,13,28
463,0.5757575757575758,0.5555555555555556,0.5714285714285714,0.6666666666666666,0.6,0.5625,0.6666666666666666,1.0,0.0,0.6666666666666666,0.3333333333333333,0.75,0.65,1.0801364183425903,33,9,7,9,5,32,12,11,10,24,9,8,20,0.803921568627451,0.8,0.7857142857142857,0.7777777777777778,0.7,0.7959183673469388,1.0,1.0,0.4444444444444444,0.7941176470588235,0.8125,0.8461538461538461,0.8214285714285714,0.504233181476593,51,15,14,18,10,49,16,17,18,34,16,13,28
464,0.5757575757575758,0.5555555555555556,0.5714285714285714,0.6666666666666666,0.6,0.5625,0.6666666666666666,1.0,0.0,0.6666666666666666,0.3333333333333333,0.75,0.65,1.0600031614303589,33,9,7,9,5,32,12,11,10,24,9,8,20,0.7450980392156863,0.6,0.6428571428571429,0.7222222222222222,0.7,0.7346938775510204,1.0,1.0,0.2777777777777778,0.7058823529411765,0.8125,0.8461538461538461,0.75,0.5027912259101868,51,15,14,18,10,49,16,17,18,34,16,13,28
465,0.6060606060606061,0.5555555555555556,0.5714285714285714,0.6666666666666666,0.8,0.59375,0.75,1.0,0.0,0.7083333333333334,0.3333333333333333,0.75,0.7,1.0332858562469482,33,9,7,9,5,32,12,11,10,24,9,8,20,0.8235294117647058,0.8666666666666667,0.7857142857142857,0.7777777777777778,0.8,0.8163265306122449,1.0,1.0,0.5,0.8235294117647058,0.8125,0.8461538461538461,0.8214285714285714,0.4976791739463806,51,15,14,18,10,49,16,17,18,34,16,13,28
466,0.5757575757575758,0.5555555555555556,0.5714285714285714,0.6666666666666666,0.6,0.5625,0.6666666666666666,1.0,0.0,0.6666666666666666,0.3333333333333333,0.75,0.65,1.0683403015136719,33,9,7,9,5,32,12,11,10,24,9,8,20,0.8235294117647058,0.8,0.7857142857142857,0.7777777777777778,0.7,0.8163265306122449,1.0,1.0,0.5,0.8235294117647058,0.8125,0.9230769230769231,0.8571428571428571,0.49898988008499146,51,15,14,18,10,49,16,17,18,34,16,13,28
467,0.5757575757575758,0.5555555555555556,0.5714285714285714,0.6666666666666666,0.6,0.5625,0.6666666666666666,1.0,0.0,0.6666666666666666,0.3333333333333333,0.75,0.65,1.0616374015808105,33,9,7,9,5,32,12,11,10,24,9,8,20,0.7843137254901961,0.7333333333333333,0.7857142857142857,0.7777777777777778,0.7,0.7755102040816326,1.0,1.0,0.3888888888888889,0.7647058823529411,0.8125,0.8461538461538461,0.7857142857142857,0.4963186979293823,51,15,14,18,10,49,16,17,18,34,16,13,28
468,0.6060606060606061,0.5555555555555556,0.5714285714285714,0.6666666666666666,0.8,0.59375,0.75,1.0,0.0,0.7083333333333334,0.3333333333333333,0.75,0.7,1.0368314981460571,33,9,7,9,5,32,12,11,10,24,9,8,20,0.7843137254901961,0.7333333333333333,0.7857142857142857,0.7777777777777778,0.7,0.7755102040816326,1.0,1.0,0.3888888888888889,0.7647058823529411,0.8125,0.8461538461538461,0.7857142857142857,0.49777835607528687,51,15,14,18,10,49,16,17,18,34,16,13,28
469,0.5757575757575758,0.5555555555555556,0.5714285714285714,0.6666666666666666,0.6,0.5625,0.6666666666666666,1.0,0.0,0.6666666666666666,0.3333333333333333,0.75,0.65,1.0607426166534424,33,9,7,9,5,32,12,11,10,24,9,8,20,0.8235294117647058,0.8666666666666667,0.7857142857142857,0.7777777777777778,0.8,0.8163265306122449,1.0,1.0,0.5,0.8235294117647058,0.8125,0.8461538461538461,0.8214285714285714,0.5015925765037537,51,15,14,18,10,49,16,17,18,34,16,13,28
470,0.5757575757575758,0.5555555555555556,0.5714285714285714,0.6666666666666666,0.6,0.5625,0.6666666666666666,1.0,0.0,0.6666666666666666,0.3333333333333333,0.75,0.65,1.0756653547286987,33,9,7,9,5,32,12,11,10,24,9,8,20,0.7843137254901961,0.7333333333333333,0.7142857142857143,0.7222222222222222,0.7,0.7755102040816326,1.0,1.0,0.3888888888888889,0.7647058823529411,0.8125,0.8461538461538461,0.7857142857142857,0.49705344438552856,51,15,14,18,10,49,16,17,18,34,16,13,28
471,0.6060606060606061,0.5555555555555556,0.5714285714285714,0.6666666666666666,0.8,0.59375,0.75,1.0,0.0,0.7083333333333334,0.3333333333333333,0.75,0.7,1.0381776094436646,33,9,7,9,5,32,12,11,10,24,9,8,20,0.803921568627451,0.8,0.7857142857142857,0.7777777777777778,0.7,0.7959183673469388,1.0,1.0,0.4444444444444444,0.7941176470588235,0.8125,0.8461538461538461,0.8214285714285714,0.4978511929512024,51,15,14,18,10,49,16,17,18,34,16,13,28
472,0.5757575757575758,0.5555555555555556,0.5714285714285714,0.6666666666666666,0.6,0.5625,0.6666666666666666,1.0,0.0,0.6666666666666666,0.3333333333333333,0.75,0.65,1.0464756488800049,33,9,7,9,5,32,12,11,10,24,9,8,20,0.8431372549019608,0.8666666666666667,0.7857142857142857,0.7777777777777778,0.8,0.8367346938775511,1.0,1.0,0.5555555555555556,0.8529411764705882,0.8125,0.9230769230769231,0.8571428571428571,0.49582964181900024,51,15,14,18,10,49,16,17,18,34,16,13,28
473,0.5757575757575758,0.5555555555555556,0.5714285714285714,0.6666666666666666,0.6,0.5625,0.6666666666666666,1.0,0.0,0.6666666666666666,0.3333333333333333,0.75,0.65,1.0791690349578857,33,9,7,9,5,32,12,11,10,24,9,8,20,0.8235294117647058,0.8666666666666667,0.7857142857142857,0.7777777777777778,0.8,0.8163265306122449,1.0,1.0,0.5,0.8235294117647058,0.8125,0.8461538461538461,0.8214285714285714,0.4944925010204315,51,15,14,18,10,49,16,17,18,34,16,13,28
474,0.5757575757575758,0.5555555555555556,0.5714285714285714,0.6666666666666666,0.6,0.5625,0.6666666666666666,1.0,0.0,0.6666666666666666,0.3333333333333333,0.75,0.65,1.0427539348602295,33,9,7,9,5,32,12,11,10,24,9,8,20,0.7843137254901961,0.7333333333333333,0.7857142857142857,0.7777777777777778,0.7,0.7755102040816326,1.0,1.0,0.3888888888888889,0.7647058823529411,0.8125,0.8461538461538461,0.7857142857142857,0.494088351726532,51,15,14,18,10,49,16,17,18,34,16,13,28
475,0.6060606060606061,0.5555555555555556,0.5714285714285714,0.6666666666666666,0.8,0.59375,0.75,1.0,0.0,0.7083333333333334,0.3333333333333333,0.75,0.7,1.026837944984436,33,9,7,9,5,32,12,11,10,24,9,8,20,0.8431372549019608,0.9333333333333333,0.7857142857142857,0.7777777777777778,0.9,0.8367346938775511,1.0,1.0,0.5555555555555556,0.8529411764705882,0.8125,0.8461538461538461,0.8214285714285714,0.49344882369041443,51,15,14,18,10,49,16,17,18,34,16,13,28
476,0.5454545454545454,0.4444444444444444,0.5714285714285714,0.6666666666666666,0.4,0.53125,0.5833333333333334,1.0,0.0,0.625,0.3333333333333333,0.75,0.6,1.096347689628601,33,9,7,9,5,32,12,11,10,24,9,8,20,0.8823529411764706,0.9333333333333333,0.8571428571428571,0.7777777777777778,0.9,0.8775510204081632,1.0,1.0,0.6666666666666666,0.8823529411764706,0.875,0.9230769230769231,0.8571428571428571,0.49516811966896057,51,15,14,18,10,49,16,17,18,34,16,13,28
477,0.6060606060606061,0.5555555555555556,0.5714285714285714,0.6666666666666666,0.8,0.59375,0.75,1.0,0.0,0.7083333333333334,0.3333333333333333,0.75,0.7,1.0346028804779053,33,9,7,9,5,32,12,11,10,24,9,8,20,0.7843137254901961,0.7333333333333333,0.7142857142857143,0.7222222222222222,0.8,0.7755102040816326,1.0,1.0,0.3888888888888889,0.7647058823529411,0.8125,0.8461538461538461,0.75,0.4947453737258911,51,15,14,18,10,49,16,17,18,34,16,13,28
478,0.5757575757575758,0.5555555555555556,0.5714285714285714,0.6666666666666666,0.6,0.5625,0.6666666666666666,1.0,0.0,0.6666666666666666,0.3333333333333333,0.75,0.65,1.0419234037399292,33,9,7,9,5,32,12,11,10,24,9,8,20,0.8823529411764706,0.9333333333333333,0.8571428571428571,0.7777777777777778,0.9,0.8775510204081632,1.0,1.0,0.6666666666666666,0.8823529411764706,0.875,0.9230769230769231,0.8571428571428571,0.48921120166778564,51,15,14,18,10,49,16,17,18,34,16,13,28
479,0.5454545454545454,0.4444444444444444,0.5714285714285714,0.6666666666666666,0.4,0.53125,0.5833333333333334,1.0,0.0,0.625,0.3333333333333333,0.75,0.6,1.0825486183166504,33,9,7,9,5,32,12,11,10,24,9,8,20,0.8627450980392157,0.8666666666666667,0.8571428571428571,0.7777777777777778,0.8,0.8571428571428571,1.0,1.0,0.6111111111111112,0.8529411764705882,0.875,0.9230769230769231,0.8571428571428571,0.49109765887260437,51,15,14,18,10,49,16,17,18,34,16,13,28
480,0.6060606060606061,0.5555555555555556,0.5714285714285714,0.6666666666666666,0.8,0.59375,0.75,1.0,0.0,0.7083333333333334,0.3333333333333333,0.75,0.7,1.0345444679260254,33,9,7,9,5,32,12,11,10,24,9,8,20,0.7843137254901961,0.7333333333333333,0.7857142857142857,0.7777777777777778,0.7,0.7755102040816326,1.0,1.0,0.3888888888888889,0.7647058823529411,0.8125,0.8461538461538461,0.7857142857142857,0.4906270205974579,51,15,14,18,10,49,16,17,18,34,16,13,28
481,0.6060606060606061,0.5555555555555556,0.5714285714285714,0.6666666666666666,0.8,0.59375,0.75,1.0,0.0,0.7083333333333334,0.3333333333333333,0.75,0.7,1.033469557762146,33,9,7,9,5,32,12,11,10,24,9,8,20,0.8627450980392157,0.9333333333333333,0.8571428571428571,0.7777777777777778,0.9,0.8571428571428571,1.0,1.0,0.6111111111111112,0.8529411764705882,0.875,0.8461538461538461,0.8214285714285714,0.4895085394382477,51,15,14,18,10,49,16,17,18,34,16,13,28
482,0.5454545454545454,0.4444444444444444,0.5714285714285714,0.6666666666666666,0.4,0.53125,0.5833333333333334,1.0,0.0,0.625,0.3333333333333333,0.75,0.6,1.0867023468017578,33,9,7,9,5,32,12,11,10,24,9,8,20,0.8627450980392157,0.9333333333333333,0.7857142857142857,0.7777777777777778,0.9,0.8571428571428571,1.0,1.0,0.6111111111111112,0.8823529411764706,0.8125,0.9230769230769231,0.8571428571428571,0.4879445731639862,51,15,14,18,10,49,16,17,18,34,16,13,28
483,0.6060606060606061,0.5555555555555556,0.5714285714285714,0.6666666666666666,0.8,0.59375,0.75,1.0,0.0,0.7083333333333334,0.3333333333333333,0.75,0.7,1.0328266620635986,33,9,7,9,5,32,12,11,10,24,9,8,20,0.7843137254901961,0.7333333333333333,0.7857142857142857,0.7777777777777778,0.7,0.7755102040816326,1.0,1.0,0.3888888888888889,0.7647058823529411,0.8125,0.8461538461538461,0.7857142857142857,0.48708856105804443,51,15,14,18,10,49,16,17,18,34,16,13,28
484,0.6060606060606061,0.5555555555555556,0.5714285714285714,0.6666666666666666,0.8,0.59375,0.75,1.0,0.0,0.7083333333333334,0.3333333333333333,0.75,0.7,1.0328750610351562,33,9,7,9,5,32,12,11,10,24,9,8,20,0.8627450980392157,0.9333333333333333,0.7857142857142857,0.7777777777777778,0.9,0.8571428571428571,1.0,1.0,0.6111111111111112,0.8823529411764706,0.8125,0.9230769230769231,0.8571428571428571,0.4877117872238159,51,15,14,18,10,49,16,17,18,34,16,13,28
485,0.5454545454545454,0.4444444444444444,0.5714285714285714,0.6666666666666666,0.4,0.53125,0.5833333333333334,1.0,0.0,0.625,0.3333333333333333,0.75,0.6,1.0813935995101929,33,9,7,9,5,32,12,11,10,24,9,8,20,0.8627450980392157,0.9333333333333333,0.8571428571428571,0.7777777777777778,0.9,0.8571428571428571,1.0,1.0,0.6111111111111112,0.8529411764705882,0.875,0.8461538461538461,0.8214285714285714,0.4832632541656494,51,15,14,18,10,49,16,17,18,34,16,13,28
486,0.5757575757575758,0.5555555555555556,0.5714285714285714,0.6666666666666666,0.6,0.5625,0.6666666666666666,1.0,0.0,0.6666666666666666,0.3333333333333333,0.75,0.65,1.052254557609558,33,9,7,9,5,32,12,11,10,24,9,8,20,0.803921568627451,0.8,0.7857142857142857,0.7777777777777778,0.7,0.7959183673469388,1.0,1.0,0.4444444444444444,0.7941176470588235,0.8125,0.8461538461538461,0.8214285714285714,0.48522043228149414,51,15,14,18,10,49,16,17,18,34,16,13,28
487,0.6060606060606061,0.5555555555555556,0.5714285714285714,0.6666666666666666,0.8,0.59375,0.75,1.0,0.0,0.7083333333333334,0.3333333333333333,0.75,0.7,1.0215009450912476,33,9,7,9,5,32,12,11,10,24,9,8,20,0.8431372549019608,0.8,0.8571428571428571,0.7777777777777778,0.7,0.8367346938775511,1.0,1.0,0.5555555555555556,0.8235294117647058,0.875,0.9230769230769231,0.8571428571428571,0.4826652705669403,51,15,14,18,10,49,16,17,18,34,16,13,28
488,0.5454545454545454,0.4444444444444444,0.5714285714285714,0.6666666666666666,0.4,0.53125,0.5833333333333334,1.0,0.0,0.625,0.3333333333333333,0.75,0.6,1.0728161334991455,33,9,7,9,5,32,12,11,10,24,9,8,20,0.8823529411764706,0.9333333333333333,0.8571428571428571,0.7777777777777778,0.9,0.8775510204081632,1.0,1.0,0.6666666666666666,0.8823529411764706,0.875,0.9230769230769231,0.8571428571428571,0.48969918489456177,51,15,14,18,10,49,16,17,18,34,16,13,28
489,0.5757575757575758,0.5555555555555556,0.5714285714285714,0.6666666666666666,0.6,0.5625,0.6666666666666666,1.0,0.0,0.6666666666666666,0.3333333333333333,0.75,0.65,1.052815318107605,33,9,7,9,5,32,12,11,10,24,9,8,20,0.803921568627451,0.8,0.7857142857142857,0.7777777777777778,0.7,0.7959183673469388,1.0,1.0,0.4444444444444444,0.7941176470588235,0.8125,0.8461538461538461,0.8214285714285714,0.48333510756492615,51,15,14,18,10,49,16,17,18,34,16,13,28
490,0.6060606060606061,0.5555555555555556,0.5714285714285714,0.6666666666666666,0.8,0.59375,0.75,1.0,0.0,0.7083333333333334,0.3333333333333333,0.75,0.7,1.0195220708847046,33,9,7,9,5,32,12,11,10,24,9,8,20,0.803921568627451,0.8,0.7857142857142857,0.7777777777777778,0.8,0.7959183673469388,1.0,1.0,0.4444444444444444,0.7941176470588235,0.8125,0.8461538461538461,0.7857142857142857,0.48041096329689026,51,15,14,18,10,49,16,17,18,34,16,13,28
491,0.5454545454545454,0.4444444444444444,0.5714285714285714,0.6666666666666666,0.4,0.53125,0.5833333333333334,1.0,0.0,0.625,0.3333333333333333,0.75,0.6,1.0548484325408936,33,9,7,9,5,32,12,11,10,24,9,8,20,0.8823529411764706,0.9333333333333333,0.8571428571428571,0.7777777777777778,0.9,0.8775510204081632,1.0,1.0,0.6666666666666666,0.8823529411764706,0.875,0.9230769230769231,0.8571428571428571,0.4821834862232208,51,15,14,18,10,49,16,17,18,34,16,13,28
492,0.5454545454545454,0.4444444444444444,0.5714285714285714,0.6666666666666666,0.4,0.53125,0.5833333333333334,1.0,0.0,0.625,0.3333333333333333,0.75,0.6,1.0568336248397827,33,9,7,9,5,32,12,11,10,24,9,8,20,0.8431372549019608,0.9333333333333333,0.7857142857142857,0.7777777777777778,0.9,0.8367346938775511,1.0,1.0,0.5555555555555556,0.8529411764705882,0.8125,0.8461538461538461,0.8214285714285714,0.4794906675815582,51,15,14,18,10,49,16,17,18,34,16,13,28
493,0.6060606060606061,0.5555555555555556,0.5714285714285714,0.6666666666666666,0.8,0.59375,0.75,1.0,0.0,0.7083333333333334,0.3333333333333333,0.75,0.7,1.0319043397903442,33,9,7,9,5,32,12,11,10,24,9,8,20,0.8235294117647058,0.8666666666666667,0.7857142857142857,0.7777777777777778,0.8,0.8163265306122449,1.0,1.0,0.5,0.8235294117647058,0.8125,0.8461538461538461,0.8214285714285714,0.47853586077690125,51,15,14,18,10,49,16,17,18,34,16,13,28
494,0.5454545454545454,0.4444444444444444,0.5714285714285714,0.6666666666666666,0.4,0.53125,0.5833333333333334,1.0,0.0,0.625,0.3333333333333333,0.75,0.6,1.0570329427719116,33,9,7,9,5,32,12,11,10,24,9,8,20,0.8627450980392157,0.8666666666666667,0.8571428571428571,0.7777777777777778,0.8,0.8571428571428571,1.0,1.0,0.6111111111111112,0.8529411764705882,0.875,0.9230769230769231,0.8571428571428571,0.4797998070716858,51,15,14,18,10,49,16,17,18,34,16,13,28
495,0.6060606060606061,0.5555555555555556,0.5714285714285714,0.6666666666666666,0.8,0.59375,0.75,1.0,0.0,0.7083333333333334,0.3333333333333333,0.75,0.7,1.0515590906143188,33,9,7,9,5,32,12,11,10,24,9,8,20,0.8235294117647058,0.8,0.8571428571428571,0.7777777777777778,0.7,0.8163265306122449,1.0,1.0,0.5,0.7941176470588235,0.875,0.8461538461538461,0.8214285714285714,0.47676512598991394,51,15,14,18,10,49,16,17,18,34,16,13,28
496,0.6060606060606061,0.5555555555555556,0.5714285714285714,0.6666666666666666,0.8,0.59375,0.75,1.0,0.0,0.7083333333333334,0.3333333333333333,0.75,0.7,1.0079052448272705,33,9,7,9,5,32,12,11,10,24,9,8,20,0.8431372549019608,0.8666666666666667,0.8571428571428571,0.7777777777777778,0.8,0.8367346938775511,1.0,1.0,0.5555555555555556,0.8235294117647058,0.875,0.8461538461538461,0.8214285714285714,0.4750019609928131,51,15,14,18,10,49,16,17,18,34,16,13,28
497,0.5454545454545454,0.4444444444444444,0.5714285714285714,0.6666666666666666,0.4,0.53125,0.5833333333333334,1.0,0.0,0.625,0.3333333333333333,0.75,0.6,1.083952784538269,33,9,7,9,5,32,12,11,10,24,9,8,20,0.8823529411764706,0.9333333333333333,0.8571428571428571,0.7777777777777778,0.9,0.8775510204081632,1.0,1.0,0.6666666666666666,0.8823529411764706,0.875,0.9230769230769231,0.8571428571428571,0.47500285506248474,51,15,14,18,10,49,16,17,18,34,16,13,28
498,0.5454545454545454,0.4444444444444444,0.5714285714285714,0.6666666666666666,0.4,0.53125,0.5833333333333334,1.0,0.0,0.625,0.3333333333333333,0.75,0.6,1.0586256980895996,33,9,7,9,5,32,12,11,10,24,9,8,20,0.803921568627451,0.8,0.7857142857142857,0.7777777777777778,0.7,0.7959183673469388,1.0,1.0,0.4444444444444444,0.7941176470588235,0.8125,0.8461538461538461,0.8214285714285714,0.47485488653182983,51,15,14,18,10,49,16,17,18,34,16,13,28
499,0.6060606060606061,0.5555555555555556,0.5714285714285714,0.6666666666666666,0.8,0.59375,0.75,1.0,0.0,0.7083333333333334,0.3333333333333333,0.75,0.7,0.9975847005844116,33,9,7,9,5,32,12,11,10,24,9,8,20,0.8235294117647058,0.8,0.8571428571428571,0.7777777777777778,0.7,0.8163265306122449,1.0,1.0,0.5,0.7941176470588235,0.875,0.8461538461538461,0.8214285714285714,0.4726613461971283,51,15,14,18,10,49,16,17,18,34,16,13,28
500,0.5454545454545454,0.4444444444444444,0.5714285714285714,0.6666666666666666,0.4,0.53125,0.5833333333333334,1.0,0.0,0.625,0.3333333333333333,0.75,0.6,1.0690909624099731,33,9,7,9,5,32,12,11,10,24,9,8,20,0.9019607843137255,0.9333333333333333,0.8571428571428571,0.7777777777777778,0.9,0.8979591836734694,1.0,1.0,0.7222222222222222,0.9117647058823529,0.875,1.0,0.8928571428571429,0.4770010709762573,51,15,14,18,10,49,16,17,18,34,16,13,28
501,0.5454545454545454,0.4444444444444444,0.5714285714285714,0.6666666666666666,0.4,0.53125,0.5833333333333334,1.0,0.0,0.625,0.3333333333333333,0.75,0.6,1.0824775695800781,33,9,7,9,5,32,12,11,10,24,9,8,20,0.8431372549019608,0.8666666666666667,0.8571428571428571,0.7777777777777778,0.8,0.8367346938775511,1.0,1.0,0.5555555555555556,0.8235294117647058,0.875,0.8461538461538461,0.8214285714285714,0.4725959599018097,51,15,14,18,10,49,16,17,18,34,16,13,28
502,0.6060606060606061,0.5555555555555556,0.5714285714285714,0.6666666666666666,0.8,0.59375,0.75,1.0,0.0,0.7083333333333334,0.3333333333333333,0.75,0.7,1.008025050163269,33,9,7,9,5,32,12,11,10,24,9,8,20,0.803921568627451,0.8,0.7857142857142857,0.7777777777777778,0.7,0.7959183673469388,1.0,1.0,0.4444444444444444,0.7941176470588235,0.8125,0.8461538461538461,0.8214285714285714,0.4707053005695343,51,15,14,18,10,49,16,17,18,34,16,13,28
503,0.6060606060606061,0.5555555555555556,0.5714285714285714,0.6666666666666666,0.8,0.59375,0.75,1.0,0.0,0.7083333333333334,0.3333333333333333,0.75,0.7,1.0353832244873047,33,9,7,9,5,32,12,11,10,24,9,8,20,0.8627450980392157,0.8666666666666667,0.8571428571428571,0.7777777777777778,0.8,0.8571428571428571,1.0,1.0,0.6111111111111112,0.8529411764705882,0.875,0.9230769230769231,0.8571428571428571,0.472952663898468,51,15,14,18,10,49,16,17,18,34,16,13,28
504,0.5454545454545454,0.4444444444444444,0.5714285714285714,0.6666666666666666,0.4,0.53125,0.5833333333333334,1.0,0.0,0.625,0.3333333333333333,0.75,0.6,1.0813068151474,33,9,7,9,5,32,12,11,10,24,9,8,20,0.8823529411764706,0.9333333333333333,0.8571428571428571,0.7777777777777778,0.9,0.8775510204081632,1.0,1.0,0.6666666666666666,0.8823529411764706,0.875,0.9230769230769231,0.8571428571428571,0.47124794125556946,51,15,14,18,10,49,16,17,18,34,16,13,28
505,0.5757575757575758,0.4444444444444444,0.5714285714285714,0.6666666666666666,0.6,0.5625,0.6666666666666666,1.0,0.0,0.6666666666666666,0.3333333333333333,0.75,0.65,1.0415762662887573,33,9,7,9,5,32,12,11,10,24,9,8,20,0.803921568627451,0.8,0.7857142857142857,0.7777777777777778,0.8,0.7959183673469388,1.0,1.0,0.4444444444444444,0.7941176470588235,0.8125,0.8461538461538461,0.7857142857142857,0.46928825974464417,51,15,14,18,10,49,16,17,18,34,16,13,28
506,0.6060606060606061,0.5555555555555556,0.5714285714285714,0.6666666666666666,0.8,0.59375,0.75,1.0,0.0,0.7083333333333334,0.3333333333333333,0.75,0.7,1.0193883180618286,33,9,7,9,5,32,12,11,10,24,9,8,20,0.8823529411764706,0.9333333333333333,0.8571428571428571,0.7777777777777778,0.9,0.8775510204081632,1.0,1.0,0.6666666666666666,0.8823529411764706,0.875,0.9230769230769231,0.8571428571428571,0.46898436546325684,51,15,14,18,10,49,16,17,18,34,16,13,28
507,0.5454545454545454,0.4444444444444444,0.5714285714285714,0.6666666666666666,0.4,0.53125,0.5833333333333334,1.0,0.0,0.625,0.3333333333333333,0.75,0.6,1.0720553398132324,33,9,7,9,5,32,12,11,10,24,9,8,20,0.8823529411764706,0.9333333333333333,0.8571428571428571,0.7777777777777778,0.9,0.8775510204081632,1.0,1.0,0.6666666666666666,0.8823529411764706,0.875,0.9230769230769231,0.8571428571428571,0.46856454014778137,51,15,14,18,10,49,16,17,18,34,16,13,28
508,0.5454545454545454,0.4444444444444444,0.5714285714285714,0.6666666666666666,0.4,0.53125,0.5833333333333334,1.0,0.0,0.625,0.3333333333333333,0.75,0.6,1.0638478994369507,33,9,7,9,5,32,12,11,10,24,9,8,20,0.8627450980392157,0.9333333333333333,0.8571428571428571,0.7777777777777778,0.9,0.8571428571428571,1.0,1.0,0.6111111111111112,0.8529411764705882,0.875,0.8461538461538461,0.8214285714285714,0.46822139620780945,51,15,14,18,10,49,16,17,18,34,16,13,28
509,0.6060606060606061,0.5555555555555556,0.5714285714285714,0.6666666666666666,0.8,0.59375,0.75,1.0,0.0,0.7083333333333334,0.3333333333333333,0.75,0.7,1.0225862264633179,33,9,7,9,5,32,12,11,10,24,9,8,20,0.8823529411764706,0.9333333333333333,0.8571428571428571,0.7777777777777778,0.9,0.8775510204081632,1.0,1.0,0.6666666666666666,0.8823529411764706,0.875,0.9230769230769231,0.8571428571428571,0.46679866313934326,51,15,14,18,10,49,16,17,18,34,16,13,28
510,0.5454545454545454,0.4444444444444444,0.5714285714285714,0.6666666666666666,0.4,0.53125,0.5833333333333334,1.0,0.0,0.625,0.3333333333333333,0.75,0.6,1.0576190948486328,33,9,7,9,5,32,12,11,10,24,9,8,20,0.8823529411764706,0.9333333333333333,0.8571428571428571,0.7777777777777778,0.9,0.8775510204081632,1.0,1.0,0.6666666666666666,0.8823529411764706,0.875,0.9230769230769231,0.8571428571428571,0.464168518781662,51,15,14,18,10,49,16,17,18,34,16,13,28
511,0.5454545454545454,0.4444444444444444,0.5714285714285714,0.6666666666666666,0.4,0.53125,0.5833333333333334,1.0,0.0,0.625,0.3333333333333333,0.75,0.6,1.062574863433838,33,9,7,9,5,32,12,11,10,24,9,8,20,0.8627450980392157,0.9333333333333333,0.8571428571428571,0.7777777777777778,0.9,0.8571428571428571,1.0,1.0,0.6111111111111112,0.8529411764705882,0.875,0.8461538461538461,0.8214285714285714,0.4618931710720062,51,15,14,18,10,49,16,17,18,34,16,13,28
512,0.5757575757575758,0.4444444444444444,0.5714285714285714,0.6666666666666666,0.6,0.5625,0.6666666666666666,1.0,0.0,0.6666666666666666,0.3333333333333333,0.75,0.65,1.0397874116897583,33,9,7,9,5,32,12,11,10,24,9,8,20,0.8823529411764706,0.9333333333333333,0.8571428571428571,0.7777777777777778,0.9,0.8775510204081632,1.0,1.0,0.6666666666666666,0.8823529411764706,0.875,0.9230769230769231,0.8571428571428571,0.46167516708374023,51,15,14,18,10,49,16,17,18,34,16,13,28
513,0.5454545454545454,0.4444444444444444,0.5714285714285714,0.6666666666666666,0.4,0.53125,0.5833333333333334,1.0,0.0,0.625,0.3333333333333333,0.75,0.6,1.057252287864685,33,9,7,9,5,32,12,11,10,24,9,8,20,0.9019607843137255,0.9333333333333333,0.8571428571428571,0.7777777777777778,0.9,0.8979591836734694,1.0,1.0,0.7222222222222222,0.9117647058823529,0.875,1.0,0.8928571428571429,0.46222350001335144,51,15,14,18,10,49,16,17,18,34,16,13,28
514,0.5454545454545454,0.4444444444444444,0.5714285714285714,0.6666666666666666,0.4,0.53125,0.5833333333333334,1.0,0.0,0.625,0.3333333333333333,0.75,0.6,1.0615154504776,33,9,7,9,5,32,12,11,10,24,9,8,20,0.8823529411764706,0.9333333333333333,0.8571428571428571,0.7777777777777778,0.9,0.8775510204081632,1.0,1.0,0.6666666666666666,0.8823529411764706,0.875,0.9230769230769231,0.8571428571428571,0.4584241509437561,51,15,14,18,10,49,16,17,18,34,16,13,28
515,0.5757575757575758,0.4444444444444444,0.5714285714285714,0.6666666666666666,0.6,0.5625,0.6666666666666666,1.0,0.0,0.6666666666666666,0.3333333333333333,0.75,0.65,1.0337408781051636,33,9,7,9,5,32,12,11,10,24,9,8,20,0.8823529411764706,0.9333333333333333,0.8571428571428571,0.7777777777777778,0.9,0.8775510204081632,1.0,1.0,0.6666666666666666,0.8823529411764706,0.875,0.9230769230769231,0.8571428571428571,0.4595389664173126,51,15,14,18,10,49,16,17,18,34,16,13,28
516,0.5454545454545454,0.4444444444444444,0.5714285714285714,0.6666666666666666,0.4,0.53125,0.5833333333333334,1.0,0.0,0.625,0.3333333333333333,0.75,0.6,1.0565894842147827,33,9,7,9,5,32,12,11,10,24,9,8,20,0.9019607843137255,0.9333333333333333,0.8571428571428571,0.7777777777777778,0.9,0.8979591836734694,1.0,1.0,0.7222222222222222,0.9117647058823529,0.875,1.0,0.8928571428571429,0.4581308662891388,51,15,14,18,10,49,16,17,18,34,16,13,28
517,0.5454545454545454,0.4444444444444444,0.5714285714285714,0.6666666666666666,0.4,0.53125,0.5833333333333334,1.0,0.0,0.625,0.3333333333333333,0.75,0.6,1.0778919458389282,33,9,7,9,5,32,12,11,10,24,9,8,20,0.9019607843137255,0.9333333333333333,0.8571428571428571,0.7777777777777778,0.9,0.8979591836734694,1.0,1.0,0.7222222222222222,0.9117647058823529,0.875,1.0,0.8928571428571429,0.456275075674057,51,15,14,18,10,49,16,17,18,34,16,13,28
518,0.5757575757575758,0.4444444444444444,0.5714285714285714,0.6666666666666666,0.6,0.5625,0.6666666666666666,1.0,0.0,0.6666666666666666,0.3333333333333333,0.75,0.65,1.0440988540649414,33,9,7,9,5,32,12,11,10,24,9,8,20,0.8627450980392157,0.9333333333333333,0.8571428571428571,0.7777777777777778,0.9,0.8571428571428571,1.0,1.0,0.6111111111111112,0.8529411764705882,0.875,0.8461538461538461,0.8214285714285714,0.4603663682937622,51,15,14,18,10,49,16,17,18,34,16,13,28
519,0.5757575757575758,0.4444444444444444,0.5714285714285714,0.6666666666666666,0.6,0.5625,0.6666666666666666,1.0,0.0,0.6666666666666666,0.3333333333333333,0.75,0.65,1.05418062210083,33,9,7,9,5,32,12,11,10,24,9,8,20,0.9019607843137255,0.9333333333333333,0.8571428571428571,0.7777777777777778,0.9,0.8979591836734694,1.0,1.0,0.7222222222222222,0.9117647058823529,0.875,1.0,0.8928571428571429,0.4554159641265869,51,15,14,18,10,49,16,17,18,34,16,13,28
520,0.5454545454545454,0.4444444444444444,0.5714285714285714,0.6666666666666666,0.4,0.53125,0.5833333333333334,1.0,0.0,0.625,0.3333333333333333,0.75,0.6,1.072363257408142,33,9,7,9,5,32,12,11,10,24,9,8,20,0.8823529411764706,0.9333333333333333,0.8571428571428571,0.7777777777777778,0.9,0.8775510204081632,1.0,1.0,0.6666666666666666,0.8823529411764706,0.875,0.9230769230769231,0.8571428571428571,0.45697179436683655,51,15,14,18,10,49,16,17,18,34,16,13,28
521,0.5757575757575758,0.4444444444444444,0.5714285714285714,0.6666666666666666,0.6,0.5625,0.6666666666666666,1.0,0.0,0.6666666666666666,0.3333333333333333,0.75,0.65,1.0540885925292969,33,9,7,9,5,32,12,11,10,24,9,8,20,0.8627450980392157,0.8666666666666667,0.8571428571428571,0.7777777777777778,0.8,0.8571428571428571,1.0,1.0,0.6111111111111112,0.8529411764705882,0.875,0.9230769230769231,0.8571428571428571,0.4535429775714874,51,15,14,18,10,49,16,17,18,34,16,13,28
522,0.5757575757575758,0.4444444444444444,0.5714285714285714,0.6666666666666666,0.6,0.5625,0.6666666666666666,1.0,0.0,0.6666666666666666,0.3333333333333333,0.75,0.65,1.055847406387329,33,9,7,9,5,32,12,11,10,24,9,8,20,0.9019607843137255,0.9333333333333333,0.8571428571428571,0.7777777777777778,0.9,0.8979591836734694,1.0,1.0,0.7222222222222222,0.9117647058823529,0.875,1.0,0.8928571428571429,0.45284485816955566,51,15,14,18,10,49,16,17,18,34,16,13,28
523,0.5454545454545454,0.4444444444444444,0.5714285714285714,0.6666666666666666,0.4,0.53125,0.5833333333333334,1.0,0.0,0.625,0.3333333333333333,0.75,0.6,1.0687789916992188,33,9,7,9,5,32,12,11,10,24,9,8,20,0.8823529411764706,0.9333333333333333,0.8571428571428571,0.7777777777777778,0.9,0.8775510204081632,1.0,1.0,0.6666666666666666,0.8823529411764706,0.875,0.9230769230769231,0.8571428571428571,0.4512251913547516,51,15,14,18,10,49,16,17,18,34,16,13,28
524,0.5757575757575758,0.4444444444444444,0.5714285714285714,0.6666666666666666,0.6,0.5625,0.6666666666666666,1.0,0.0,0.6666666666666666,0.3333333333333333,0.75,0.65,1.0614248514175415,33,9,7,9,5,32,12,11,10,24,9,8,20,0.8823529411764706,0.9333333333333333,0.8571428571428571,0.7777777777777778,0.9,0.8775510204081632,1.0,1.0,0.6666666666666666,0.8823529411764706,0.875,0.9230769230769231,0.8571428571428571,0.4543362557888031,51,15,14,18,10,49,16,17,18,34,16,13,28
525,0.6060606060606061,0.5555555555555556,0.5714285714285714,0.6666666666666666,0.8,0.59375,0.6666666666666666,1.0,0.1,0.7083333333333334,0.3333333333333333,0.75,0.65,1.0447689294815063,33,9,7,9,5,32,12,11,10,24,9,8,20,0.9019607843137255,0.9333333333333333,0.8571428571428571,0.7777777777777778,0.9,0.8979591836734694,1.0,1.0,0.7222222222222222,0.9117647058823529,0.875,1.0,0.8928571428571429,0.4513959586620331,51,15,14,18,10,49,16,17,18,34,16,13,28
526,0.6060606060606061,0.5555555555555556,0.5714285714285714,0.6666666666666666,0.8,0.59375,0.6666666666666666,1.0,0.1,0.7083333333333334,0.3333333333333333,0.75,0.65,1.0480995178222656,33,9,7,9,5,32,12,11,10,24,9,8,20,0.8823529411764706,0.9333333333333333,0.8571428571428571,0.7777777777777778,0.9,0.8775510204081632,1.0,1.0,0.6666666666666666,0.8823529411764706,0.875,0.9230769230769231,0.8571428571428571,0.45047104358673096,51,15,14,18,10,49,16,17,18,34,16,13,28
527,0.5454545454545454,0.4444444444444444,0.5714285714285714,0.6666666666666666,0.4,0.53125,0.5833333333333334,1.0,0.0,0.625,0.3333333333333333,0.75,0.6,1.0678759813308716,33,9,7,9,5,32,12,11,10,24,9,8,20,0.8823529411764706,0.9333333333333333,0.8571428571428571,0.7777777777777778,0.9,0.8775510204081632,1.0,1.0,0.6666666666666666,0.8823529411764706,0.875,0.9230769230769231,0.8571428571428571,0.45160913467407227,51,15,14,18,10,49,16,17,18,34,16,13,28
528,0.6060606060606061,0.5555555555555556,0.5714285714285714,0.6666666666666666,0.8,0.59375,0.6666666666666666,1.0,0.1,0.7083333333333334,0.3333333333333333,0.75,0.65,1.0504578351974487,33,9,7,9,5,32,12,11,10,24,9,8,20,0.8823529411764706,0.9333333333333333,0.8571428571428571,0.7777777777777778,0.9,0.8775510204081632,1.0,1.0,0.6666666666666666,0.8823529411764706,0.875,0.9230769230769231,0.8571428571428571,0.4486493170261383,51,15,14,18,10,49,16,17,18,34,16,13,28
529,0.5757575757575758,0.4444444444444444,0.5714285714285714,0.6666666666666666,0.6,0.5625,0.6666666666666666,1.0,0.0,0.6666666666666666,0.3333333333333333,0.75,0.65,1.0622332096099854,33,9,7,9,5,32,12,11,10,24,9,8,20,0.9019607843137255,0.9333333333333333,0.8571428571428571,0.7777777777777778,0.9,0.8979591836734694,1.0,1.0,0.7222222222222222,0.9117647058823529,0.875,1.0,0.8928571428571429,0.4498257040977478,51,15,14,18,10,49,16,17,18,34,16,13,28
530,0.5757575757575758,0.4444444444444444,0.5714285714285714,0.6666666666666666,0.6,0.5625,0.6666666666666666,1.0,0.0,0.6666666666666666,0.3333333333333333,0.75,0.65,1.0615553855895996,33,9,7,9,5,32,12,11,10,24,9,8,20,0.9019607843137255,0.9333333333333333,0.8571428571428571,0.7777777777777778,0.9,0.8979591836734694,1.0,1.0,0.7222222222222222,0.9117647058823529,0.875,1.0,0.8928571428571429,0.4470480978488922,51,15,14,18,10,49,16,17,18,34,16,13,28
531,0.6060606060606061,0.5555555555555556,0.5714285714285714,0.6666666666666666,0.8,0.59375,0.6666666666666666,1.0,0.1,0.7083333333333334,0.3333333333333333,0.75,0.65,1.0620278120040894,33,9,7,9,5,32,12,11,10,24,9,8,20,0.8823529411764706,0.9333333333333333,0.8571428571428571,0.7777777777777778,0.9,0.8775510204081632,1.0,1.0,0.6666666666666666,0.8823529411764706,0.875,0.9230769230769231,0.8571428571428571,0.4471989870071411,51,15,14,18,10,49,16,17,18,34,16,13,28
532,0.6060606060606061,0.5555555555555556,0.5714285714285714,0.6666666666666666,0.8,0.59375,0.6666666666666666,1.0,0.1,0.7083333333333334,0.3333333333333333,0.75,0.65,1.059588074684143,33,9,7,9,5,32,12,11,10,24,9,8,20,0.9019607843137255,0.9333333333333333,0.8571428571428571,0.7777777777777778,0.9,0.8979591836734694,1.0,1.0,0.7222222222222222,0.9117647058823529,0.875,1.0,0.8928571428571429,0.4457312226295471,51,15,14,18,10,49,16,17,18,34,16,13,28
533,0.5454545454545454,0.4444444444444444,0.5714285714285714,0.6666666666666666,0.4,0.53125,0.5833333333333334,1.0,0.0,0.625,0.3333333333333333,0.75,0.6,1.0753910541534424,33,9,7,9,5,32,12,11,10,24,9,8,20,0.9019607843137255,0.9333333333333333,0.8571428571428571,0.7777777777777778,0.9,0.8979591836734694,1.0,1.0,0.7222222222222222,0.9117647058823529,0.875,1.0,0.8928571428571429,0.4434364438056946,51,15,14,18,10,49,16,17,18,34,16,13,28
534,0.6060606060606061,0.5555555555555556,0.5714285714285714,0.6666666666666666,0.8,0.59375,0.6666666666666666,1.0,0.1,0.7083333333333334,0.3333333333333333,0.75,0.65,1.0546460151672363,33,9,7,9,5,32,12,11,10,24,9,8,20,0.9019607843137255,0.9333333333333333,0.8571428571428571,0.7777777777777778,0.9,0.8979591836734694,1.0,1.0,0.7222222222222222,0.9117647058823529,0.875,1.0,0.8928571428571429,0.44606080651283264,51,15,14,18,10,49,16,17,18,34,16,13,28
535,0.6060606060606061,0.5555555555555556,0.5714285714285714,0.6666666666666666,0.8,0.59375,0.6666666666666666,1.0,0.1,0.7083333333333334,0.3333333333333333,0.75,0.65,1.050079107284546,33,9,7,9,5,32,12,11,10,24,9,8,20,0.9019607843137255,0.9333333333333333,0.8571428571428571,0.7777777777777778,0.9,0.8979591836734694,1.0,1.0,0.7222222222222222,0.9117647058823529,0.875,1.0,0.8928571428571429,0.44091737270355225,51,15,14,18,10,49,16,17,18,34,16,13,28
536,0.5757575757575758,0.5555555555555556,0.5714285714285714,0.6666666666666666,0.6,0.5625,0.5833333333333334,1.0,0.1,0.6666666666666666,0.3333333333333333,0.75,0.6,1.0790635347366333,33,9,7,9,5,32,12,11,10,24,9,8,20,0.9019607843137255,0.9333333333333333,0.8571428571428571,0.7777777777777778,0.9,0.8979591836734694,1.0,1.0,0.7222222222222222,0.9117647058823529,0.875,1.0,0.8928571428571429,0.4419860541820526,51,15,14,18,10,49,16,17,18,34,16,13,28
537,0.5757575757575758,0.5555555555555556,0.5714285714285714,0.6666666666666666,0.6,0.5625,0.5833333333333334,1.0,0.1,0.6666666666666666,0.3333333333333333,0.75,0.6,1.0799838304519653,33,9,7,9,5,32,12,11,10,24,9,8,20,0.9019607843137255,0.9333333333333333,0.8571428571428571,0.7777777777777778,0.9,0.8979591836734694,1.0,1.0,0.7222222222222222,0.9117647058823529,0.875,1.0,0.8928571428571429,0.4399993419647217,51,15,14,18,10,49,16,17,18,34,16,13,28
538,0.6060606060606061,0.5555555555555556,0.5714285714285714,0.6666666666666666,0.8,0.59375,0.6666666666666666,1.0,0.1,0.7083333333333334,0.3333333333333333,0.75,0.65,1.031944990158081,33,9,7,9,5,32,12,11,10,24,9,8,20,0.8823529411764706,0.9333333333333333,0.8571428571428571,0.7777777777777778,0.9,0.8775510204081632,1.0,1.0,0.6666666666666666,0.8823529411764706,0.875,0.9230769230769231,0.8571428571428571,0.43925222754478455,51,15,14,18,10,49,16,17,18,34,16,13,28
539,0.6060606060606061,0.5555555555555556,0.5714285714285714,0.6666666666666666,0.8,0.59375,0.6666666666666666,1.0,0.1,0.7083333333333334,0.3333333333333333,0.75,0.65,1.0657562017440796,33,9,7,9,5,32,12,11,10,24,9,8,20,0.9019607843137255,0.9333333333333333,0.8571428571428571,0.7777777777777778,0.9,0.8979591836734694,1.0,1.0,0.7222222222222222,0.9117647058823529,0.875,1.0,0.8928571428571429,0.43786317110061646,51,15,14,18,10,49,16,17,18,34,16,13,28
540,0.5454545454545454,0.4444444444444444,0.5714285714285714,0.6666666666666666,0.4,0.53125,0.5833333333333334,1.0,0.0,0.625,0.3333333333333333,0.75,0.6,1.0960400104522705,33,9,7,9,5,32,12,11,10,24,9,8,20,0.9019607843137255,0.9333333333333333,0.8571428571428571,0.7777777777777778,0.9,0.8979591836734694,1.0,1.0,0.7222222222222222,0.9117647058823529,0.875,1.0,0.8928571428571429,0.4357203543186188,51,15,14,18,10,49,16,17,18,34,16,13,28
541,0.6060606060606061,0.5555555555555556,0.5714285714285714,0.6666666666666666,0.8,0.59375,0.6666666666666666,1.0,0.1,0.7083333333333334,0.3333333333333333,0.75,0.65,1.0465679168701172,33,9,7,9,5,32,12,11,10,24,9,8,20,0.9019607843137255,0.9333333333333333,0.8571428571428571,0.7777777777777778,0.9,0.8979591836734694,1.0,1.0,0.7222222222222222,0.9117647058823529,0.875,1.0,0.8928571428571429,0.44020289182662964,51,15,14,18,10,49,16,17,18,34,16,13,28
542,0.6060606060606061,0.5555555555555556,0.5714285714285714,0.6666666666666666,0.8,0.59375,0.6666666666666666,1.0,0.1,0.7083333333333334,0.3333333333333333,0.75,0.65,1.056693196296692,33,9,7,9,5,32,12,11,10,24,9,8,20,0.9215686274509803,1.0,0.9285714285714286,0.8333333333333334,1.0,0.9183673469387755,1.0,1.0,0.7777777777777778,0.9411764705882353,0.875,1.0,0.8928571428571429,0.43551456928253174,51,15,14,18,10,49,16,17,18,34,16,13,28
543,0.5757575757575758,0.5555555555555556,0.5714285714285714,0.6666666666666666,0.6,0.5625,0.5833333333333334,1.0,0.1,0.6666666666666666,0.3333333333333333,0.75,0.6,1.0841553211212158,33,9,7,9,5,32,12,11,10,24,9,8,20,0.9019607843137255,0.9333333333333333,0.8571428571428571,0.7777777777777778,0.9,0.8979591836734694,1.0,1.0,0.7222222222222222,0.9117647058823529,0.875,1.0,0.8928571428571429,0.4322817325592041,51,15,14,18,10,49,16,17,18,34,16,13,28
544,0.6060606060606061,0.5555555555555556,0.5714285714285714,0.6666666666666666,0.8,0.59375,0.6666666666666666,1.0,0.1,0.7083333333333334,0.3333333333333333,0.75,0.65,1.0472360849380493,33,9,7,9,5,32,12,11,10,24,9,8,20,0.8823529411764706,0.9333333333333333,0.8571428571428571,0.7777777777777778,0.9,0.8775510204081632,1.0,1.0,0.6666666666666666,0.8823529411764706,0.875,0.9230769230769231,0.8571428571428571,0.43462198972702026,51,15,14,18,10,49,16,17,18,34,16,13,28
545,0.6060606060606061,0.5555555555555556,0.5714285714285714,0.6666666666666666,0.8,0.59375,0.6666666666666666,1.0,0.1,0.7083333333333334,0.3333333333333333,0.75,0.65,1.0559576749801636,33,9,7,9,5,32,12,11,10,24,9,8,20,0.9019607843137255,0.9333333333333333,0.8571428571428571,0.7777777777777778,0.9,0.8979591836734694,1.0,1.0,0.7222222222222222,0.9117647058823529,0.875,1.0,0.8928571428571429,0.4399855434894562,51,15,14,18,10,49,16,17,18,34,16,13,28
546,0.5757575757575758,0.5555555555555556,0.5714285714285714,0.6666666666666666,0.6,0.5625,0.5833333333333334,1.0,0.1,0.6666666666666666,0.3333333333333333,0.75,0.6,1.0800464153289795,33,9,7,9,5,32,12,11,10,24,9,8,20,0.9019607843137255,0.9333333333333333,0.8571428571428571,0.7777777777777778,0.9,0.8979591836734694,1.0,1.0,0.7222222222222222,0.9117647058823529,0.875,1.0,0.8928571428571429,0.4307136833667755,51,15,14,18,10,49,16,17,18,34,16,13,28
547,0.6060606060606061,0.5555555555555556,0.5714285714285714,0.6666666666666666,0.8,0.59375,0.6666666666666666,1.0,0.1,0.7083333333333334,0.3333333333333333,0.75,0.65,1.0600566864013672,33,9,7,9,5,32,12,11,10,24,9,8,20,0.9019607843137255,0.9333333333333333,0.8571428571428571,0.7777777777777778,0.9,0.8979591836734694,1.0,1.0,0.7222222222222222,0.9117647058823529,0.875,1.0,0.8928571428571429,0.43312808871269226,51,15,14,18,10,49,16,17,18,34,16,13,28
548,0.6060606060606061,0.5555555555555556,0.5714285714285714,0.6666666666666666,0.8,0.59375,0.6666666666666666,1.0,0.1,0.7083333333333334,0.3333333333333333,0.75,0.65,1.0438628196716309,33,9,7,9,5,32,12,11,10,24,9,8,20,0.9019607843137255,0.9333333333333333,0.8571428571428571,0.7777777777777778,0.9,0.8979591836734694,1.0,1.0,0.7222222222222222,0.9117647058823529,0.875,1.0,0.8928571428571429,0.4335881173610687,51,15,14,18,10,49,16,17,18,34,16,13,28
549,0.5757575757575758,0.5555555555555556,0.5714285714285714,0.6666666666666666,0.6,0.5625,0.5833333333333334,1.0,0.1,0.6666666666666666,0.3333333333333333,0.75,0.6,1.0903435945510864,33,9,7,9,5,32,12,11,10,24,9,8,20,0.9411764705882353,1.0,0.9285714285714286,0.8333333333333334,1.0,0.9387755102040817,1.0,1.0,0.8333333333333334,0.9411764705882353,0.9375,1.0,0.8928571428571429,0.43191832304000854,51,15,14,18,10,49,16,17,18,34,16,13,28
550,0.6060606060606061,0.5555555555555556,0.5714285714285714,0.6666666666666666,0.8,0.59375,0.6666666666666666,1.0,0.1,0.7083333333333334,0.3333333333333333,0.75,0.65,1.0633317232131958,33,9,7,9,5,32,12,11,10,24,9,8,20,0.9019607843137255,0.9333333333333333,0.8571428571428571,0.7777777777777778,0.9,0.8979591836734694,1.0,1.0,0.7222222222222222,0.9117647058823529,0.875,1.0,0.8928571428571429,0.4310224950313568,51,15,14,18,10,49,16,17,18,34,16,13,28
551,0.6060606060606061,0.5555555555555556,0.5714285714285714,0.6666666666666666,0.8,0.59375,0.6666666666666666,1.0,0.1,0.7083333333333334,0.3333333333333333,0.75,0.65,1.0496313571929932,33,9,7,9,5,32,12,11,10,24,9,8,20,0.9019607843137255,0.9333333333333333,0.8571428571428571,0.7777777777777778,0.9,0.8979591836734694,1.0,1.0,0.7222222222222222,0.9117647058823529,0.875,1.0,0.8928571428571429,0.42818698287010193,51,15,14,18,10,49,16,17,18,34,16,13,28
552,0.5757575757575758,0.5555555555555556,0.5714285714285714,0.6666666666666666,0.6,0.5625,0.5833333333333334,1.0,0.1,0.6666666666666666,0.3333333333333333,0.75,0.6,1.0914709568023682,33,9,7,9,5,32,12,11,10,24,9,8,20,0.9215686274509803,1.0,0.9285714285714286,0.8333333333333334,1.0,0.9183673469387755,1.0,1.0,0.7777777777777778,0.9411764705882353,0.875,1.0,0.8928571428571429,0.43000179529190063,51,15,14,18,10,49,16,17,18,34,16,13,28
553,0.5757575757575758,0.5555555555555556,0.5714285714285714,0.6666666666666666,0.6,0.5625,0.5833333333333334,1.0,0.1,0.6666666666666666,0.3333333333333333,0.75,0.6,1.0775147676467896,33,9,7,9,5,32,12,11,10,24,9,8,20,0.9019607843137255,0.9333333333333333,0.8571428571428571,0.7777777777777778,0.9,0.8979591836734694,1.0,1.0,0.7222222222222222,0.9117647058823529,0.875,1.0,0.8928571428571429,0.4302767515182495,51,15,14,18,10,49,16,17,18,34,16,13,28
554,0.6363636363636364,0.5555555555555556,0.5714285714285714,0.6666666666666666,0.8,0.625,0.6666666666666666,1.0,0.2,0.7083333333333334,0.4444444444444444,0.875,0.65,1.0481780767440796,33,9,7,9,5,32,12,11,10,24,9,8,20,0.9411764705882353,0.9333333333333333,0.9285714285714286,0.8333333333333334,0.9,0.9387755102040817,1.0,1.0,0.8333333333333334,0.9411764705882353,0.9375,1.0,0.9285714285714286,0.42305150628089905,51,15,14,18,10,49,16,17,18,34,16,13,28
555,0.5757575757575758,0.5555555555555556,0.5714285714285714,0.6666666666666666,0.6,0.5625,0.5833333333333334,1.0,0.1,0.6666666666666666,0.3333333333333333,0.75,0.6,1.0942662954330444,33,9,7,9,5,32,12,11,10,24,9,8,20,0.9411764705882353,1.0,1.0,0.8888888888888888,1.0,0.9387755102040817,1.0,1.0,0.8333333333333334,0.9705882352941176,0.875,1.0,0.9285714285714286,0.4222193658351898,51,15,14,18,10,49,16,17,18,34,16,13,28
556,0.5757575757575758,0.5555555555555556,0.5714285714285714,0.6666666666666666,0.6,0.5625,0.5833333333333334,1.0,0.1,0.6666666666666666,0.3333333333333333,0.75,0.6,1.0899361371994019,33,9,7,9,5,32,12,11,10,24,9,8,20,0.9019607843137255,0.9333333333333333,0.8571428571428571,0.7777777777777778,0.9,0.8979591836734694,1.0,1.0,0.7222222222222222,0.9117647058823529,0.875,1.0,0.8928571428571429,0.42345643043518066,51,15,14,18,10,49,16,17,18,34,16,13,28
557,0.6363636363636364,0.5555555555555556,0.5714285714285714,0.6666666666666666,0.8,0.625,0.6666666666666666,1.0,0.2,0.7083333333333334,0.4444444444444444,0.875,0.65,1.041712760925293,33,9,7,9,5,32,12,11,10,24,9,8,20,0.9019607843137255,0.9333333333333333,0.8571428571428571,0.7777777777777778,0.9,0.8979591836734694,1.0,1.0,0.7222222222222222,0.9117647058823529,0.875,1.0,0.8928571428571429,0.4237833619117737,51,15,14,18,10,49,16,17,18,34,16,13,28
558,0.5757575757575758,0.5555555555555556,0.5714285714285714,0.6666666666666666,0.6,0.5625,0.5833333333333334,1.0,0.1,0.6666666666666666,0.3333333333333333,0.75,0.6,1.0976005792617798,33,9,7,9,5,32,12,11,10,24,9,8,20,0.9411764705882353,1.0,0.9285714285714286,0.8333333333333334,1.0,0.9387755102040817,1.0,1.0,0.8333333333333334,0.9411764705882353,0.9375,1.0,0.8928571428571429,0.4203316271305084,51,15,14,18,10,49,16,17,18,34,16,13,28
559,0.5757575757575758,0.5555555555555556,0.5714285714285714,0.6666666666666666,0.6,0.5625,0.5833333333333334,1.0,0.1,0.6666666666666666,0.3333333333333333,0.75,0.6,1.0775415897369385,33,9,7,9,5,32,12,11,10,24,9,8,20,0.9019607843137255,0.9333333333333333,0.8571428571428571,0.7777777777777778,0.9,0.8979591836734694,1.0,1.0,0.7222222222222222,0.9117647058823529,0.875,1.0,0.8928571428571429,0.42207789421081543,51,15,14,18,10,49,16,17,18,34,16,13,28
560,0.6363636363636364,0.5555555555555556,0.5714285714285714,0.6666666666666666,0.8,0.625,0.6666666666666666,1.0,0.2,0.7083333333333334,0.4444444444444444,0.875,0.65,1.0437134504318237,33,9,7,9,5,32,12,11,10,24,9,8,20,0.9019607843137255,0.9333333333333333,0.8571428571428571,0.7777777777777778,0.9,0.8979591836734694,1.0,1.0,0.7222222222222222,0.9117647058823529,0.875,1.0,0.8928571428571429,0.42326605319976807,51,15,14,18,10,49,16,17,18,34,16,13,28
561,0.5454545454545454,0.4444444444444444,0.5714285714285714,0.5555555555555556,0.4,0.53125,0.5,1.0,0.1,0.625,0.3333333333333333,0.75,0.55,1.1119999885559082,33,9,7,9,5,32,12,11,10,24,9,8,20,0.9607843137254902,1.0,1.0,0.8888888888888888,1.0,0.9591836734693877,1.0,1.0,0.8888888888888888,0.9705882352941176,0.9375,1.0,0.9285714285714286,0.42151376605033875,51,15,14,18,10,49,16,17,18,34,16,13,28
562,0.5757575757575758,0.5555555555555556,0.5714285714285714,0.6666666666666666,0.6,0.5625,0.5833333333333334,1.0,0.1,0.6666666666666666,0.3333333333333333,0.75,0.6,1.0915130376815796,33,9,7,9,5,32,12,11,10,24,9,8,20,0.9019607843137255,0.9333333333333333,0.8571428571428571,0.7777777777777778,0.9,0.8979591836734694,1.0,1.0,0.7222222222222222,0.9117647058823529,0.875,1.0,0.8928571428571429,0.41954368352890015,51,15,14,18,10,49,16,17,18,34,16,13,28
563,0.6363636363636364,0.5555555555555556,0.5714285714285714,0.6666666666666666,0.8,0.625,0.6666666666666666,1.0,0.2,0.7083333333333334,0.4444444444444444,0.875,0.65,1.0471971035003662,33,9,7,9,5,32,12,11,10,24,9,8,20,0.9215686274509803,1.0,0.9285714285714286,0.8333333333333334,1.0,0.9183673469387755,1.0,1.0,0.7777777777777778,0.9411764705882353,0.875,1.0,0.8928571428571429,0.4153721332550049,51,15,14,18,10,49,16,17,18,34,16,13,28
564,0.5757575757575758,0.5555555555555556,0.5714285714285714,0.6666666666666666,0.6,0.5625,0.5833333333333334,1.0,0.1,0.6666666666666666,0.3333333333333333,0.75,0.6,1.0870758295059204,33,9,7,9,5,32,12,11,10,24,9,8,20,0.9411764705882353,1.0,0.9285714285714286,0.8333333333333334,1.0,0.9387755102040817,1.0,1.0,0.8333333333333334,0.9411764705882353,0.9375,1.0,0.8928571428571429,0.41916847229003906,51,15,14,18,10,49,16,17,18,34,16,13,28
565,0.5454545454545454,0.5555555555555556,0.5714285714285714,0.6666666666666666,0.6,0.53125,0.5,1.0,0.1,0.625,0.3333333333333333,0.75,0.55,1.1097766160964966,33,9,7,9,5,32,12,11,10,24,9,8,20,0.9215686274509803,1.0,0.9285714285714286,0.8333333333333334,1.0,0.9183673469387755,1.0,1.0,0.7777777777777778,0.9411764705882353,0.875,1.0,0.8928571428571429,0.4173978269100189,51,15,14,18,10,49,16,17,18,34,16,13,28
566,0.6363636363636364,0.5555555555555556,0.5714285714285714,0.6666666666666666,0.8,0.625,0.6666666666666666,1.0,0.2,0.7083333333333334,0.4444444444444444,0.875,0.65,1.0319055318832397,33,9,7,9,5,32,12,11,10,24,9,8,20,0.9019607843137255,0.9333333333333333,0.8571428571428571,0.7777777777777778,0.9,0.8979591836734694,1.0,1.0,0.7222222222222222,0.9117647058823529,0.875,1.0,0.8928571428571429,0.4118150472640991,51,15,14,18,10,49,16,17,18,34,16,13,28
567,0.5757575757575758,0.5555555555555556,0.5714285714285714,0.6666666666666666,0.6,0.5625,0.5833333333333334,1.0,0.1,0.6666666666666666,0.3333333333333333,0.75,0.6,1.082435965538025,33,9,7,9,5,32,12,11,10,24,9,8,20,0.9803921568627451,1.0,1.0,0.9444444444444444,1.0,0.9795918367346939,1.0,1.0,0.9444444444444444,1.0,0.9375,1.0,0.9642857142857143,0.41689467430114746,51,15,14,18,10,49,16,17,18,34,16,13,28
568,0.5151515151515151,0.4444444444444444,0.5714285714285714,0.5555555555555556,0.4,0.5,0.4166666666666667,1.0,0.1,0.5833333333333334,0.3333333333333333,0.75,0.5,1.1135156154632568,33,9,7,9,5,32,12,11,10,24,9,8,20,0.9411764705882353,0.9333333333333333,0.8571428571428571,0.8333333333333334,0.9,0.9387755102040817,1.0,1.0,0.8333333333333334,0.9411764705882353,0.9375,1.0,0.9285714285714286,0.4103104770183563,51,15,14,18,10,49,16,17,18,34,16,13,28
569,0.6363636363636364,0.5555555555555556,0.5714285714285714,0.6666666666666666,0.8,0.625,0.6666666666666666,1.0,0.2,0.7083333333333334,0.4444444444444444,0.875,0.65,1.0484039783477783,33,9,7,9,5,32,12,11,10,24,9,8,20,0.9019607843137255,0.9333333333333333,0.8571428571428571,0.7777777777777778,0.9,0.8979591836734694,1.0,1.0,0.7222222222222222,0.9117647058823529,0.875,1.0,0.8928571428571429,0.41725340485572815,51,15,14,18,10,49,16,17,18,34,16,13,28
570,0.6363636363636364,0.5555555555555556,0.5714285714285714,0.6666666666666666,0.8,0.625,0.6666666666666666,1.0,0.2,0.7083333333333334,0.4444444444444444,0.875,0.65,1.0614092350006104,33,9,7,9,5,32,12,11,10,24,9,8,20,0.9607843137254902,1.0,1.0,0.9444444444444444,1.0,0.9591836734693877,1.0,1.0,0.8888888888888888,1.0,0.875,1.0,0.9642857142857143,0.4166873097419739,51,15,14,18,10,49,16,17,18,34,16,13,28
571,0.5151515151515151,0.4444444444444444,0.5714285714285714,0.5555555555555556,0.4,0.5,0.4166666666666667,1.0,0.1,0.5833333333333334,0.3333333333333333,0.75,0.5,1.1189061403274536,33,9,7,9,5,32,12,11,10,24,9,8,20,0.9215686274509803,0.9333333333333333,0.8571428571428571,0.8333333333333334,0.9,0.9183673469387755,1.0,1.0,0.7777777777777778,0.9411764705882353,0.875,1.0,0.9285714285714286,0.41275742650032043,51,15,14,18,10,49,16,17,18,34,16,13,28
572,0.5757575757575758,0.5555555555555556,0.5714285714285714,0.6666666666666666,0.6,0.5625,0.5833333333333334,1.0,0.1,0.6666666666666666,0.3333333333333333,0.75,0.6,1.0920560359954834,33,9,7,9,5,32,12,11,10,24,9,8,20,0.9215686274509803,1.0,0.9285714285714286,0.8333333333333334,1.0,0.9183673469387755,1.0,1.0,0.7777777777777778,0.9411764705882353,0.875,1.0,0.8928571428571429,0.4036170244216919,51,15,14,18,10,49,16,17,18,34,16,13,28
573,0.6363636363636364,0.5555555555555556,0.5714285714285714,0.6666666666666666,0.8,0.625,0.6666666666666666,1.0,0.2,0.7083333333333334,0.4444444444444444,0.875,0.65,1.028878927230835,33,9,7,9,5,32,12,11,10,24,9,8,20,0.9215686274509803,1.0,0.9285714285714286,0.8333333333333334,1.0,0.9183673469387755,1.0,1.0,0.7777777777777778,0.9411764705882353,0.875,1.0,0.8928571428571429,0.4101080298423767,51,15,14,18,10,49,16,17,18,34,16,13,28
574,0.5151515151515151,0.4444444444444444,0.5714285714285714,0.5555555555555556,0.4,0.5,0.4166666666666667,1.0,0.1,0.5833333333333334,0.3333333333333333,0.75,0.5,1.124941349029541,33,9,7,9,5,32,12,11,10,24,9,8,20,0.9607843137254902,1.0,0.9285714285714286,0.8888888888888888,1.0,0.9591836734693877,1.0,1.0,0.8888888888888888,0.9705882352941176,0.9375,1.0,0.9285714285714286,0.41244223713874817,51,15,14,18,10,49,16,17,18,34,16,13,28
575,0.5151515151515151,0.4444444444444444,0.5714285714285714,0.5555555555555556,0.4,0.5,0.4166666666666667,1.0,0.1,0.5833333333333334,0.3333333333333333,0.75,0.5,1.1228302717208862,33,9,7,9,5,32,12,11,10,24,9,8,20,0.9215686274509803,0.9333333333333333,0.8571428571428571,0.7777777777777778,0.9,0.9183673469387755,1.0,1.0,0.7777777777777778,0.9117647058823529,0.9375,1.0,0.8928571428571429,0.4087245464324951,51,15,14,18,10,49,16,17,18,34,16,13,28
576,0.6363636363636364,0.5555555555555556,0.5714285714285714,0.6666666666666666,0.8,0.625,0.6666666666666666,1.0,0.2,0.7083333333333334,0.4444444444444444,0.875,0.65,1.037029504776001,33,9,7,9,5,32,12,11,10,24,9,8,20,0.9215686274509803,0.9333333333333333,0.8571428571428571,0.7777777777777778,0.9,0.9183673469387755,1.0,1.0,0.7777777777777778,0.9117647058823529,0.9375,1.0,0.8928571428571429,0.40973564982414246,51,15,14,18,10,49,16,17,18,34,16,13,28
577,0.6060606060606061,0.5555555555555556,0.5714285714285714,0.6666666666666666,0.6,0.59375,0.5833333333333334,1.0,0.2,0.6666666666666666,0.4444444444444444,0.875,0.6,1.0787279605865479,33,9,7,9,5,32,12,11,10,24,9,8,20,0.9607843137254902,1.0,0.9285714285714286,0.8888888888888888,1.0,0.9591836734693877,1.0,1.0,0.8888888888888888,0.9705882352941176,0.9375,1.0,0.9285714285714286,0.4086620807647705,51,15,14,18,10,49,16,17,18,34,16,13,28
578,0.5151515151515151,0.4444444444444444,0.5714285714285714,0.5555555555555556,0.4,0.5,0.4166666666666667,1.0,0.1,0.5833333333333334,0.3333333333333333,0.75,0.5,1.1284759044647217,33,9,7,9,5,32,12,11,10,24,9,8,20,0.9215686274509803,1.0,0.9285714285714286,0.8333333333333334,1.0,0.9183673469387755,1.0,1.0,0.7777777777777778,0.9411764705882353,0.875,1.0,0.8928571428571429,0.4048534333705902,51,15,14,18,10,49,16,17,18,34,16,13,28
579,0.6363636363636364,0.5555555555555556,0.5714285714285714,0.6666666666666666,0.8,0.625,0.6666666666666666,1.0,0.2,0.7083333333333334,0.4444444444444444,0.875,0.65,1.0548858642578125,33,9,7,9,5,32,12,11,10,24,9,8,20,0.9215686274509803,0.9333333333333333,0.8571428571428571,0.7777777777777778,0.9,0.9183673469387755,1.0,1.0,0.7777777777777778,0.9117647058823529,0.9375,1.0,0.8928571428571429,0.4097941517829895,51,15,14,18,10,49,16,17,18,34,16,13,28
580,0.6060606060606061,0.5555555555555556,0.5714285714285714,0.6666666666666666,0.6,0.59375,0.5833333333333334,1.0,0.2,0.6666666666666666,0.4444444444444444,0.875,0.6,1.0823650360107422,33,9,7,9,5,32,12,11,10,24,9,8,20,0.9607843137254902,1.0,0.9285714285714286,0.8888888888888888,1.0,0.9591836734693877,1.0,1.0,0.8888888888888888,0.9705882352941176,0.9375,1.0,0.9285714285714286,0.4046514630317688,51,15,14,18,10,49,16,17,18,34,16,13,28
581,0.5151515151515151,0.4444444444444444,0.5714285714285714,0.5555555555555556,0.4,0.5,0.4166666666666667,1.0,0.1,0.5833333333333334,0.3333333333333333,0.75,0.5,1.1170793771743774,33,9,7,9,5,32,12,11,10,24,9,8,20,0.9411764705882353,1.0,0.9285714285714286,0.8888888888888888,1.0,0.9387755102040817,1.0,1.0,0.8333333333333334,0.9705882352941176,0.875,1.0,0.9285714285714286,0.40092846751213074,51,15,14,18,10,49,16,17,18,34,16,13,28
582,0.6060606060606061,0.5555555555555556,0.5714285714285714,0.6666666666666666,0.6,0.59375,0.5833333333333334,1.0,0.2,0.6666666666666666,0.4444444444444444,0.875,0.6,1.0746541023254395,33,9,7,9,5,32,12,11,10,24,9,8,20,0.9411764705882353,0.9333333333333333,0.9285714285714286,0.8888888888888888,0.9,0.9387755102040817,1.0,1.0,0.8333333333333334,0.9705882352941176,0.875,1.0,0.9642857142857143,0.3990655839443207,51,15,14,18,10,49,16,17,18,34,16,13,28
583,0.6363636363636364,0.5555555555555556,0.5714285714285714,0.6666666666666666,0.8,0.625,0.6666666666666666,1.0,0.2,0.7083333333333334,0.4444444444444444,0.875,0.65,1.0652039051055908,33,9,7,9,5,32,12,11,10,24,9,8,20,0.9607843137254902,1.0,1.0,0.8888888888888888,1.0,0.9591836734693877,1.0,1.0,0.8888888888888888,0.9705882352941176,0.9375,1.0,0.9285714285714286,0.40159210562705994,51,15,14,18,10,49,16,17,18,34,16,13,28
584,0.5454545454545454,0.5555555555555556,0.5714285714285714,0.6666666666666666,0.6,0.53125,0.5,1.0,0.1,0.625,0.3333333333333333,0.75,0.55,1.1116008758544922,33,9,7,9,5,32,12,11,10,24,9,8,20,0.9803921568627451,1.0,1.0,0.9444444444444444,1.0,0.9795918367346939,1.0,1.0,0.9444444444444444,1.0,0.9375,1.0,0.9642857142857143,0.40292030572891235,51,15,14,18,10,49,16,17,18,34,16,13,28
585,0.5454545454545454,0.5555555555555556,0.5714285714285714,0.6666666666666666,0.6,0.53125,0.5,1.0,0.1,0.625,0.3333333333333333,0.75,0.55,1.107557773590088,33,9,7,9,5,32,12,11,10,24,9,8,20,0.9411764705882353,1.0,0.9285714285714286,0.8333333333333334,1.0,0.9387755102040817,1.0,1.0,0.8333333333333334,0.9411764705882353,0.9375,1.0,0.8928571428571429,0.3989361524581909,51,15,14,18,10,49,16,17,18,34,16,13,28
586,0.6363636363636364,0.5555555555555556,0.5714285714285714,0.6666666666666666,0.8,0.625,0.6666666666666666,1.0,0.2,0.7083333333333334,0.4444444444444444,0.875,0.65,1.0597329139709473,33,9,7,9,5,32,12,11,10,24,9,8,20,0.9803921568627451,1.0,1.0,0.9444444444444444,1.0,0.9795918367346939,1.0,1.0,0.9444444444444444,1.0,0.9375,1.0,0.9642857142857143,0.39558547735214233,51,15,14,18,10,49,16,17,18,34,16,13,28
587,0.6060606060606061,0.5555555555555556,0.5714285714285714,0.6666666666666666,0.6,0.59375,0.5833333333333334,1.0,0.2,0.6666666666666666,0.4444444444444444,0.875,0.6,1.0954872369766235,33,9,7,9,5,32,12,11,10,24,9,8,20,0.9607843137254902,1.0,0.9285714285714286,0.8888888888888888,1.0,0.9591836734693877,1.0,1.0,0.8888888888888888,0.9705882352941176,0.9375,1.0,0.9285714285714286,0.39669084548950195,51,15,14,18,10,49,16,17,18,34,16,13,28
588,0.5151515151515151,0.4444444444444444,0.5714285714285714,0.5555555555555556,0.4,0.5,0.4166666666666667,1.0,0.1,0.5833333333333334,0.3333333333333333,0.75,0.5,1.118744134902954,33,9,7,9,5,32,12,11,10,24,9,8,20,0.9607843137254902,1.0,0.9285714285714286,0.8888888888888888,1.0,0.9591836734693877,1.0,1.0,0.8888888888888888,0.9705882352941176,0.9375,1.0,0.9285714285714286,0.39803940057754517,51,15,14,18,10,49,16,17,18,34,16,13,28
589,0.6363636363636364,0.5555555555555556,0.5714285714285714,0.6666666666666666,0.8,0.625,0.6666666666666666,1.0,0.2,0.7083333333333334,0.4444444444444444,0.875,0.65,1.060133695602417,33,9,7,9,5,32,12,11,10,24,9,8,20,0.9803921568627451,1.0,1.0,0.9444444444444444,1.0,0.9795918367346939,1.0,1.0,0.9444444444444444,1.0,0.9375,1.0,0.9642857142857143,0.391755074262619,51,15,14,18,10,49,16,17,18,34,16,13,28
590,0.6060606060606061,0.5555555555555556,0.5714285714285714,0.6666666666666666,0.6,0.59375,0.5833333333333334,1.0,0.2,0.6666666666666666,0.4444444444444444,0.875,0.6,1.106178641319275,33,9,7,9,5,32,12,11,10,24,9,8,20,0.9803921568627451,1.0,1.0,0.9444444444444444,1.0,0.9795918367346939,1.0,1.0,0.9444444444444444,1.0,0.9375,1.0,0.9642857142857143,0.39326658844947815,51,15,14,18,10,49,16,17,18,34,16,13,28
591,0.5151515151515151,0.4444444444444444,0.5714285714285714,0.5555555555555556,0.4,0.5,0.4166666666666667,1.0,0.1,0.5833333333333334,0.3333333333333333,0.75,0.5,1.137736201286316,33,9,7,9,5,32,12,11,10,24,9,8,20,0.9803921568627451,1.0,1.0,0.9444444444444444,1.0,0.9795918367346939,1.0,1.0,0.9444444444444444,1.0,0.9375,1.0,0.9642857142857143,0.39611056447029114,51,15,14,18,10,49,16,17,18,34,16,13,28
592,0.6363636363636364,0.5555555555555556,0.5714285714285714,0.6666666666666666,0.8,0.625,0.6666666666666666,1.0,0.2,0.7083333333333334,0.4444444444444444,0.875,0.65,1.0716310739517212,33,9,7,9,5,32,12,11,10,24,9,8,20,0.9411764705882353,1.0,0.9285714285714286,0.8333333333333334,1.0,0.9387755102040817,1.0,1.0,0.8333333333333334,0.9411764705882353,0.9375,1.0,0.8928571428571429,0.39026200771331787,51,15,14,18,10,49,16,17,18,34,16,13,28
593,0.6060606060606061,0.5555555555555556,0.5714285714285714,0.6666666666666666,0.6,0.59375,0.5833333333333334,1.0,0.2,0.6666666666666666,0.4444444444444444,0.875,0.6,1.0806972980499268,33,9,7,9,5,32,12,11,10,24,9,8,20,0.9803921568627451,1.0,1.0,0.9444444444444444,1.0,0.9795918367346939,1.0,1.0,0.9444444444444444,1.0,0.9375,1.0,0.9642857142857143,0.38820570707321167,51,15,14,18,10,49,16,17,18,34,16,13,28
594,0.5151515151515151,0.4444444444444444,0.5714285714285714,0.5555555555555556,0.4,0.5,0.4166666666666667,1.0,0.1,0.5833333333333334,0.3333333333333333,0.75,0.5,1.137256145477295,33,9,7,9,5,32,12,11,10,24,9,8,20,0.9803921568627451,1.0,1.0,0.9444444444444444,1.0,0.9795918367346939,1.0,1.0,0.9444444444444444,1.0,0.9375,1.0,0.9642857142857143,0.3896583020687103,51,15,14,18,10,49,16,17,18,34,16,13,28
595,0.6060606060606061,0.5555555555555556,0.5714285714285714,0.6666666666666666,0.6,0.59375,0.5833333333333334,1.0,0.2,0.6666666666666666,0.4444444444444444,0.875,0.6,1.0785694122314453,33,9,7,9,5,32,12,11,10,24,9,8,20,0.9215686274509803,0.9333333333333333,0.8571428571428571,0.7777777777777778,0.9,0.9183673469387755,1.0,1.0,0.7777777777777778,0.9117647058823529,0.9375,1.0,0.8928571428571429,0.39279288053512573,51,15,14,18,10,49,16,17,18,34,16,13,28
596,0.6060606060606061,0.5555555555555556,0.5714285714285714,0.6666666666666666,0.6,0.59375,0.5833333333333334,1.0,0.2,0.6666666666666666,0.4444444444444444,0.875,0.6,1.0694150924682617,33,9,7,9,5,32,12,11,10,24,9,8,20,0.9803921568627451,1.0,1.0,0.9444444444444444,1.0,0.9795918367346939,1.0,1.0,0.9444444444444444,1.0,0.9375,1.0,0.9642857142857143,0.38983502984046936,51,15,14,18,10,49,16,17,18,34,16,13,28
597,0.5151515151515151,0.4444444444444444,0.5714285714285714,0.5555555555555556,0.4,0.5,0.4166666666666667,1.0,0.1,0.5833333333333334,0.3333333333333333,0.75,0.5,1.1170378923416138,33,9,7,9,5,32,12,11,10,24,9,8,20,0.9803921568627451,1.0,1.0,0.9444444444444444,1.0,0.9795918367346939,1.0,1.0,0.9444444444444444,1.0,0.9375,1.0,0.9642857142857143,0.38780343532562256,51,15,14,18,10,49,16,17,18,34,16,13,28
598,0.5151515151515151,0.4444444444444444,0.5714285714285714,0.5555555555555556,0.4,0.5,0.4166666666666667,1.0,0.1,0.5833333333333334,0.3333333333333333,0.75,0.5,1.1168133020401,33,9,7,9,5,32,12,11,10,24,9,8,20,0.9607843137254902,1.0,1.0,0.8888888888888888,1.0,0.9591836734693877,1.0,1.0,0.8888888888888888,0.9705882352941176,0.9375,1.0,0.9285714285714286,0.3880876898765564,51,15,14,18,10,49,16,17,18,34,16,13,28
599,0.6060606060606061,0.5555555555555556,0.5714285714285714,0.6666666666666666,0.6,0.59375,0.5833333333333334,1.0,0.2,0.6666666666666666,0.4444444444444444,0.875,0.6,1.084241271018982,33,9,7,9,5,32,12,11,10,24,9,8,20,0.9607843137254902,1.0,1.0,0.9444444444444444,1.0,0.9591836734693877,1.0,1.0,0.8888888888888888,1.0,0.875,1.0,0.9642857142857143,0.3851241171360016,51,15,14,18,10,49,16,17,18,34,16,13,28
600,0.6060606060606061,0.5555555555555556,0.5714285714285714,0.6666666666666666,0.6,0.59375,0.5833333333333334,1.0,0.2,0.6666666666666666,0.4444444444444444,0.875,0.6,1.0955510139465332,33,9,7,9,5,32,12,11,10,24,9,8,20,0.9803921568627451,1.0,1.0,0.9444444444444444,1.0,0.9795918367346939,1.0,1.0,0.9444444444444444,1.0,0.9375,1.0,0.9642857142857143,0.3829127550125122,51,15,14,18,10,49,16,17,18,34,16,13,28
601,0.5454545454545454,0.4444444444444444,0.5714285714285714,0.5555555555555556,0.4,0.53125,0.4166666666666667,1.0,0.2,0.5833333333333334,0.4444444444444444,0.875,0.5,1.1092464923858643,33,9,7,9,5,32,12,11,10,24,9,8,20,0.9803921568627451,1.0,1.0,0.9444444444444444,1.0,0.9795918367346939,1.0,1.0,0.9444444444444444,1.0,0.9375,1.0,0.9642857142857143,0.38325750827789307,51,15,14,18,10,49,16,17,18,34,16,13,28
602,0.6060606060606061,0.5555555555555556,0.5714285714285714,0.6666666666666666,0.6,0.59375,0.5833333333333334,1.0,0.2,0.6666666666666666,0.4444444444444444,0.875,0.6,1.097287893295288,33,9,7,9,5,32,12,11,10,24,9,8,20,0.9607843137254902,1.0,1.0,0.8888888888888888,1.0,0.9591836734693877,1.0,1.0,0.8888888888888888,0.9705882352941176,0.9375,1.0,0.9285714285714286,0.38228243589401245,51,15,14,18,10,49,16,17,18,34,16,13,28
603,0.6060606060606061,0.5555555555555556,0.5714285714285714,0.6666666666666666,0.6,0.59375,0.5833333333333334,1.0,0.2,0.6666666666666666,0.4444444444444444,0.875,0.6,1.0988211631774902,33,9,7,9,5,32,12,11,10,24,9,8,20,0.9607843137254902,1.0,0.9285714285714286,0.8888888888888888,1.0,0.9591836734693877,1.0,1.0,0.8888888888888888,0.9705882352941176,0.9375,1.0,0.9285714285714286,0.38064733147621155,51,15,14,18,10,49,16,17,18,34,16,13,28
604,0.5454545454545454,0.4444444444444444,0.5714285714285714,0.5555555555555556,0.4,0.53125,0.4166666666666667,1.0,0.2,0.5833333333333334,0.4444444444444444,0.875,0.5,1.1152236461639404,33,9,7,9,5,32,12,11,10,24,9,8,20,0.9803921568627451,1.0,1.0,0.9444444444444444,1.0,0.9795918367346939,1.0,1.0,0.9444444444444444,1.0,0.9375,1.0,0.9642857142857143,0.3814206123352051,51,15,14,18,10,49,16,17,18,34,16,13,28
605,0.6060606060606061,0.5555555555555556,0.5714285714285714,0.6666666666666666,0.6,0.59375,0.5833333333333334,1.0,0.2,0.6666666666666666,0.4444444444444444,0.875,0.6,1.0972148180007935,33,9,7,9,5,32,12,11,10,24,9,8,20,0.9607843137254902,1.0,0.9285714285714286,0.8888888888888888,1.0,0.9591836734693877,1.0,1.0,0.8888888888888888,0.9705882352941176,0.9375,1.0,0.9285714285714286,0.3812531530857086,51,15,14,18,10,49,16,17,18,34,16,13,28
606,0.6060606060606061,0.5555555555555556,0.5714285714285714,0.6666666666666666,0.6,0.59375,0.5833333333333334,1.0,0.2,0.6666666666666666,0.4444444444444444,0.875,0.6,1.0820298194885254,33,9,7,9,5,32,12,11,10,24,9,8,20,0.9803921568627451,1.0,1.0,0.9444444444444444,1.0,0.9795918367346939,1.0,1.0,0.9444444444444444,1.0,0.9375,1.0,0.9642857142857143,0.37114807963371277,51,15,14,18,10,49,16,17,18,34,16,13,28
607,0.5454545454545454,0.4444444444444444,0.5714285714285714,0.5555555555555556,0.4,0.53125,0.4166666666666667,1.0,0.2,0.5833333333333334,0.4444444444444444,0.875,0.5,1.1271806955337524,33,9,7,9,5,32,12,11,10,24,9,8,20,0.9803921568627451,1.0,1.0,0.9444444444444444,1.0,0.9795918367346939,1.0,1.0,0.9444444444444444,1.0,0.9375,1.0,0.9642857142857143,0.3786676526069641,51,15,14,18,10,49,16,17,18,34,16,13,28
608,0.5454545454545454,0.4444444444444444,0.5714285714285714,0.5555555555555556,0.4,0.53125,0.4166666666666667,1.0,0.2,0.5833333333333334,0.4444444444444444,0.875,0.5,1.1094306707382202,33,9,7,9,5,32,12,11,10,24,9,8,20,0.9411764705882353,1.0,0.9285714285714286,0.8888888888888888,1.0,0.9387755102040817,1.0,1.0,0.8333333333333334,0.9705882352941176,0.875,1.0,0.9285714285714286,0.3779580295085907,51,15,14,18,10,49,16,17,18,34,16,13,28
609,0.6060606060606061,0.5555555555555556,0.5714285714285714,0.6666666666666666,0.6,0.59375,0.5833333333333334,1.0,0.2,0.6666666666666666,0.4444444444444444,0.875,0.6,1.0838172435760498,33,9,7,9,5,32,12,11,10,24,9,8,20,0.9803921568627451,1.0,1.0,0.9444444444444444,1.0,0.9795918367346939,1.0,1.0,0.9444444444444444,1.0,0.9375,1.0,0.9642857142857143,0.37639352679252625,51,15,14,18,10,49,16,17,18,34,16,13,28
610,0.5454545454545454,0.4444444444444444,0.5714285714285714,0.5555555555555556,0.4,0.53125,0.4166666666666667,1.0,0.2,0.5833333333333334,0.4444444444444444,0.875,0.5,1.144344449043274,33,9,7,9,5,32,12,11,10,24,9,8,20,1.0,1.0,1.0,1.0,1.0,1.0,1.0,1.0,1.0,1.0,1.0,1.0,1.0,0.3765617907047272,51,15,14,18,10,49,16,17,18,34,16,13,28
611,0.5454545454545454,0.4444444444444444,0.5714285714285714,0.5555555555555556,0.4,0.53125,0.4166666666666667,1.0,0.2,0.5833333333333334,0.4444444444444444,0.875,0.5,1.1150630712509155,33,9,7,9,5,32,12,11,10,24,9,8,20,0.9803921568627451,1.0,1.0,0.9444444444444444,1.0,0.9795918367346939,1.0,1.0,0.9444444444444444,1.0,0.9375,1.0,0.9642857142857143,0.3691227436065674,51,15,14,18,10,49,16,17,18,34,16,13,28
612,0.6060606060606061,0.5555555555555556,0.5714285714285714,0.6666666666666666,0.6,0.59375,0.5833333333333334,1.0,0.2,0.6666666666666666,0.4444444444444444,0.875,0.6,1.0892589092254639,33,9,7,9,5,32,12,11,10,24,9,8,20,0.9803921568627451,1.0,1.0,0.9444444444444444,1.0,0.9795918367346939,1.0,1.0,0.9444444444444444,1.0,0.9375,1.0,0.9642857142857143,0.37432509660720825,51,15,14,18,10,49,16,17,18,34,16,13,28
613,0.5454545454545454,0.4444444444444444,0.5714285714285714,0.5555555555555556,0.4,0.53125,0.4166666666666667,1.0,0.2,0.5833333333333334,0.4444444444444444,0.875,0.5,1.1041029691696167,33,9,7,9,5,32,12,11,10,24,9,8,20,0.9803921568627451,1.0,1.0,0.9444444444444444,1.0,0.9795918367346939,1.0,1.0,0.9444444444444444,1.0,0.9375,1.0,0.9642857142857143,0.37462639808654785,51,15,14,18,10,49,16,17,18,34,16,13,28
614,0.5454545454545454,0.4444444444444444,0.5714285714285714,0.5555555555555556,0.4,0.53125,0.4166666666666667,1.0,0.2,0.5833333333333334,0.4444444444444444,0.875,0.5,1.1346580982208252,33,9,7,9,5,32,12,11,10,24,9,8,20,0.9803921568627451,1.0,1.0,0.9444444444444444,1.0,0.9795918367346939,1.0,1.0,0.9444444444444444,1.0,0.9375,1.0,0.9642857142857143,0.3760112226009369,51,15,14,18,10,49,16,17,18,34,16,13,28
615,0.5454545454545454,0.4444444444444444,0.5714285714285714,0.5555555555555556,0.4,0.53125,0.4166666666666667,1.0,0.2,0.5833333333333334,0.4444444444444444,0.875,0.5,1.118922472000122,33,9,7,9,5,32,12,11,10,24,9,8,20,0.9803921568627451,1.0,1.0,0.9444444444444444,1.0,0.9795918367346939,1.0,1.0,0.9444444444444444,1.0,0.9375,1.0,0.9642857142857143,0.3731788992881775,51,15,14,18,10,49,16,17,18,34,16,13,28
616,0.6060606060606061,0.5555555555555556,0.5714285714285714,0.6666666666666666,0.6,0.59375,0.5833333333333334,1.0,0.2,0.6666666666666666,0.4444444444444444,0.875,0.6,1.0916111469268799,33,9,7,9,5,32,12,11,10,24,9,8,20,0.9803921568627451,1.0,1.0,0.9444444444444444,1.0,0.9795918367346939,1.0,1.0,0.9444444444444444,1.0,0.9375,1.0,0.9642857142857143,0.3726756274700165,51,15,14,18,10,49,16,17,18,34,16,13,28
617,0.5454545454545454,0.4444444444444444,0.5714285714285714,0.5555555555555556,0.4,0.53125,0.4166666666666667,1.0,0.2,0.5833333333333334,0.4444444444444444,0.875,0.5,1.1663198471069336,33,9,7,9,5,32,12,11,10,24,9,8,20,0.9803921568627451,1.0,1.0,0.9444444444444444,1.0,0.9795918367346939,1.0,1.0,0.9444444444444444,1.0,0.9375,1.0,0.9642857142857143,0.3720606863498688,51,15,14,18,10,49,16,17,18,34,16,13,28
618,0.5454545454545454,0.4444444444444444,0.5714285714285714,0.5555555555555556,0.4,0.53125,0.4166666666666667,1.0,0.2,0.5833333333333334,0.4444444444444444,0.875,0.5,1.133216142654419,33,9,7,9,5,32,12,11,10,24,9,8,20,0.9411764705882353,1.0,0.9285714285714286,0.8888888888888888,1.0,0.9387755102040817,1.0,1.0,0.8333333333333334,0.9705882352941176,0.875,1.0,0.9285714285714286,0.37033697962760925,51,15,14,18,10,49,16,17,18,34,16,13,28
619,0.6060606060606061,0.5555555555555556,0.5714285714285714,0.6666666666666666,0.6,0.59375,0.5833333333333334,1.0,0.2,0.6666666666666666,0.4444444444444444,0.875,0.6,1.0768011808395386,33,9,7,9,5,32,12,11,10,24,9,8,20,0.9803921568627451,1.0,1.0,0.9444444444444444,1.0,0.9795918367346939,1.0,1.0,0.9444444444444444,1.0,0.9375,1.0,0.9642857142857143,0.36307936906814575,51,15,14,18,10,49,16,17,18,34,16,13,28
620,0.5454545454545454,0.4444444444444444,0.5714285714285714,0.5555555555555556,0.4,0.53125,0.4166666666666667,1.0,0.2,0.5833333333333334,0.4444444444444444,0.875,0.5,1.1579113006591797,33,9,7,9,5,32,12,11,10,24,9,8,20,0.9803921568627451,1.0,1.0,0.9444444444444444,1.0,0.9795918367346939,1.0,1.0,0.9444444444444444,1.0,0.9375,1.0,0.9642857142857143,0.3676415979862213,51,15,14,18,10,49,16,17,18,34,16,13,28
621,0.5454545454545454,0.4444444444444444,0.5714285714285714,0.5555555555555556,0.4,0.53125,0.4166666666666667,1.0,0.2,0.5833333333333334,0.4444444444444444,0.875,0.5,1.1476415395736694,33,9,7,9,5,32,12,11,10,24,9,8,20,0.9803921568627451,1.0,1.0,0.9444444444444444,1.0,0.9795918367346939,1.0,1.0,0.9444444444444444,1.0,0.9375,1.0,0.9642857142857143,0.3649021089076996,51,15,14,18,10,49,16,17,18,34,16,13,28
622,0.6060606060606061,0.5555555555555556,0.5714285714285714,0.6666666666666666,0.6,0.59375,0.5833333333333334,1.0,0.2,0.6666666666666666,0.4444444444444444,0.875,0.6,1.0930442810058594,33,9,7,9,5,32,12,11,10,24,9,8,20,0.9803921568627451,1.0,1.0,0.9444444444444444,1.0,0.9795918367346939,1.0,1.0,0.9444444444444444,1.0,0.9375,1.0,0.9642857142857143,0.3687524199485779,51,15,14,18,10,49,16,17,18,34,16,13,28
623,0.5454545454545454,0.4444444444444444,0.5714285714285714,0.5555555555555556,0.4,0.53125,0.4166666666666667,1.0,0.2,0.5833333333333334,0.4444444444444444,0.875,0.5,1.120836615562439,33,9,7,9,5,32,12,11,10,24,9,8,20,0.9803921568627451,1.0,1.0,0.9444444444444444,1.0,0.9795918367346939,1.0,1.0,0.9444444444444444,1.0,0.9375,1.0,0.9642857142857143,0.3660801649093628,51,15,14,18,10,49,16,17,18,34,16,13,28
624,0.5454545454545454,0.4444444444444444,0.5714285714285714,0.5555555555555556,0.4,0.53125,0.4166666666666667,1.0,0.2,0.5833333333333334,0.4444444444444444,0.875,0.5,1.170578956604004,33,9,7,9,5,32,12,11,10,24,9,8,20,0.9803921568627451,1.0,1.0,0.9444444444444444,1.0,0.9795918367346939,1.0,1.0,0.9444444444444444,1.0,0.9375,1.0,0.9642857142857143,0.3617677092552185,51,15,14,18,10,49,16,17,18,34,16,13,28
625,0.5757575757575758,0.5555555555555556,0.5714285714285714,0.6666666666666666,0.6,0.5625,0.5,1.0,0.2,0.625,0.4444444444444444,0.875,0.55,1.10321044921875,33,9,7,9,5,32,12,11,10,24,9,8,20,0.9607843137254902,1.0,1.0,0.9444444444444444,1.0,0.9591836734693877,1.0,1.0,0.8888888888888888,1.0,0.875,1.0,0.9642857142857143,0.3678600490093231,51,15,14,18,10,49,16,17,18,34,16,13,28
626,0.5454545454545454,0.4444444444444444,0.5714285714285714,0.5555555555555556,0.4,0.53125,0.4166666666666667,1.0,0.2,0.5833333333333334,0.4444444444444444,0.875,0.5,1.1057255268096924,33,9,7,9,5,32,12,11,10,24,9,8,20,0.9803921568627451,1.0,1.0,0.9444444444444444,1.0,0.9795918367346939,1.0,1.0,0.9444444444444444,1.0,0.9375,1.0,0.9642857142857143,0.36002013087272644,51,15,14,18,10,49,16,17,18,34,16,13,28
627,0.5454545454545454,0.4444444444444444,0.5714285714285714,0.5555555555555556,0.4,0.53125,0.4166666666666667,1.0,0.2,0.5833333333333334,0.4444444444444444,0.875,0.5,1.1743104457855225,33,9,7,9,5,32,12,11,10,24,9,8,20,0.9803921568627451,1.0,1.0,0.9444444444444444,1.0,0.9795918367346939,1.0,1.0,0.9444444444444444,1.0,0.9375,1.0,0.9642857142857143,0.35999414324760437,51,15,14,18,10,49,16,17,18,34,16,13,28
628,0.5454545454545454,0.4444444444444444,0.5714285714285714,0.5555555555555556,0.4,0.53125,0.4166666666666667,1.0,0.2,0.5833333333333334,0.4444444444444444,0.875,0.5,1.1335278749465942,33,9,7,9,5,32,12,11,10,24,9,8,20,0.9803921568627451,1.0,1.0,0.9444444444444444,1.0,0.9795918367346939,1.0,1.0,0.9444444444444444,1.0,0.9375,1.0,0.9642857142857143,0.3622666597366333,51,15,14,18,10,49,16,17,18,34,16,13,28
629,0.6060606060606061,0.5555555555555556,0.5714285714285714,0.6666666666666666,0.6,0.59375,0.5833333333333334,1.0,0.2,0.6666666666666666,0.4444444444444444,0.875,0.6,1.0787657499313354,33,9,7,9,5,32,12,11,10,24,9,8,20,0.9803921568627451,1.0,1.0,0.9444444444444444,1.0,0.9795918367346939,1.0,1.0,0.9444444444444444,1.0,0.9375,1.0,0.9642857142857143,0.3581516742706299,51,15,14,18,10,49,16,17,18,34,16,13,28
630,0.5454545454545454,0.4444444444444444,0.5714285714285714,0.5555555555555556,0.4,0.53125,0.4166666666666667,1.0,0.2,0.5833333333333334,0.4444444444444444,0.875,0.5,1.1469072103500366,33,9,7,9,5,32,12,11,10,24,9,8,20,1.0,1.0,1.0,1.0,1.0,1.0,1.0,1.0,1.0,1.0,1.0,1.0,1.0,0.35778188705444336,51,15,14,18,10,49,16,17,18,34,16,13,28
631,0.5454545454545454,0.4444444444444444,0.5714285714285714,0.5555555555555556,0.4,0.53125,0.4166666666666667,1.0,0.2,0.5833333333333334,0.4444444444444444,0.875,0.5,1.1770766973495483,33,9,7,9,5,32,12,11,10,24,9,8,20,1.0,1.0,1.0,1.0,1.0,1.0,1.0,1.0,1.0,1.0,1.0,1.0,1.0,0.3555137515068054,51,15,14,18,10,49,16,17,18,34,16,13,28
632,0.5454545454545454,0.4444444444444444,0.5714285714285714,0.5555555555555556,0.4,0.53125,0.4166666666666667,1.0,0.2,0.5833333333333334,0.4444444444444444,0.875,0.5,1.1181018352508545,33,9,7,9,5,32,12,11,10,24,9,8,20,0.9803921568627451,1.0,1.0,0.9444444444444444,1.0,0.9795918367346939,1.0,1.0,0.9444444444444444,1.0,0.9375,1.0,0.9642857142857143,0.35334309935569763,51,15,14,18,10,49,16,17,18,34,16,13,28
633,0.5454545454545454,0.4444444444444444,0.5714285714285714,0.5555555555555556,0.4,0.53125,0.4166666666666667,1.0,0.2,0.5833333333333334,0.4444444444444444,0.875,0.5,1.1125755310058594,33,9,7,9,5,32,12,11,10,24,9,8,20,0.9803921568627451,1.0,1.0,0.9444444444444444,1.0,0.9795918367346939,1.0,1.0,0.9444444444444444,1.0,0.9375,1.0,0.9642857142857143,0.35384124517440796,51,15,14,18,10,49,16,17,18,34,16,13,28
634,0.5454545454545454,0.4444444444444444,0.5714285714285714,0.5555555555555556,0.4,0.53125,0.4166666666666667,1.0,0.2,0.5833333333333334,0.4444444444444444,0.875,0.5,1.1552397012710571,33,9,7,9,5,32,12,11,10,24,9,8,20,0.9803921568627451,1.0,1.0,0.9444444444444444,1.0,0.9795918367346939,1.0,1.0,0.9444444444444444,1.0,0.9375,1.0,0.9642857142857143,0.35245296359062195,51,15,14,18,10,49,16,17,18,34,16,13,28
635,0.5454545454545454,0.4444444444444444,0.5714285714285714,0.5555555555555556,0.4,0.53125,0.4166666666666667,1.0,0.2,0.5833333333333334,0.4444444444444444,0.875,0.5,1.1634982824325562,33,9,7,9,5,32,12,11,10,24,9,8,20,0.9803921568627451,1.0,1.0,0.9444444444444444,1.0,0.9795918367346939,1.0,1.0,0.9444444444444444,1.0,0.9375,1.0,0.9642857142857143,0.35397791862487793,51,15,14,18,10,49,16,17,18,34,16,13,28
636,0.5757575757575758,0.4444444444444444,0.5714285714285714,0.5555555555555556,0.4,0.5625,0.5,1.0,0.2,0.625,0.4444444444444444,0.875,0.55,1.1011807918548584,33,9,7,9,5,32,12,11,10,24,9,8,20,0.9803921568627451,1.0,1.0,0.9444444444444444,1.0,0.9795918367346939,1.0,1.0,0.9444444444444444,1.0,0.9375,1.0,0.9642857142857143,0.35409313440322876,51,15,14,18,10,49,16,17,18,34,16,13,28
637,0.5454545454545454,0.4444444444444444,0.5714285714285714,0.5555555555555556,0.4,0.53125,0.4166666666666667,1.0,0.2,0.5833333333333334,0.4444444444444444,0.875,0.5,1.1551703214645386,33,9,7,9,5,32,12,11,10,24,9,8,20,0.9803921568627451,1.0,1.0,0.9444444444444444,1.0,0.9795918367346939,1.0,1.0,0.9444444444444444,1.0,0.9375,1.0,0.9642857142857143,0.351717472076416,51,15,14,18,10,49,16,17,18,34,16,13,28
638,0.5454545454545454,0.4444444444444444,0.5714285714285714,0.5555555555555556,0.4,0.53125,0.4166666666666667,1.0,0.2,0.5833333333333334,0.4444444444444444,0.875,0.5,1.1506904363632202,33,9,7,9,5,32,12,11,10,24,9,8,20,0.9803921568627451,1.0,1.0,0.9444444444444444,1.0,0.9795918367346939,1.0,1.0,0.9444444444444444,1.0,0.9375,1.0,0.9642857142857143,0.34779080748558044,51,15,14,18,10,49,16,17,18,34,16,13,28
639,0.5757575757575758,0.4444444444444444,0.5714285714285714,0.5555555555555556,0.4,0.5625,0.5,1.0,0.2,0.625,0.4444444444444444,0.875,0.55,1.0971624851226807,33,9,7,9,5,32,12,11,10,24,9,8,20,0.9607843137254902,1.0,1.0,0.9444444444444444,1.0,0.9591836734693877,1.0,1.0,0.8888888888888888,1.0,0.875,1.0,0.9642857142857143,0.34745681285858154,51,15,14,18,10,49,16,17,18,34,16,13,28
640,0.5454545454545454,0.4444444444444444,0.5714285714285714,0.5555555555555556,0.4,0.53125,0.4166666666666667,1.0,0.2,0.5833333333333334,0.4444444444444444,0.875,0.5,1.1529324054718018,33,9,7,9,5,32,12,11,10,24,9,8,20,0.9607843137254902,1.0,0.9285714285714286,0.8888888888888888,1.0,0.9591836734693877,1.0,0.9411764705882353,0.9444444444444444,0.9705882352941176,0.9375,1.0,0.9642857142857143,0.3498241603374481,51,15,14,18,10,49,16,17,18,34,16,13,28
641,0.5454545454545454,0.4444444444444444,0.5714285714285714,0.5555555555555556,0.4,0.53125,0.4166666666666667,1.0,0.2,0.5833333333333334,0.4444444444444444,0.875,0.5,1.1735782623291016,33,9,7,9,5,32,12,11,10,24,9,8,20,0.9803921568627451,1.0,1.0,0.9444444444444444,1.0,0.9795918367346939,1.0,1.0,0.9444444444444444,1.0,0.9375,1.0,0.9642857142857143,0.3508904278278351,51,15,14,18,10,49,16,17,18,34,16,13,28
642,0.5454545454545454,0.4444444444444444,0.5714285714285714,0.5555555555555556,0.4,0.53125,0.4166666666666667,1.0,0.2,0.5833333333333334,0.4444444444444444,0.875,0.5,1.124777913093567,33,9,7,9,5,32,12,11,10,24,9,8,20,0.9803921568627451,1.0,1.0,0.9444444444444444,1.0,0.9795918367346939,1.0,1.0,0.9444444444444444,1.0,0.9375,1.0,0.9642857142857143,0.34632226824760437,51,15,14,18,10,49,16,17,18,34,16,13,28
643,0.5454545454545454,0.4444444444444444,0.5714285714285714,0.5555555555555556,0.4,0.53125,0.4166666666666667,1.0,0.2,0.5833333333333334,0.4444444444444444,0.875,0.5,1.1192265748977661,33,9,7,9,5,32,12,11,10,24,9,8,20,1.0,1.0,1.0,1.0,1.0,1.0,1.0,1.0,1.0,1.0,1.0,1.0,1.0,0.3436545431613922,51,15,14,18,10,49,16,17,18,34,16,13,28
644,0.5454545454545454,0.4444444444444444,0.5714285714285714,0.5555555555555556,0.4,0.53125,0.4166666666666667,1.0,0.2,0.5833333333333334,0.4444444444444444,0.875,0.5,1.1828910112380981,33,9,7,9,5,32,12,11,10,24,9,8,20,1.0,1.0,1.0,1.0,1.0,1.0,1.0,1.0,1.0,1.0,1.0,1.0,1.0,0.3457168936729431,51,15,14,18,10,49,16,17,18,34,16,13,28
645,0.5454545454545454,0.4444444444444444,0.5714285714285714,0.5555555555555556,0.4,0.53125,0.4166666666666667,1.0,0.2,0.5833333333333334,0.4444444444444444,0.875,0.5,1.1652799844741821,33,9,7,9,5,32,12,11,10,24,9,8,20,0.9803921568627451,1.0,1.0,0.9444444444444444,1.0,0.9795918367346939,1.0,1.0,0.9444444444444444,1.0,0.9375,1.0,0.9642857142857143,0.3461638391017914,51,15,14,18,10,49,16,17,18,34,16,13,28
646,0.5454545454545454,0.4444444444444444,0.5714285714285714,0.5555555555555556,0.4,0.53125,0.4166666666666667,1.0,0.2,0.5833333333333334,0.4444444444444444,0.875,0.5,1.118614673614502,33,9,7,9,5,32,12,11,10,24,9,8,20,0.9803921568627451,1.0,1.0,0.9444444444444444,1.0,0.9795918367346939,1.0,1.0,0.9444444444444444,1.0,0.9375,1.0,0.9642857142857143,0.33808064460754395,51,15,14,18,10,49,16,17,18,34,16,13,28
647,0.5454545454545454,0.4444444444444444,0.5714285714285714,0.5555555555555556,0.4,0.53125,0.4166666666666667,1.0,0.2,0.5833333333333334,0.4444444444444444,0.875,0.5,1.1689329147338867,33,9,7,9,5,32,12,11,10,24,9,8,20,0.9803921568627451,1.0,1.0,0.9444444444444444,1.0,0.9795918367346939,1.0,1.0,0.9444444444444444,1.0,0.9375,1.0,0.9642857142857143,0.34533894062042236,51,15,14,18,10,49,16,17,18,34,16,13,28
648,0.5454545454545454,0.4444444444444444,0.5714285714285714,0.5555555555555556,0.4,0.53125,0.4166666666666667,1.0,0.2,0.5833333333333334,0.4444444444444444,0.875,0.5,1.152570366859436,33,9,7,9,5,32,12,11,10,24,9,8,20,0.9803921568627451,1.0,1.0,0.9444444444444444,1.0,0.9795918367346939,1.0,1.0,0.9444444444444444,1.0,0.9375,1.0,0.9642857142857143,0.3447604775428772,51,15,14,18,10,49,16,17,18,34,16,13,28
649,0.5454545454545454,0.4444444444444444,0.5714285714285714,0.5555555555555556,0.4,0.53125,0.4166666666666667,1.0,0.2,0.5833333333333334,0.4444444444444444,0.875,0.5,1.136526346206665,33,9,7,9,5,32,12,11,10,24,9,8,20,1.0,1.0,1.0,1.0,1.0,1.0,1.0,1.0,1.0,1.0,1.0,1.0,1.0,0.3395472764968872,51,15,14,18,10,49,16,17,18,34,16,13,28
650,0.5454545454545454,0.4444444444444444,0.5714285714285714,0.5555555555555556,0.4,0.53125,0.4166666666666667,1.0,0.2,0.5833333333333334,0.4444444444444444,0.875,0.5,1.1641650199890137,33,9,7,9,5,32,12,11,10,24,9,8,20,1.0,1.0,1.0,1.0,1.0,1.0,1.0,1.0,1.0,1.0,1.0,1.0,1.0,0.34376174211502075,51,15,14,18,10,49,16,17,18,34,16,13,28
651,0.5454545454545454,0.4444444444444444,0.5714285714285714,0.5555555555555556,0.4,0.53125,0.4166666666666667,1.0,0.2,0.5833333333333334,0.4444444444444444,0.875,0.5,1.1498370170593262,33,9,7,9,5,32,12,11,10,24,9,8,20,0.9803921568627451,1.0,1.0,0.9444444444444444,1.0,0.9795918367346939,1.0,1.0,0.9444444444444444,1.0,0.9375,1.0,0.9642857142857143,0.3428061306476593,51,15,14,18,10,49,16,17,18,34,16,13,28
652,0.5454545454545454,0.4444444444444444,0.5714285714285714,0.5555555555555556,0.4,0.53125,0.4166666666666667,1.0,0.2,0.5833333333333334,0.4444444444444444,0.875,0.5,1.1549125909805298,33,9,7,9,5,32,12,11,10,24,9,8,20,0.9803921568627451,1.0,1.0,0.9444444444444444,1.0,0.9795918367346939,1.0,1.0,0.9444444444444444,1.0,0.9375,1.0,0.9642857142857143,0.3375505208969116,51,15,14,18,10,49,16,17,18,34,16,13,28
653,0.5454545454545454,0.4444444444444444,0.5714285714285714,0.5555555555555556,0.4,0.53125,0.4166666666666667,1.0,0.2,0.5833333333333334,0.4444444444444444,0.875,0.5,1.1613258123397827,33,9,7,9,5,32,12,11,10,24,9,8,20,0.9803921568627451,1.0,1.0,0.9444444444444444,1.0,0.9795918367346939,1.0,1.0,0.9444444444444444,1.0,0.9375,1.0,0.9642857142857143,0.33453893661499023,51,15,14,18,10,49,16,17,18,34,16,13,28
654,0.5454545454545454,0.4444444444444444,0.5714285714285714,0.5555555555555556,0.4,0.53125,0.4166666666666667,1.0,0.2,0.5833333333333334,0.4444444444444444,0.875,0.5,1.155348777770996,33,9,7,9,5,32,12,11,10,24,9,8,20,0.9803921568627451,1.0,1.0,0.9444444444444444,1.0,0.9795918367346939,1.0,1.0,0.9444444444444444,1.0,0.9375,1.0,0.9642857142857143,0.3294640779495239,51,15,14,18,10,49,16,17,18,34,16,13,28
655,0.5454545454545454,0.4444444444444444,0.5714285714285714,0.5555555555555556,0.4,0.53125,0.4166666666666667,1.0,0.2,0.5833333333333334,0.4444444444444444,0.875,0.5,1.1563293933868408,33,9,7,9,5,32,12,11,10,24,9,8,20,0.9803921568627451,1.0,1.0,0.9444444444444444,1.0,0.9795918367346939,1.0,1.0,0.9444444444444444,1.0,0.9375,1.0,0.9642857142857143,0.3362113833427429,51,15,14,18,10,49,16,17,18,34,16,13,28
656,0.5454545454545454,0.4444444444444444,0.5714285714285714,0.5555555555555556,0.4,0.53125,0.4166666666666667,1.0,0.2,0.5833333333333334,0.4444444444444444,0.875,0.5,1.1583561897277832,33,9,7,9,5,32,12,11,10,24,9,8,20,1.0,1.0,1.0,1.0,1.0,1.0,1.0,1.0,1.0,1.0,1.0,1.0,1.0,0.33322960138320923,51,15,14,18,10,49,16,17,18,34,16,13,28
657,0.5454545454545454,0.4444444444444444,0.5714285714285714,0.5555555555555556,0.4,0.53125,0.4166666666666667,1.0,0.2,0.5833333333333334,0.4444444444444444,0.875,0.5,1.1471853256225586,33,9,7,9,5,32,12,11,10,24,9,8,20,1.0,1.0,1.0,1.0,1.0,1.0,1.0,1.0,1.0,1.0,1.0,1.0,1.0,0.33478739857673645,51,15,14,18,10,49,16,17,18,34,16,13,28
658,0.5454545454545454,0.4444444444444444,0.5714285714285714,0.5555555555555556,0.4,0.53125,0.4166666666666667,1.0,0.2,0.5833333333333334,0.4444444444444444,0.875,0.5,1.161867618560791,33,9,7,9,5,32,12,11,10,24,9,8,20,0.9803921568627451,1.0,1.0,0.9444444444444444,1.0,0.9795918367346939,1.0,1.0,0.9444444444444444,1.0,0.9375,1.0,0.9642857142857143,0.3332047164440155,51,15,14,18,10,49,16,17,18,34,16,13,28
659,0.5454545454545454,0.4444444444444444,0.5714285714285714,0.5555555555555556,0.4,0.53125,0.4166666666666667,1.0,0.2,0.5833333333333334,0.4444444444444444,0.875,0.5,1.1920889616012573,33,9,7,9,5,32,12,11,10,24,9,8,20,1.0,1.0,1.0,1.0,1.0,1.0,1.0,1.0,1.0,1.0,1.0,1.0,1.0,0.3282690644264221,51,15,14,18,10,49,16,17,18,34,16,13,28
660,0.5454545454545454,0.4444444444444444,0.5714285714285714,0.5555555555555556,0.4,0.53125,0.4166666666666667,1.0,0.2,0.5833333333333334,0.4444444444444444,0.875,0.5,1.1633168458938599,33,9,7,9,5,32,12,11,10,24,9,8,20,0.9803921568627451,1.0,1.0,0.9444444444444444,1.0,0.9795918367346939,1.0,1.0,0.9444444444444444,1.0,0.9375,1.0,0.9642857142857143,0.32930082082748413,51,15,14,18,10,49,16,17,18,34,16,13,28
661,0.5454545454545454,0.4444444444444444,0.5714285714285714,0.5555555555555556,0.4,0.53125,0.4166666666666667,1.0,0.2,0.5833333333333334,0.4444444444444444,0.875,0.5,1.1346782445907593,33,9,7,9,5,32,12,11,10,24,9,8,20,1.0,1.0,1.0,1.0,1.0,1.0,1.0,1.0,1.0,1.0,1.0,1.0,1.0,0.3292063772678375,51,15,14,18,10,49,16,17,18,34,16,13,28
662,0.5454545454545454,0.4444444444444444,0.5714285714285714,0.5555555555555556,0.4,0.53125,0.4166666666666667,1.0,0.2,0.5833333333333334,0.4444444444444444,0.875,0.5,1.1967172622680664,33,9,7,9,5,32,12,11,10,24,9,8,20,1.0,1.0,1.0,1.0,1.0,1.0,1.0,1.0,1.0,1.0,1.0,1.0,1.0,0.32965919375419617,51,15,14,18,10,49,16,17,18,34,16,13,28
663,0.5454545454545454,0.4444444444444444,0.5714285714285714,0.5555555555555556,0.4,0.53125,0.4166666666666667,1.0,0.2,0.5833333333333334,0.4444444444444444,0.875,0.5,1.1698354482650757,33,9,7,9,5,32,12,11,10,24,9,8,20,0.9803921568627451,1.0,1.0,0.9444444444444444,1.0,0.9795918367346939,1.0,1.0,0.9444444444444444,1.0,0.9375,1.0,0.9642857142857143,0.3279555141925812,51,15,14,18,10,49,16,17,18,34,16,13,28
664,0.5757575757575758,0.5555555555555556,0.5714285714285714,0.5555555555555556,0.4,0.5625,0.4166666666666667,1.0,0.3,0.625,0.4444444444444444,0.875,0.5,1.1290045976638794,33,9,7,9,5,32,12,11,10,24,9,8,20,0.9803921568627451,1.0,1.0,0.9444444444444444,1.0,0.9795918367346939,1.0,1.0,0.9444444444444444,1.0,0.9375,1.0,0.9642857142857143,0.32935115694999695,51,15,14,18,10,49,16,17,18,34,16,13,28
665,0.5454545454545454,0.4444444444444444,0.5714285714285714,0.5555555555555556,0.4,0.53125,0.4166666666666667,1.0,0.2,0.5833333333333334,0.4444444444444444,0.875,0.5,1.1949634552001953,33,9,7,9,5,32,12,11,10,24,9,8,20,0.9803921568627451,1.0,1.0,0.9444444444444444,1.0,0.9795918367346939,1.0,1.0,0.9444444444444444,1.0,0.9375,1.0,0.9642857142857143,0.32671836018562317,51,15,14,18,10,49,16,17,18,34,16,13,28
666,0.5454545454545454,0.4444444444444444,0.5714285714285714,0.5555555555555556,0.4,0.53125,0.4166666666666667,1.0,0.2,0.5833333333333334,0.4444444444444444,0.875,0.5,1.2144917249679565,33,9,7,9,5,32,12,11,10,24,9,8,20,0.9803921568627451,1.0,1.0,0.9444444444444444,1.0,0.9795918367346939,1.0,1.0,0.9444444444444444,1.0,0.9375,1.0,0.9642857142857143,0.323949933052063,51,15,14,18,10,49,16,17,18,34,16,13,28
667,0.5757575757575758,0.5555555555555556,0.5714285714285714,0.5555555555555556,0.4,0.5625,0.4166666666666667,1.0,0.3,0.625,0.4444444444444444,0.875,0.5,1.1249920129776,33,9,7,9,5,32,12,11,10,24,9,8,20,0.9803921568627451,1.0,1.0,0.9444444444444444,1.0,0.9795918367346939,1.0,1.0,0.9444444444444444,1.0,0.9375,1.0,0.9642857142857143,0.32611289620399475,51,15,14,18,10,49,16,17,18,34,16,13,28
668,0.5454545454545454,0.4444444444444444,0.5714285714285714,0.5555555555555556,0.4,0.53125,0.4166666666666667,1.0,0.2,0.5833333333333334,0.4444444444444444,0.875,0.5,1.169948935508728,33,9,7,9,5,32,12,11,10,24,9,8,20,1.0,1.0,1.0,1.0,1.0,1.0,1.0,1.0,1.0,1.0,1.0,1.0,1.0,0.32750508189201355,51,15,14,18,10,49,16,17,18,34,16,13,28
669,0.5454545454545454,0.4444444444444444,0.5714285714285714,0.5555555555555556,0.4,0.53125,0.4166666666666667,1.0,0.2,0.5833333333333334,0.4444444444444444,0.875,0.5,1.2203871011734009,33,9,7,9,5,32,12,11,10,24,9,8,20,0.9803921568627451,1.0,1.0,0.9444444444444444,1.0,0.9795918367346939,1.0,1.0,0.9444444444444444,1.0,0.9375,1.0,0.9642857142857143,0.3220401704311371,51,15,14,18,10,49,16,17,18,34,16,13,28
670,0.5454545454545454,0.4444444444444444,0.5714285714285714,0.5555555555555556,0.4,0.53125,0.4166666666666667,1.0,0.2,0.5833333333333334,0.4444444444444444,0.875,0.5,1.1580638885498047,33,9,7,9,5,32,12,11,10,24,9,8,20,0.9803921568627451,1.0,1.0,0.9444444444444444,1.0,0.9795918367346939,1.0,1.0,0.9444444444444444,1.0,0.9375,1.0,0.9642857142857143,0.3328038156032562,51,15,14,18,10,49,16,17,18,34,16,13,28
671,0.5454545454545454,0.4444444444444444,0.5714285714285714,0.5555555555555556,0.4,0.53125,0.4166666666666667,1.0,0.2,0.5833333333333334,0.4444444444444444,0.875,0.5,1.1497416496276855,33,9,7,9,5,32,12,11,10,24,9,8,20,1.0,1.0,1.0,1.0,1.0,1.0,1.0,1.0,1.0,1.0,1.0,1.0,1.0,0.3220604956150055,51,15,14,18,10,49,16,17,18,34,16,13,28
672,0.5454545454545454,0.4444444444444444,0.5714285714285714,0.5555555555555556,0.4,0.53125,0.4166666666666667,1.0,0.2,0.5833333333333334,0.4444444444444444,0.875,0.5,1.1898051500320435,33,9,7,9,5,32,12,11,10,24,9,8,20,1.0,1.0,1.0,1.0,1.0,1.0,1.0,1.0,1.0,1.0,1.0,1.0,1.0,0.31916379928588867,51,15,14,18,10,49,16,17,18,34,16,13,28
673,0.5454545454545454,0.4444444444444444,0.5714285714285714,0.5555555555555556,0.4,0.53125,0.4166666666666667,1.0,0.2,0.5833333333333334,0.4444444444444444,0.875,0.5,1.2074840068817139,33,9,7,9,5,32,12,11,10,24,9,8,20,1.0,1.0,1.0,1.0,1.0,1.0,1.0,1.0,1.0,1.0,1.0,1.0,1.0,0.3189736306667328,51,15,14,18,10,49,16,17,18,34,16,13,28
674,0.5757575757575758,0.5555555555555556,0.5714285714285714,0.5555555555555556,0.4,0.5625,0.4166666666666667,1.0,0.3,0.625,0.4444444444444444,0.875,0.5,1.1451750993728638,33,9,7,9,5,32,12,11,10,24,9,8,20,0.9803921568627451,1.0,1.0,0.9444444444444444,1.0,0.9795918367346939,1.0,1.0,0.9444444444444444,1.0,0.9375,1.0,0.9642857142857143,0.32084983587265015,51,15,14,18,10,49,16,17,18,34,16,13,28
675,0.5757575757575758,0.5555555555555556,0.5714285714285714,0.5555555555555556,0.4,0.5625,0.4166666666666667,1.0,0.3,0.625,0.4444444444444444,0.875,0.5,1.1488068103790283,33,9,7,9,5,32,12,11,10,24,9,8,20,1.0,1.0,1.0,1.0,1.0,1.0,1.0,1.0,1.0,1.0,1.0,1.0,1.0,0.3161255717277527,51,15,14,18,10,49,16,17,18,34,16,13,28
676,0.5454545454545454,0.4444444444444444,0.5714285714285714,0.5555555555555556,0.4,0.53125,0.4166666666666667,1.0,0.2,0.5833333333333334,0.4444444444444444,0.875,0.5,1.2181047201156616,33,9,7,9,5,32,12,11,10,24,9,8,20,1.0,1.0,1.0,1.0,1.0,1.0,1.0,1.0,1.0,1.0,1.0,1.0,1.0,0.32111623883247375,51,15,14,18,10,49,16,17,18,34,16,13,28
677,0.5454545454545454,0.4444444444444444,0.5714285714285714,0.5555555555555556,0.4,0.53125,0.4166666666666667,1.0,0.2,0.5833333333333334,0.4444444444444444,0.875,0.5,1.186492681503296,33,9,7,9,5,32,12,11,10,24,9,8,20,1.0,1.0,1.0,1.0,1.0,1.0,1.0,1.0,1.0,1.0,1.0,1.0,1.0,0.31405359506607056,51,15,14,18,10,49,16,17,18,34,16,13,28
678,0.5757575757575758,0.5555555555555556,0.5714285714285714,0.5555555555555556,0.4,0.5625,0.4166666666666667,1.0,0.3,0.625,0.4444444444444444,0.875,0.5,1.1315956115722656,33,9,7,9,5,32,12,11,10,24,9,8,20,0.9803921568627451,1.0,1.0,0.9444444444444444,1.0,0.9795918367346939,1.0,1.0,0.9444444444444444,1.0,0.9375,1.0,0.9642857142857143,0.3186936378479004,51,15,14,18,10,49,16,17,18,34,16,13,28
679,0.5454545454545454,0.4444444444444444,0.5714285714285714,0.5555555555555556,0.4,0.53125,0.4166666666666667,1.0,0.2,0.5833333333333334,0.4444444444444444,0.875,0.5,1.1973375082015991,33,9,7,9,5,32,12,11,10,24,9,8,20,0.9803921568627451,1.0,0.9285714285714286,0.9444444444444444,1.0,0.9795918367346939,1.0,0.9411764705882353,1.0,0.9705882352941176,1.0,1.0,1.0,0.3154667913913727,51,15,14,18,10,49,16,17,18,34,16,13,28
680,0.5454545454545454,0.4444444444444444,0.5714285714285714,0.5555555555555556,0.4,0.53125,0.4166666666666667,1.0,0.2,0.5833333333333334,0.4444444444444444,0.875,0.5,1.1865670680999756,33,9,7,9,5,32,12,11,10,24,9,8,20,0.9803921568627451,1.0,1.0,0.9444444444444444,1.0,0.9795918367346939,1.0,1.0,0.9444444444444444,1.0,0.9375,1.0,0.9642857142857143,0.3144977390766144,51,15,14,18,10,49,16,17,18,34,16,13,28
681,0.5757575757575758,0.5555555555555556,0.5714285714285714,0.5555555555555556,0.4,0.5625,0.4166666666666667,1.0,0.3,0.625,0.4444444444444444,0.875,0.5,1.1607162952423096,33,9,7,9,5,32,12,11,10,24,9,8,20,1.0,1.0,1.0,1.0,1.0,1.0,1.0,1.0,1.0,1.0,1.0,1.0,1.0,0.3125159442424774,51,15,14,18,10,49,16,17,18,34,16,13,28
682,0.5454545454545454,0.4444444444444444,0.5714285714285714,0.5555555555555556,0.4,0.53125,0.4166666666666667,1.0,0.2,0.5833333333333334,0.4444444444444444,0.875,0.5,1.1936734914779663,33,9,7,9,5,32,12,11,10,24,9,8,20,1.0,1.0,1.0,1.0,1.0,1.0,1.0,1.0,1.0,1.0,1.0,1.0,1.0,0.31370487809181213,51,15,14,18,10,49,16,17,18,34,16,13,28
683,0.5454545454545454,0.4444444444444444,0.5714285714285714,0.5555555555555556,0.4,0.53125,0.4166666666666667,1.0,0.2,0.5833333333333334,0.4444444444444444,0.875,0.5,1.2110873460769653,33,9,7,9,5,32,12,11,10,24,9,8,20,0.9803921568627451,1.0,1.0,0.9444444444444444,1.0,0.9795918367346939,1.0,1.0,0.9444444444444444,1.0,0.9375,1.0,0.9642857142857143,0.31505438685417175,51,15,14,18,10,49,16,17,18,34,16,13,28
684,0.5757575757575758,0.5555555555555556,0.5714285714285714,0.5555555555555556,0.4,0.5625,0.4166666666666667,1.0,0.3,0.625,0.4444444444444444,0.875,0.5,1.159268856048584,33,9,7,9,5,32,12,11,10,24,9,8,20,1.0,1.0,1.0,1.0,1.0,1.0,1.0,1.0,1.0,1.0,1.0,1.0,1.0,0.3171270787715912,51,15,14,18,10,49,16,17,18,34,16,13,28
685,0.5454545454545454,0.4444444444444444,0.5714285714285714,0.5555555555555556,0.4,0.53125,0.4166666666666667,1.0,0.2,0.5833333333333334,0.4444444444444444,0.875,0.5,1.18337082862854,33,9,7,9,5,32,12,11,10,24,9,8,20,1.0,1.0,1.0,1.0,1.0,1.0,1.0,1.0,1.0,1.0,1.0,1.0,1.0,0.3105614185333252,51,15,14,18,10,49,16,17,18,34,16,13,28
686,0.5454545454545454,0.4444444444444444,0.5714285714285714,0.5555555555555556,0.4,0.53125,0.4166666666666667,1.0,0.2,0.5833333333333334,0.4444444444444444,0.875,0.5,1.1992714405059814,33,9,7,9,5,32,12,11,10,24,9,8,20,0.9803921568627451,1.0,1.0,0.9444444444444444,1.0,0.9795918367346939,1.0,1.0,0.9444444444444444,1.0,0.9375,1.0,0.9642857142857143,0.30942466855049133,51,15,14,18,10,49,16,17,18,34,16,13,28
687,0.5454545454545454,0.4444444444444444,0.5714285714285714,0.5555555555555556,0.4,0.53125,0.4166666666666667,1.0,0.2,0.5833333333333334,0.4444444444444444,0.875,0.5,1.189638376235962,33,9,7,9,5,32,12,11,10,24,9,8,20,1.0,1.0,1.0,1.0,1.0,1.0,1.0,1.0,1.0,1.0,1.0,1.0,1.0,0.30510929226875305,51,15,14,18,10,49,16,17,18,34,16,13,28
688,0.5454545454545454,0.4444444444444444,0.5714285714285714,0.5555555555555556,0.4,0.53125,0.4166666666666667,1.0,0.2,0.5833333333333334,0.4444444444444444,0.875,0.5,1.187734842300415,33,9,7,9,5,32,12,11,10,24,9,8,20,1.0,1.0,1.0,1.0,1.0,1.0,1.0,1.0,1.0,1.0,1.0,1.0,1.0,0.3048807382583618,51,15,14,18,10,49,16,17,18,34,16,13,28
689,0.5454545454545454,0.4444444444444444,0.5714285714285714,0.5555555555555556,0.4,0.53125,0.4166666666666667,1.0,0.2,0.5833333333333334,0.4444444444444444,0.875,0.5,1.1816797256469727,33,9,7,9,5,32,12,11,10,24,9,8,20,1.0,1.0,1.0,1.0,1.0,1.0,1.0,1.0,1.0,1.0,1.0,1.0,1.0,0.3080793023109436,51,15,14,18,10,49,16,17,18,34,16,13,28
690,0.5454545454545454,0.4444444444444444,0.5714285714285714,0.5555555555555556,0.4,0.53125,0.4166666666666667,1.0,0.2,0.5833333333333334,0.4444444444444444,0.875,0.5,1.1858623027801514,33,9,7,9,5,32,12,11,10,24,9,8,20,1.0,1.0,1.0,1.0,1.0,1.0,1.0,1.0,1.0,1.0,1.0,1.0,1.0,0.3025030493736267,51,15,14,18,10,49,16,17,18,34,16,13,28
691,0.5454545454545454,0.4444444444444444,0.5714285714285714,0.5555555555555556,0.4,0.53125,0.4166666666666667,1.0,0.2,0.5833333333333334,0.4444444444444444,0.875,0.5,1.187011957168579,33,9,7,9,5,32,12,11,10,24,9,8,20,1.0,1.0,1.0,1.0,1.0,1.0,1.0,1.0,1.0,1.0,1.0,1.0,1.0,0.30281537771224976,51,15,14,18,10,49,16,17,18,34,16,13,28
692,0.5454545454545454,0.4444444444444444,0.5714285714285714,0.5555555555555556,0.4,0.53125,0.4166666666666667,1.0,0.2,0.5833333333333334,0.4444444444444444,0.875,0.5,1.214479684829712,33,9,7,9,5,32,12,11,10,24,9,8,20,1.0,1.0,1.0,1.0,1.0,1.0,1.0,1.0,1.0,1.0,1.0,1.0,1.0,0.3012085258960724,51,15,14,18,10,49,16,17,18,34,16,13,28
693,0.5454545454545454,0.4444444444444444,0.5714285714285714,0.5555555555555556,0.4,0.53125,0.4166666666666667,1.0,0.2,0.5833333333333334,0.4444444444444444,0.875,0.5,1.2195143699645996,33,9,7,9,5,32,12,11,10,24,9,8,20,1.0,1.0,1.0,1.0,1.0,1.0,1.0,1.0,1.0,1.0,1.0,1.0,1.0,0.30626368522644043,51,15,14,18,10,49,16,17,18,34,16,13,28
694,0.5454545454545454,0.4444444444444444,0.5714285714285714,0.5555555555555556,0.4,0.53125,0.4166666666666667,1.0,0.2,0.5833333333333334,0.4444444444444444,0.875,0.5,1.1718097925186157,33,9,7,9,5,32,12,11,10,24,9,8,20,1.0,1.0,1.0,1.0,1.0,1.0,1.0,1.0,1.0,1.0,1.0,1.0,1.0,0.3054071366786957,51,15,14,18,10,49,16,17,18,34,16,13,28
695,0.5454545454545454,0.4444444444444444,0.5714285714285714,0.5555555555555556,0.4,0.53125,0.4166666666666667,1.0,0.2,0.5833333333333334,0.4444444444444444,0.875,0.5,1.1981841325759888,33,9,7,9,5,32,12,11,10,24,9,8,20,1.0,1.0,1.0,1.0,1.0,1.0,1.0,1.0,1.0,1.0,1.0,1.0,1.0,0.3020816743373871,51,15,14,18,10,49,16,17,18,34,16,13,28
696,0.5454545454545454,0.4444444444444444,0.5714285714285714,0.5555555555555556,0.4,0.53125,0.4166666666666667,1.0,0.2,0.5833333333333334,0.4444444444444444,0.875,0.5,1.2318719625473022,33,9,7,9,5,32,12,11,10,24,9,8,20,1.0,1.0,1.0,1.0,1.0,1.0,1.0,1.0,1.0,1.0,1.0,1.0,1.0,0.29794028401374817,51,15,14,18,10,49,16,17,18,34,16,13,28
697,0.5454545454545454,0.4444444444444444,0.5714285714285714,0.5555555555555556,0.4,0.53125,0.4166666666666667,1.0,0.2,0.5833333333333334,0.4444444444444444,0.875,0.5,1.2132205963134766,33,9,7,9,5,32,12,11,10,24,9,8,20,0.9803921568627451,1.0,1.0,0.9444444444444444,1.0,0.9795918367346939,1.0,1.0,0.9444444444444444,1.0,0.9375,1.0,0.9642857142857143,0.3054080307483673,51,15,14,18,10,49,16,17,18,34,16,13,28
698,0.5454545454545454,0.4444444444444444,0.5714285714285714,0.5555555555555556,0.4,0.53125,0.4166666666666667,1.0,0.2,0.5833333333333334,0.4444444444444444,0.875,0.5,1.1867960691452026,33,9,7,9,5,32,12,11,10,24,9,8,20,1.0,1.0,1.0,1.0,1.0,1.0,1.0,1.0,1.0,1.0,1.0,1.0,1.0,0.3038006126880646,51,15,14,18,10,49,16,17,18,34,16,13,28
699,0.5454545454545454,0.4444444444444444,0.5714285714285714,0.5555555555555556,0.4,0.53125,0.4166666666666667,1.0,0.2,0.5833333333333334,0.4444444444444444,0.875,0.5,1.2272552251815796,33,9,7,9,5,32,12,11,10,24,9,8,20,0.9803921568627451,1.0,0.9285714285714286,0.9444444444444444,1.0,0.9795918367346939,1.0,0.9411764705882353,1.0,0.9705882352941176,1.0,1.0,1.0,0.2969653308391571,51,15,14,18,10,49,16,17,18,34,16,13,28
700,0.5454545454545454,0.4444444444444444,0.5714285714285714,0.5555555555555556,0.4,0.53125,0.4166666666666667,1.0,0.2,0.5833333333333334,0.4444444444444444,0.875,0.5,1.1915148496627808,33,9,7,9,5,32,12,11,10,24,9,8,20,1.0,1.0,1.0,1.0,1.0,1.0,1.0,1.0,1.0,1.0,1.0,1.0,1.0,0.30244189500808716,51,15,14,18,10,49,16,17,18,34,16,13,28
701,0.5454545454545454,0.4444444444444444,0.5714285714285714,0.5555555555555556,0.4,0.53125,0.4166666666666667,1.0,0.2,0.5833333333333334,0.4444444444444444,0.875,0.5,1.2027366161346436,33,9,7,9,5,32,12,11,10,24,9,8,20,1.0,1.0,1.0,1.0,1.0,1.0,1.0,1.0,1.0,1.0,1.0,1.0,1.0,0.3024645149707794,51,15,14,18,10,49,16,17,18,34,16,13,28
702,0.5454545454545454,0.4444444444444444,0.5714285714285714,0.5555555555555556,0.4,0.53125,0.4166666666666667,1.0,0.2,0.5833333333333334,0.4444444444444444,0.875,0.5,1.2249677181243896,33,9,7,9,5,32,12,11,10,24,9,8,20,1.0,1.0,1.0,1.0,1.0,1.0,1.0,1.0,1.0,1.0,1.0,1.0,1.0,0.2993035912513733,51,15,14,18,10,49,16,17,18,34,16,13,28
703,0.5454545454545454,0.4444444444444444,0.5714285714285714,0.5555555555555556,0.4,0.53125,0.4166666666666667,1.0,0.2,0.5833333333333334,0.4444444444444444,0.875,0.5,1.204971432685852,33,9,7,9,5,32,12,11,10,24,9,8,20,1.0,1.0,1.0,1.0,1.0,1.0,1.0,1.0,1.0,1.0,1.0,1.0,1.0,0.2980634272098541,51,15,14,18,10,49,16,17,18,34,16,13,28
704,0.5757575757575758,0.5555555555555556,0.5714285714285714,0.5555555555555556,0.4,0.5625,0.4166666666666667,1.0,0.3,0.625,0.4444444444444444,0.875,0.5,1.1883713006973267,33,9,7,9,5,32,12,11,10,24,9,8,20,1.0,1.0,1.0,1.0,1.0,1.0,1.0,1.0,1.0,1.0,1.0,1.0,1.0,0.2995634973049164,51,15,14,18,10,49,16,17,18,34,16,13,28
705,0.5454545454545454,0.4444444444444444,0.5714285714285714,0.5555555555555556,0.4,0.53125,0.4166666666666667,1.0,0.2,0.5833333333333334,0.4444444444444444,0.875,0.5,1.2313523292541504,33,9,7,9,5,32,12,11,10,24,9,8,20,1.0,1.0,1.0,1.0,1.0,1.0,1.0,1.0,1.0,1.0,1.0,1.0,1.0,0.29843875765800476,51,15,14,18,10,49,16,17,18,34,16,13,28
706,0.5454545454545454,0.4444444444444444,0.5714285714285714,0.5555555555555556,0.4,0.53125,0.4166666666666667,1.0,0.2,0.5833333333333334,0.4444444444444444,0.875,0.5,1.2287280559539795,33,9,7,9,5,32,12,11,10,24,9,8,20,1.0,1.0,1.0,1.0,1.0,1.0,1.0,1.0,1.0,1.0,1.0,1.0,1.0,0.29184988141059875,51,15,14,18,10,49,16,17,18,34,16,13,28
707,0.5454545454545454,0.4444444444444444,0.5714285714285714,0.5555555555555556,0.4,0.53125,0.4166666666666667,1.0,0.2,0.5833333333333334,0.4444444444444444,0.875,0.5,1.198572039604187,33,9,7,9,5,32,12,11,10,24,9,8,20,1.0,1.0,1.0,1.0,1.0,1.0,1.0,1.0,1.0,1.0,1.0,1.0,1.0,0.2929392457008362,51,15,14,18,10,49,16,17,18,34,16,13,28
708,0.5757575757575758,0.5555555555555556,0.5714285714285714,0.5555555555555556,0.4,0.5625,0.4166666666666667,1.0,0.3,0.625,0.4444444444444444,0.875,0.5,1.1902244091033936,33,9,7,9,5,32,12,11,10,24,9,8,20,1.0,1.0,1.0,1.0,1.0,1.0,1.0,1.0,1.0,1.0,1.0,1.0,1.0,0.29140743613243103,51,15,14,18,10,49,16,17,18,34,16,13,28
709,0.5151515151515151,0.4444444444444444,0.42857142857142855,0.5555555555555556,0.4,0.5,0.3333333333333333,1.0,0.2,0.5416666666666666,0.4444444444444444,0.75,0.5,1.2428851127624512,33,9,7,9,5,32,12,11,10,24,9,8,20,1.0,1.0,1.0,1.0,1.0,1.0,1.0,1.0,1.0,1.0,1.0,1.0,1.0,0.2971365749835968,51,15,14,18,10,49,16,17,18,34,16,13,28
710,0.5151515151515151,0.4444444444444444,0.42857142857142855,0.5555555555555556,0.4,0.5,0.3333333333333333,1.0,0.2,0.5416666666666666,0.4444444444444444,0.75,0.5,1.242456316947937,33,9,7,9,5,32,12,11,10,24,9,8,20,1.0,1.0,1.0,1.0,1.0,1.0,1.0,1.0,1.0,1.0,1.0,1.0,1.0,0.2905920445919037,51,15,14,18,10,49,16,17,18,34,16,13,28
711,0.5757575757575758,0.5555555555555556,0.5714285714285714,0.5555555555555556,0.4,0.5625,0.4166666666666667,1.0,0.3,0.625,0.4444444444444444,0.875,0.5,1.1843833923339844,33,9,7,9,5,32,12,11,10,24,9,8,20,1.0,1.0,1.0,1.0,1.0,1.0,1.0,1.0,1.0,1.0,1.0,1.0,1.0,0.28888991475105286,51,15,14,18,10,49,16,17,18,34,16,13,28
712,0.5454545454545454,0.4444444444444444,0.5714285714285714,0.5555555555555556,0.4,0.53125,0.4166666666666667,1.0,0.2,0.5833333333333334,0.4444444444444444,0.875,0.5,1.218825340270996,33,9,7,9,5,32,12,11,10,24,9,8,20,1.0,1.0,1.0,1.0,1.0,1.0,1.0,1.0,1.0,1.0,1.0,1.0,1.0,0.2903602421283722,51,15,14,18,10,49,16,17,18,34,16,13,28
713,0.5151515151515151,0.4444444444444444,0.42857142857142855,0.5555555555555556,0.4,0.5,0.3333333333333333,1.0,0.2,0.5416666666666666,0.4444444444444444,0.75,0.5,1.2604565620422363,33,9,7,9,5,32,12,11,10,24,9,8,20,1.0,1.0,1.0,1.0,1.0,1.0,1.0,1.0,1.0,1.0,1.0,1.0,1.0,0.2870500683784485,51,15,14,18,10,49,16,17,18,34,16,13,28
714,0.5454545454545454,0.4444444444444444,0.5714285714285714,0.5555555555555556,0.4,0.53125,0.4166666666666667,1.0,0.2,0.5833333333333334,0.4444444444444444,0.875,0.5,1.2167677879333496,33,9,7,9,5,32,12,11,10,24,9,8,20,1.0,1.0,1.0,1.0,1.0,1.0,1.0,1.0,1.0,1.0,1.0,1.0,1.0,0.28750306367874146,51,15,14,18,10,49,16,17,18,34,16,13,28
715,0.5454545454545454,0.4444444444444444,0.5714285714285714,0.5555555555555556,0.4,0.53125,0.4166666666666667,1.0,0.2,0.5833333333333334,0.4444444444444444,0.875,0.5,1.2097315788269043,33,9,7,9,5,32,12,11,10,24,9,8,20,1.0,1.0,1.0,1.0,1.0,1.0,1.0,1.0,1.0,1.0,1.0,1.0,1.0,0.288922518491745,51,15,14,18,10,49,16,17,18,34,16,13,28
716,0.5454545454545454,0.4444444444444444,0.5714285714285714,0.5555555555555556,0.4,0.53125,0.4166666666666667,1.0,0.2,0.5833333333333334,0.4444444444444444,0.875,0.5,1.2402912378311157,33,9,7,9,5,32,12,11,10,24,9,8,20,1.0,1.0,1.0,1.0,1.0,1.0,1.0,1.0,1.0,1.0,1.0,1.0,1.0,0.28358572721481323,51,15,14,18,10,49,16,17,18,34,16,13,28
717,0.5757575757575758,0.5555555555555556,0.5714285714285714,0.5555555555555556,0.4,0.5625,0.4166666666666667,1.0,0.3,0.625,0.4444444444444444,0.875,0.5,1.1929521560668945,33,9,7,9,5,32,12,11,10,24,9,8,20,1.0,1.0,1.0,1.0,1.0,1.0,1.0,1.0,1.0,1.0,1.0,1.0,1.0,0.2871524393558502,51,15,14,18,10,49,16,17,18,34,16,13,28
718,0.5454545454545454,0.4444444444444444,0.5714285714285714,0.5555555555555556,0.4,0.53125,0.4166666666666667,1.0,0.2,0.5833333333333334,0.4444444444444444,0.875,0.5,1.2127749919891357,33,9,7,9,5,32,12,11,10,24,9,8,20,1.0,1.0,1.0,1.0,1.0,1.0,1.0,1.0,1.0,1.0,1.0,1.0,1.0,0.291252464056015,51,15,14,18,10,49,16,17,18,34,16,13,28
719,0.5454545454545454,0.4444444444444444,0.5714285714285714,0.5555555555555556,0.4,0.53125,0.4166666666666667,1.0,0.2,0.5833333333333334,0.4444444444444444,0.875,0.5,1.2451369762420654,33,9,7,9,5,32,12,11,10,24,9,8,20,1.0,1.0,1.0,1.0,1.0,1.0,1.0,1.0,1.0,1.0,1.0,1.0,1.0,0.289872944355011,51,15,14,18,10,49,16,17,18,34,16,13,28
720,0.5454545454545454,0.4444444444444444,0.5714285714285714,0.5555555555555556,0.4,0.53125,0.4166666666666667,1.0,0.2,0.5833333333333334,0.4444444444444444,0.875,0.5,1.2328274250030518,33,9,7,9,5,32,12,11,10,24,9,8,20,1.0,1.0,1.0,1.0,1.0,1.0,1.0,1.0,1.0,1.0,1.0,1.0,1.0,0.2867172062397003,51,15,14,18,10,49,16,17,18,34,16,13,28
721,0.5151515151515151,0.4444444444444444,0.42857142857142855,0.5555555555555556,0.4,0.5,0.3333333333333333,1.0,0.2,0.5416666666666666,0.4444444444444444,0.75,0.5,1.2493516206741333,33,9,7,9,5,32,12,11,10,24,9,8,20,1.0,1.0,1.0,1.0,1.0,1.0,1.0,1.0,1.0,1.0,1.0,1.0,1.0,0.2861703336238861,51,15,14,18,10,49,16,17,18,34,16,13,28
722,0.5757575757575758,0.5555555555555556,0.5714285714285714,0.5555555555555556,0.4,0.5625,0.4166666666666667,1.0,0.3,0.625,0.4444444444444444,0.875,0.5,1.1914892196655273,33,9,7,9,5,32,12,11,10,24,9,8,20,1.0,1.0,1.0,1.0,1.0,1.0,1.0,1.0,1.0,1.0,1.0,1.0,1.0,0.2828749418258667,51,15,14,18,10,49,16,17,18,34,16,13,28
723,0.5454545454545454,0.4444444444444444,0.5714285714285714,0.5555555555555556,0.4,0.53125,0.4166666666666667,1.0,0.2,0.5833333333333334,0.4444444444444444,0.875,0.5,1.2400354146957397,33,9,7,9,5,32,12,11,10,24,9,8,20,1.0,1.0,1.0,1.0,1.0,1.0,1.0,1.0,1.0,1.0,1.0,1.0,1.0,0.28403520584106445,51,15,14,18,10,49,16,17,18,34,16,13,28
724,0.5151515151515151,0.4444444444444444,0.42857142857142855,0.5555555555555556,0.4,0.5,0.3333333333333333,1.0,0.2,0.5416666666666666,0.4444444444444444,0.75,0.5,1.2508591413497925,33,9,7,9,5,32,12,11,10,24,9,8,20,1.0,1.0,1.0,1.0,1.0,1.0,1.0,1.0,1.0,1.0,1.0,1.0,1.0,0.2815706133842468,51,15,14,18,10,49,16,17,18,34,16,13,28
725,0.5757575757575758,0.5555555555555556,0.5714285714285714,0.5555555555555556,0.4,0.5625,0.4166666666666667,1.0,0.3,0.625,0.4444444444444444,0.875,0.5,1.2218650579452515,33,9,7,9,5,32,12,11,10,24,9,8,20,1.0,1.0,1.0,1.0,1.0,1.0,1.0,1.0,1.0,1.0,1.0,1.0,1.0,0.2783277630805969,51,15,14,18,10,49,16,17,18,34,16,13,28
726,0.5757575757575758,0.5555555555555556,0.5714285714285714,0.5555555555555556,0.4,0.5625,0.4166666666666667,1.0,0.3,0.625,0.4444444444444444,0.875,0.5,1.2188807725906372,33,9,7,9,5,32,12,11,10,24,9,8,20,1.0,1.0,1.0,1.0,1.0,1.0,1.0,1.0,1.0,1.0,1.0,1.0,1.0,0.28389841318130493,51,15,14,18,10,49,16,17,18,34,16,13,28
727,0.5151515151515151,0.4444444444444444,0.42857142857142855,0.5555555555555556,0.4,0.5,0.3333333333333333,1.0,0.2,0.5416666666666666,0.4444444444444444,0.75,0.5,1.2826313972473145,33,9,7,9,5,32,12,11,10,24,9,8,20,1.0,1.0,1.0,1.0,1.0,1.0,1.0,1.0,1.0,1.0,1.0,1.0,1.0,0.2794167697429657,51,15,14,18,10,49,16,17,18,34,16,13,28
728,0.5757575757575758,0.5555555555555556,0.5714285714285714,0.5555555555555556,0.4,0.5625,0.4166666666666667,1.0,0.3,0.625,0.4444444444444444,0.875,0.5,1.2249330282211304,33,9,7,9,5,32,12,11,10,24,9,8,20,1.0,1.0,1.0,1.0,1.0,1.0,1.0,1.0,1.0,1.0,1.0,1.0,1.0,0.2791194021701813,51,15,14,18,10,49,16,17,18,34,16,13,28
729,0.5757575757575758,0.5555555555555556,0.5714285714285714,0.5555555555555556,0.4,0.5625,0.4166666666666667,1.0,0.3,0.625,0.4444444444444444,0.875,0.5,1.2117033004760742,33,9,7,9,5,32,12,11,10,24,9,8,20,1.0,1.0,1.0,1.0,1.0,1.0,1.0,1.0,1.0,1.0,1.0,1.0,1.0,0.276900976896286,51,15,14,18,10,49,16,17,18,34,16,13,28
730,0.5151515151515151,0.4444444444444444,0.42857142857142855,0.5555555555555556,0.4,0.5,0.3333333333333333,1.0,0.2,0.5416666666666666,0.4444444444444444,0.75,0.5,1.2856577634811401,33,9,7,9,5,32,12,11,10,24,9,8,20,1.0,1.0,1.0,1.0,1.0,1.0,1.0,1.0,1.0,1.0,1.0,1.0,1.0,0.284294456243515,51,15,14,18,10,49,16,17,18,34,16,13,28
731,0.5757575757575758,0.5555555555555556,0.5714285714285714,0.5555555555555556,0.4,0.5625,0.4166666666666667,1.0,0.3,0.625,0.4444444444444444,0.875,0.5,1.226586103439331,33,9,7,9,5,32,12,11,10,24,9,8,20,1.0,1.0,1.0,1.0,1.0,1.0,1.0,1.0,1.0,1.0,1.0,1.0,1.0,0.28026527166366577,51,15,14,18,10,49,16,17,18,34,16,13,28
732,0.5757575757575758,0.5555555555555556,0.5714285714285714,0.5555555555555556,0.4,0.5625,0.4166666666666667,1.0,0.3,0.625,0.4444444444444444,0.875,0.5,1.188852310180664,33,9,7,9,5,32,12,11,10,24,9,8,20,1.0,1.0,1.0,1.0,1.0,1.0,1.0,1.0,1.0,1.0,1.0,1.0,1.0,0.2767668664455414,51,15,14,18,10,49,16,17,18,34,16,13,28
733,0.5151515151515151,0.4444444444444444,0.42857142857142855,0.5555555555555556,0.4,0.5,0.3333333333333333,1.0,0.2,0.5416666666666666,0.4444444444444444,0.75,0.5,1.270660161972046,33,9,7,9,5,32,12,11,10,24,9,8,20,1.0,1.0,1.0,1.0,1.0,1.0,1.0,1.0,1.0,1.0,1.0,1.0,1.0,0.2736712098121643,51,15,14,18,10,49,16,17,18,34,16,13,28
734,0.5151515151515151,0.4444444444444444,0.42857142857142855,0.5555555555555556,0.4,0.5,0.3333333333333333,1.0,0.2,0.5416666666666666,0.4444444444444444,0.75,0.5,1.2817462682724,33,9,7,9,5,32,12,11,10,24,9,8,20,1.0,1.0,1.0,1.0,1.0,1.0,1.0,1.0,1.0,1.0,1.0,1.0,1.0,0.27176228165626526,51,15,14,18,10,49,16,17,18,34,16,13,28
735,0.5757575757575758,0.5555555555555556,0.5714285714285714,0.5555555555555556,0.4,0.5625,0.4166666666666667,1.0,0.3,0.625,0.4444444444444444,0.875,0.5,1.203763723373413,33,9,7,9,5,32,12,11,10,24,9,8,20,1.0,1.0,1.0,1.0,1.0,1.0,1.0,1.0,1.0,1.0,1.0,1.0,1.0,0.27065521478652954,51,15,14,18,10,49,16,17,18,34,16,13,28
736,0.5454545454545454,0.5555555555555556,0.42857142857142855,0.5555555555555556,0.4,0.53125,0.3333333333333333,1.0,0.3,0.5833333333333334,0.4444444444444444,0.75,0.5,1.251832127571106,33,9,7,9,5,32,12,11,10,24,9,8,20,1.0,1.0,1.0,1.0,1.0,1.0,1.0,1.0,1.0,1.0,1.0,1.0,1.0,0.2707708775997162,51,15,14,18,10,49,16,17,18,34,16,13,28
737,0.5454545454545454,0.5555555555555556,0.42857142857142855,0.5555555555555556,0.4,0.53125,0.3333333333333333,1.0,0.3,0.5833333333333334,0.4444444444444444,0.75,0.5,1.2465018033981323,33,9,7,9,5,32,12,11,10,24,9,8,20,1.0,1.0,1.0,1.0,1.0,1.0,1.0,1.0,1.0,1.0,1.0,1.0,1.0,0.2760086953639984,51,15,14,18,10,49,16,17,18,34,16,13,28
738,0.5454545454545454,0.5555555555555556,0.42857142857142855,0.5555555555555556,0.4,0.53125,0.3333333333333333,1.0,0.3,0.5833333333333334,0.4444444444444444,0.75,0.5,1.2394580841064453,33,9,7,9,5,32,12,11,10,24,9,8,20,1.0,1.0,1.0,1.0,1.0,1.0,1.0,1.0,1.0,1.0,1.0,1.0,1.0,0.27132079005241394,51,15,14,18,10,49,16,17,18,34,16,13,28
739,0.5151515151515151,0.4444444444444444,0.42857142857142855,0.5555555555555556,0.4,0.5,0.3333333333333333,1.0,0.2,0.5416666666666666,0.4444444444444444,0.75,0.5,1.2791526317596436,33,9,7,9,5,32,12,11,10,24,9,8,20,1.0,1.0,1.0,1.0,1.0,1.0,1.0,1.0,1.0,1.0,1.0,1.0,1.0,0.2729484736919403,51,15,14,18,10,49,16,17,18,34,16,13,28
740,0.5454545454545454,0.5555555555555556,0.42857142857142855,0.5555555555555556,0.4,0.53125,0.3333333333333333,1.0,0.3,0.5833333333333334,0.4444444444444444,0.75,0.5,1.2299169301986694,33,9,7,9,5,32,12,11,10,24,9,8,20,1.0,1.0,1.0,1.0,1.0,1.0,1.0,1.0,1.0,1.0,1.0,1.0,1.0,0.27529260516166687,51,15,14,18,10,49,16,17,18,34,16,13,28
741,0.5757575757575758,0.5555555555555556,0.5714285714285714,0.5555555555555556,0.4,0.5625,0.4166666666666667,1.0,0.3,0.625,0.4444444444444444,0.875,0.5,1.2268812656402588,33,9,7,9,5,32,12,11,10,24,9,8,20,1.0,1.0,1.0,1.0,1.0,1.0,1.0,1.0,1.0,1.0,1.0,1.0,1.0,0.2741289734840393,51,15,14,18,10,49,16,17,18,34,16,13,28
742,0.5151515151515151,0.4444444444444444,0.42857142857142855,0.5555555555555556,0.4,0.5,0.3333333333333333,1.0,0.2,0.5416666666666666,0.4444444444444444,0.75,0.5,1.2820374965667725,33,9,7,9,5,32,12,11,10,24,9,8,20,1.0,1.0,1.0,1.0,1.0,1.0,1.0,1.0,1.0,1.0,1.0,1.0,1.0,0.27329590916633606,51,15,14,18,10,49,16,17,18,34,16,13,28
743,0.5151515151515151,0.4444444444444444,0.42857142857142855,0.5555555555555556,0.4,0.5,0.3333333333333333,1.0,0.2,0.5416666666666666,0.4444444444444444,0.75,0.5,1.260737657546997,33,9,7,9,5,32,12,11,10,24,9,8,20,1.0,1.0,1.0,1.0,1.0,1.0,1.0,1.0,1.0,1.0,1.0,1.0,1.0,0.2674107551574707,51,15,14,18,10,49,16,17,18,34,16,13,28
744,0.5757575757575758,0.5555555555555556,0.5714285714285714,0.5555555555555556,0.4,0.5625,0.4166666666666667,1.0,0.3,0.625,0.4444444444444444,0.875,0.5,1.2053757905960083,33,9,7,9,5,32,12,11,10,24,9,8,20,1.0,1.0,1.0,1.0,1.0,1.0,1.0,1.0,1.0,1.0,1.0,1.0,1.0,0.26955270767211914,51,15,14,18,10,49,16,17,18,34,16,13,28
745,0.5454545454545454,0.5555555555555556,0.42857142857142855,0.5555555555555556,0.4,0.53125,0.3333333333333333,1.0,0.3,0.5833333333333334,0.4444444444444444,0.75,0.5,1.2515596151351929,33,9,7,9,5,32,12,11,10,24,9,8,20,1.0,1.0,1.0,1.0,1.0,1.0,1.0,1.0,1.0,1.0,1.0,1.0,1.0,0.2724326550960541,51,15,14,18,10,49,16,17,18,34,16,13,28
746,0.5454545454545454,0.5555555555555556,0.42857142857142855,0.5555555555555556,0.4,0.53125,0.3333333333333333,1.0,0.3,0.5833333333333334,0.4444444444444444,0.75,0.5,1.248495101928711,33,9,7,9,5,32,12,11,10,24,9,8,20,1.0,1.0,1.0,1.0,1.0,1.0,1.0,1.0,1.0,1.0,1.0,1.0,1.0,0.27138257026672363,51,15,14,18,10,49,16,17,18,34,16,13,28
747,0.5757575757575758,0.5555555555555556,0.5714285714285714,0.5555555555555556,0.4,0.5625,0.4166666666666667,1.0,0.3,0.625,0.4444444444444444,0.875,0.5,1.2323439121246338,33,9,7,9,5,32,12,11,10,24,9,8,20,1.0,1.0,1.0,1.0,1.0,1.0,1.0,1.0,1.0,1.0,1.0,1.0,1.0,0.2649531960487366,51,15,14,18,10,49,16,17,18,34,16,13,28
748,0.5151515151515151,0.4444444444444444,0.42857142857142855,0.5555555555555556,0.4,0.5,0.3333333333333333,1.0,0.2,0.5416666666666666,0.4444444444444444,0.75,0.5,1.266593337059021,33,9,7,9,5,32,12,11,10,24,9,8,20,1.0,1.0,1.0,1.0,1.0,1.0,1.0,1.0,1.0,1.0,1.0,1.0,1.0,0.2654808759689331,51,15,14,18,10,49,16,17,18,34,16,13,28
749,0.5151515151515151,0.4444444444444444,0.42857142857142855,0.5555555555555556,0.4,0.5,0.3333333333333333,1.0,0.2,0.5416666666666666,0.4444444444444444,0.75,0.5,1.2656217813491821,33,9,7,9,5,32,12,11,10,24,9,8,20,1.0,1.0,1.0,1.0,1.0,1.0,1.0,1.0,1.0,1.0,1.0,1.0,1.0,0.26299023628234863,51,15,14,18,10,49,16,17,18,34,16,13,28
750,0.5757575757575758,0.5555555555555556,0.5714285714285714,0.5555555555555556,0.4,0.5625,0.4166666666666667,1.0,0.3,0.625,0.4444444444444444,0.875,0.5,1.19236421585083,33,9,7,9,5,32,12,11,10,24,9,8,20,1.0,1.0,1.0,1.0,1.0,1.0,1.0,1.0,1.0,1.0,1.0,1.0,1.0,0.2660709023475647,51,15,14,18,10,49,16,17,18,34,16,13,28
751,0.5151515151515151,0.4444444444444444,0.42857142857142855,0.5555555555555556,0.4,0.5,0.3333333333333333,1.0,0.2,0.5416666666666666,0.4444444444444444,0.75,0.5,1.2966327667236328,33,9,7,9,5,32,12,11,10,24,9,8,20,1.0,1.0,1.0,1.0,1.0,1.0,1.0,1.0,1.0,1.0,1.0,1.0,1.0,0.26490023732185364,51,15,14,18,10,49,16,17,18,34,16,13,28
752,0.5151515151515151,0.4444444444444444,0.42857142857142855,0.5555555555555556,0.4,0.5,0.3333333333333333,1.0,0.2,0.5416666666666666,0.4444444444444444,0.75,0.5,1.2883288860321045,33,9,7,9,5,32,12,11,10,24,9,8,20,1.0,1.0,1.0,1.0,1.0,1.0,1.0,1.0,1.0,1.0,1.0,1.0,1.0,0.26282358169555664,51,15,14,18,10,49,16,17,18,34,16,13,28
753,0.5757575757575758,0.5555555555555556,0.5714285714285714,0.5555555555555556,0.4,0.5625,0.4166666666666667,1.0,0.3,0.625,0.4444444444444444,0.875,0.5,1.2283316850662231,33,9,7,9,5,32,12,11,10,24,9,8,20,1.0,1.0,1.0,1.0,1.0,1.0,1.0,1.0,1.0,1.0,1.0,1.0,1.0,0.2566510736942291,51,15,14,18,10,49,16,17,18,34,16,13,28
754,0.5454545454545454,0.5555555555555556,0.42857142857142855,0.5555555555555556,0.4,0.53125,0.3333333333333333,1.0,0.3,0.5833333333333334,0.4444444444444444,0.75,0.5,1.255946159362793,33,9,7,9,5,32,12,11,10,24,9,8,20,1.0,1.0,1.0,1.0,1.0,1.0,1.0,1.0,1.0,1.0,1.0,1.0,1.0,0.26071566343307495,51,15,14,18,10,49,16,17,18,34,16,13,28
755,0.48484848484848486,0.4444444444444444,0.42857142857142855,0.5555555555555556,0.4,0.46875,0.25,1.0,0.2,0.5,0.4444444444444444,0.75,0.45,1.3379961252212524,33,9,7,9,5,32,12,11,10,24,9,8,20,1.0,1.0,1.0,1.0,1.0,1.0,1.0,1.0,1.0,1.0,1.0,1.0,1.0,0.25757110118865967,51,15,14,18,10,49,16,17,18,34,16,13,28
756,0.5454545454545454,0.5555555555555556,0.42857142857142855,0.5555555555555556,0.4,0.53125,0.3333333333333333,1.0,0.3,0.5833333333333334,0.4444444444444444,0.75,0.5,1.2414079904556274,33,9,7,9,5,32,12,11,10,24,9,8,20,1.0,1.0,1.0,1.0,1.0,1.0,1.0,1.0,1.0,1.0,1.0,1.0,1.0,0.2630070447921753,51,15,14,18,10,49,16,17,18,34,16,13,28
757,0.5757575757575758,0.5555555555555556,0.5714285714285714,0.5555555555555556,0.4,0.5625,0.4166666666666667,1.0,0.3,0.625,0.4444444444444444,0.875,0.5,1.1875412464141846,33,9,7,9,5,32,12,11,10,24,9,8,20,1.0,1.0,1.0,1.0,1.0,1.0,1.0,1.0,1.0,1.0,1.0,1.0,1.0,0.2576979696750641,51,15,14,18,10,49,16,17,18,34,16,13,28
758,0.48484848484848486,0.4444444444444444,0.42857142857142855,0.5555555555555556,0.4,0.46875,0.25,1.0,0.2,0.5,0.4444444444444444,0.75,0.45,1.3482568264007568,33,9,7,9,5,32,12,11,10,24,9,8,20,1.0,1.0,1.0,1.0,1.0,1.0,1.0,1.0,1.0,1.0,1.0,1.0,1.0,0.26546794176101685,51,15,14,18,10,49,16,17,18,34,16,13,28
759,0.5151515151515151,0.4444444444444444,0.42857142857142855,0.5555555555555556,0.4,0.5,0.3333333333333333,1.0,0.2,0.5416666666666666,0.4444444444444444,0.75,0.5,1.284895420074463,33,9,7,9,5,32,12,11,10,24,9,8,20,1.0,1.0,1.0,1.0,1.0,1.0,1.0,1.0,1.0,1.0,1.0,1.0,1.0,0.263668030500412,51,15,14,18,10,49,16,17,18,34,16,13,28
760,0.5757575757575758,0.5555555555555556,0.5714285714285714,0.5555555555555556,0.4,0.5625,0.4166666666666667,1.0,0.3,0.625,0.4444444444444444,0.875,0.5,1.1882476806640625,33,9,7,9,5,32,12,11,10,24,9,8,20,1.0,1.0,1.0,1.0,1.0,1.0,1.0,1.0,1.0,1.0,1.0,1.0,1.0,0.254158616065979,51,15,14,18,10,49,16,17,18,34,16,13,28
761,0.5454545454545454,0.5555555555555556,0.42857142857142855,0.5555555555555556,0.4,0.53125,0.3333333333333333,1.0,0.3,0.5833333333333334,0.4444444444444444,0.75,0.5,1.2856318950653076,33,9,7,9,5,32,12,11,10,24,9,8,20,1.0,1.0,1.0,1.0,1.0,1.0,1.0,1.0,1.0,1.0,1.0,1.0,1.0,0.2599900960922241,51,15,14,18,10,49,16,17,18,34,16,13,28
762,0.48484848484848486,0.4444444444444444,0.42857142857142855,0.5555555555555556,0.4,0.46875,0.25,1.0,0.2,0.5,0.4444444444444444,0.75,0.45,1.3202509880065918,33,9,7,9,5,32,12,11,10,24,9,8,20,1.0,1.0,1.0,1.0,1.0,1.0,1.0,1.0,1.0,1.0,1.0,1.0,1.0,0.2622694671154022,51,15,14,18,10,49,16,17,18,34,16,13,28
763,0.5757575757575758,0.5555555555555556,0.5714285714285714,0.5555555555555556,0.4,0.5625,0.4166666666666667,1.0,0.3,0.625,0.4444444444444444,0.875,0.5,1.2134182453155518,33,9,7,9,5,32,12,11,10,24,9,8,20,1.0,1.0,1.0,1.0,1.0,1.0,1.0,1.0,1.0,1.0,1.0,1.0,1.0,0.2597648501396179,51,15,14,18,10,49,16,17,18,34,16,13,28
764,0.5454545454545454,0.5555555555555556,0.42857142857142855,0.5555555555555556,0.4,0.53125,0.3333333333333333,1.0,0.3,0.5833333333333334,0.4444444444444444,0.75,0.5,1.2389733791351318,33,9,7,9,5,32,12,11,10,24,9,8,20,1.0,1.0,1.0,1.0,1.0,1.0,1.0,1.0,1.0,1.0,1.0,1.0,1.0,0.2567504644393921,51,15,14,18,10,49,16,17,18,34,16,13,28
765,0.5151515151515151,0.4444444444444444,0.42857142857142855,0.5555555555555556,0.4,0.5,0.3333333333333333,1.0,0.2,0.5416666666666666,0.4444444444444444,0.75,0.5,1.325740933418274,33,9,7,9,5,32,12,11,10,24,9,8,20,1.0,1.0,1.0,1.0,1.0,1.0,1.0,1.0,1.0,1.0,1.0,1.0,1.0,0.25631484389305115,51,15,14,18,10,49,16,17,18,34,16,13,28
766,0.5151515151515151,0.4444444444444444,0.42857142857142855,0.5555555555555556,0.4,0.5,0.3333333333333333,1.0,0.2,0.5416666666666666,0.4444444444444444,0.75,0.5,1.3000270128250122,33,9,7,9,5,32,12,11,10,24,9,8,20,1.0,1.0,1.0,1.0,1.0,1.0,1.0,1.0,1.0,1.0,1.0,1.0,1.0,0.254999041557312,51,15,14,18,10,49,16,17,18,34,16,13,28
767,0.5757575757575758,0.5555555555555556,0.5714285714285714,0.5555555555555556,0.4,0.5625,0.4166666666666667,1.0,0.3,0.625,0.4444444444444444,0.875,0.5,1.1949992179870605,33,9,7,9,5,32,12,11,10,24,9,8,20,1.0,1.0,1.0,1.0,1.0,1.0,1.0,1.0,1.0,1.0,1.0,1.0,1.0,0.24693600833415985,51,15,14,18,10,49,16,17,18,34,16,13,28
768,0.5151515151515151,0.4444444444444444,0.42857142857142855,0.5555555555555556,0.4,0.5,0.3333333333333333,1.0,0.2,0.5416666666666666,0.4444444444444444,0.75,0.5,1.3086810111999512,33,9,7,9,5,32,12,11,10,24,9,8,20,1.0,1.0,1.0,1.0,1.0,1.0,1.0,1.0,1.0,1.0,1.0,1.0,1.0,0.2610888183116913,51,15,14,18,10,49,16,17,18,34,16,13,28
769,0.5151515151515151,0.4444444444444444,0.42857142857142855,0.5555555555555556,0.4,0.5,0.3333333333333333,1.0,0.2,0.5416666666666666,0.4444444444444444,0.75,0.5,1.3234431743621826,33,9,7,9,5,32,12,11,10,24,9,8,20,1.0,1.0,1.0,1.0,1.0,1.0,1.0,1.0,1.0,1.0,1.0,1.0,1.0,0.24698112905025482,51,15,14,18,10,49,16,17,18,34,16,13,28
770,0.5757575757575758,0.5555555555555556,0.5714285714285714,0.5555555555555556,0.4,0.5625,0.4166666666666667,1.0,0.3,0.625,0.4444444444444444,0.875,0.5,1.1810132265090942,33,9,7,9,5,32,12,11,10,24,9,8,20,1.0,1.0,1.0,1.0,1.0,1.0,1.0,1.0,1.0,1.0,1.0,1.0,1.0,0.25989043712615967,51,15,14,18,10,49,16,17,18,34,16,13,28
771,0.5454545454545454,0.5555555555555556,0.42857142857142855,0.5555555555555556,0.4,0.53125,0.3333333333333333,1.0,0.3,0.5833333333333334,0.4444444444444444,0.75,0.5,1.2682265043258667,33,9,7,9,5,32,12,11,10,24,9,8,20,1.0,1.0,1.0,1.0,1.0,1.0,1.0,1.0,1.0,1.0,1.0,1.0,1.0,0.2559126019477844,51,15,14,18,10,49,16,17,18,34,16,13,28
772,0.48484848484848486,0.4444444444444444,0.42857142857142855,0.5555555555555556,0.4,0.46875,0.25,1.0,0.2,0.5,0.4444444444444444,0.75,0.45,1.3622441291809082,33,9,7,9,5,32,12,11,10,24,9,8,20,1.0,1.0,1.0,1.0,1.0,1.0,1.0,1.0,1.0,1.0,1.0,1.0,1.0,0.255650132894516,51,15,14,18,10,49,16,17,18,34,16,13,28
773,0.5454545454545454,0.5555555555555556,0.42857142857142855,0.5555555555555556,0.4,0.53125,0.3333333333333333,1.0,0.3,0.5833333333333334,0.4444444444444444,0.75,0.5,1.2367546558380127,33,9,7,9,5,32,12,11,10,24,9,8,20,1.0,1.0,1.0,1.0,1.0,1.0,1.0,1.0,1.0,1.0,1.0,1.0,1.0,0.25211504101753235,51,15,14,18,10,49,16,17,18,34,16,13,28
774,0.5757575757575758,0.5555555555555556,0.5714285714285714,0.5555555555555556,0.4,0.5625,0.4166666666666667,1.0,0.3,0.625,0.4444444444444444,0.875,0.5,1.2108139991760254,33,9,7,9,5,32,12,11,10,24,9,8,20,1.0,1.0,1.0,1.0,1.0,1.0,1.0,1.0,1.0,1.0,1.0,1.0,1.0,0.2514759600162506,51,15,14,18,10,49,16,17,18,34,16,13,28
775,0.48484848484848486,0.4444444444444444,0.42857142857142855,0.5555555555555556,0.4,0.46875,0.25,1.0,0.2,0.5,0.4444444444444444,0.75,0.45,1.325699806213379,33,9,7,9,5,32,12,11,10,24,9,8,20,1.0,1.0,1.0,1.0,1.0,1.0,1.0,1.0,1.0,1.0,1.0,1.0,1.0,0.24993273615837097,51,15,14,18,10,49,16,17,18,34,16,13,28
776,0.5151515151515151,0.4444444444444444,0.42857142857142855,0.5555555555555556,0.4,0.5,0.3333333333333333,1.0,0.2,0.5416666666666666,0.4444444444444444,0.75,0.5,1.3121917247772217,33,9,7,9,5,32,12,11,10,24,9,8,20,1.0,1.0,1.0,1.0,1.0,1.0,1.0,1.0,1.0,1.0,1.0,1.0,1.0,0.25047531723976135,51,15,14,18,10,49,16,17,18,34,16,13,28
777,0.5757575757575758,0.5555555555555556,0.5714285714285714,0.5555555555555556,0.4,0.5625,0.4166666666666667,1.0,0.3,0.625,0.4444444444444444,0.875,0.5,1.202749490737915,33,9,7,9,5,32,12,11,10,24,9,8,20,1.0,1.0,1.0,1.0,1.0,1.0,1.0,1.0,1.0,1.0,1.0,1.0,1.0,0.24805060029029846,51,15,14,18,10,49,16,17,18,34,16,13,28
778,0.5454545454545454,0.5555555555555556,0.42857142857142855,0.5555555555555556,0.4,0.53125,0.3333333333333333,1.0,0.3,0.5833333333333334,0.4444444444444444,0.75,0.5,1.263869285583496,33,9,7,9,5,32,12,11,10,24,9,8,20,1.0,1.0,1.0,1.0,1.0,1.0,1.0,1.0,1.0,1.0,1.0,1.0,1.0,0.25652453303337097,51,15,14,18,10,49,16,17,18,34,16,13,28
779,0.48484848484848486,0.4444444444444444,0.42857142857142855,0.5555555555555556,0.4,0.46875,0.25,1.0,0.2,0.5,0.4444444444444444,0.75,0.45,1.355522632598877,33,9,7,9,5,32,12,11,10,24,9,8,20,1.0,1.0,1.0,1.0,1.0,1.0,1.0,1.0,1.0,1.0,1.0,1.0,1.0,0.2530403733253479,51,15,14,18,10,49,16,17,18,34,16,13,28
780,0.5454545454545454,0.5555555555555556,0.42857142857142855,0.5555555555555556,0.4,0.53125,0.3333333333333333,1.0,0.3,0.5833333333333334,0.4444444444444444,0.75,0.5,1.2884725332260132,33,9,7,9,5,32,12,11,10,24,9,8,20,1.0,1.0,1.0,1.0,1.0,1.0,1.0,1.0,1.0,1.0,1.0,1.0,1.0,0.2463008165359497,51,15,14,18,10,49,16,17,18,34,16,13,28
781,0.5454545454545454,0.5555555555555556,0.42857142857142855,0.5555555555555556,0.4,0.53125,0.3333333333333333,1.0,0.3,0.5833333333333334,0.4444444444444444,0.75,0.5,1.250324010848999,33,9,7,9,5,32,12,11,10,24,9,8,20,1.0,1.0,1.0,1.0,1.0,1.0,1.0,1.0,1.0,1.0,1.0,1.0,1.0,0.24207568168640137,51,15,14,18,10,49,16,17,18,34,16,13,28
782,0.5454545454545454,0.5555555555555556,0.42857142857142855,0.5555555555555556,0.4,0.53125,0.3333333333333333,1.0,0.3,0.5833333333333334,0.4444444444444444,0.75,0.5,1.2920935153961182,33,9,7,9,5,32,12,11,10,24,9,8,20,1.0,1.0,1.0,1.0,1.0,1.0,1.0,1.0,1.0,1.0,1.0,1.0,1.0,0.24762779474258423,51,15,14,18,10,49,16,17,18,34,16,13,28
783,0.5454545454545454,0.5555555555555556,0.42857142857142855,0.5555555555555556,0.4,0.53125,0.3333333333333333,1.0,0.3,0.5833333333333334,0.4444444444444444,0.75,0.5,1.3242288827896118,33,9,7,9,5,32,12,11,10,24,9,8,20,1.0,1.0,1.0,1.0,1.0,1.0,1.0,1.0,1.0,1.0,1.0,1.0,1.0,0.2452969253063202,51,15,14,18,10,49,16,17,18,34,16,13,28
784,0.5454545454545454,0.5555555555555556,0.42857142857142855,0.5555555555555556,0.4,0.53125,0.3333333333333333,1.0,0.3,0.5833333333333334,0.4444444444444444,0.75,0.5,1.2747291326522827,33,9,7,9,5,32,12,11,10,24,9,8,20,1.0,1.0,1.0,1.0,1.0,1.0,1.0,1.0,1.0,1.0,1.0,1.0,1.0,0.24746263027191162,51,15,14,18,10,49,16,17,18,34,16,13,28
785,0.5454545454545454,0.5555555555555556,0.42857142857142855,0.5555555555555556,0.4,0.53125,0.3333333333333333,1.0,0.3,0.5833333333333334,0.4444444444444444,0.75,0.5,1.2673193216323853,33,9,7,9,5,32,12,11,10,24,9,8,20,1.0,1.0,1.0,1.0,1.0,1.0,1.0,1.0,1.0,1.0,1.0,1.0,1.0,0.24101845920085907,51,15,14,18,10,49,16,17,18,34,16,13,28
786,0.5454545454545454,0.5555555555555556,0.42857142857142855,0.5555555555555556,0.4,0.53125,0.3333333333333333,1.0,0.3,0.5833333333333334,0.4444444444444444,0.75,0.5,1.293307900428772,33,9,7,9,5,32,12,11,10,24,9,8,20,1.0,1.0,1.0,1.0,1.0,1.0,1.0,1.0,1.0,1.0,1.0,1.0,1.0,0.24546533823013306,51,15,14,18,10,49,16,17,18,34,16,13,28
787,0.5454545454545454,0.5555555555555556,0.42857142857142855,0.5555555555555556,0.4,0.53125,0.3333333333333333,1.0,0.3,0.5833333333333334,0.4444444444444444,0.75,0.5,1.3190561532974243,33,9,7,9,5,32,12,11,10,24,9,8,20,1.0,1.0,1.0,1.0,1.0,1.0,1.0,1.0,1.0,1.0,1.0,1.0,1.0,0.24505062401294708,51,15,14,18,10,49,16,17,18,34,16,13,28
788,0.5454545454545454,0.5555555555555556,0.42857142857142855,0.5555555555555556,0.4,0.53125,0.3333333333333333,1.0,0.3,0.5833333333333334,0.4444444444444444,0.75,0.5,1.258352518081665,33,9,7,9,5,32,12,11,10,24,9,8,20,1.0,1.0,1.0,1.0,1.0,1.0,1.0,1.0,1.0,1.0,1.0,1.0,1.0,0.24662421643733978,51,15,14,18,10,49,16,17,18,34,16,13,28
789,0.5454545454545454,0.5555555555555556,0.42857142857142855,0.5555555555555556,0.4,0.53125,0.3333333333333333,1.0,0.3,0.5833333333333334,0.4444444444444444,0.75,0.5,1.2670700550079346,33,9,7,9,5,32,12,11,10,24,9,8,20,1.0,1.0,1.0,1.0,1.0,1.0,1.0,1.0,1.0,1.0,1.0,1.0,1.0,0.24753783643245697,51,15,14,18,10,49,16,17,18,34,16,13,28
790,0.5454545454545454,0.5555555555555556,0.42857142857142855,0.5555555555555556,0.4,0.53125,0.3333333333333333,1.0,0.3,0.5833333333333334,0.4444444444444444,0.75,0.5,1.3280017375946045,33,9,7,9,5,32,12,11,10,24,9,8,20,1.0,1.0,1.0,1.0,1.0,1.0,1.0,1.0,1.0,1.0,1.0,1.0,1.0,0.2449866682291031,51,15,14,18,10,49,16,17,18,34,16,13,28
791,0.5454545454545454,0.5555555555555556,0.42857142857142855,0.5555555555555556,0.4,0.53125,0.3333333333333333,1.0,0.3,0.5833333333333334,0.4444444444444444,0.75,0.5,1.3225798606872559,33,9,7,9,5,32,12,11,10,24,9,8,20,1.0,1.0,1.0,1.0,1.0,1.0,1.0,1.0,1.0,1.0,1.0,1.0,1.0,0.24205800890922546,51,15,14,18,10,49,16,17,18,34,16,13,28
792,0.5454545454545454,0.5555555555555556,0.42857142857142855,0.5555555555555556,0.4,0.53125,0.3333333333333333,1.0,0.3,0.5833333333333334,0.4444444444444444,0.75,0.5,1.2624669075012207,33,9,7,9,5,32,12,11,10,24,9,8,20,1.0,1.0,1.0,1.0,1.0,1.0,1.0,1.0,1.0,1.0,1.0,1.0,1.0,0.2415263056755066,51,15,14,18,10,49,16,17,18,34,16,13,28
793,0.5454545454545454,0.5555555555555556,0.42857142857142855,0.5555555555555556,0.4,0.53125,0.3333333333333333,1.0,0.3,0.5833333333333334,0.4444444444444444,0.75,0.5,1.2769527435302734,33,9,7,9,5,32,12,11,10,24,9,8,20,1.0,1.0,1.0,1.0,1.0,1.0,1.0,1.0,1.0,1.0,1.0,1.0,1.0,0.23463337123394012,51,15,14,18,10,49,16,17,18,34,16,13,28
794,0.5151515151515151,0.4444444444444444,0.42857142857142855,0.5555555555555556,0.4,0.5,0.3333333333333333,1.0,0.2,0.5416666666666666,0.4444444444444444,0.75,0.5,1.341959834098816,33,9,7,9,5,32,12,11,10,24,9,8,20,1.0,1.0,1.0,1.0,1.0,1.0,1.0,1.0,1.0,1.0,1.0,1.0,1.0,0.24146907031536102,51,15,14,18,10,49,16,17,18,34,16,13,28
795,0.5454545454545454,0.5555555555555556,0.42857142857142855,0.5555555555555556,0.4,0.53125,0.3333333333333333,1.0,0.3,0.5833333333333334,0.4444444444444444,0.75,0.5,1.278079628944397,33,9,7,9,5,32,12,11,10,24,9,8,20,1.0,1.0,1.0,1.0,1.0,1.0,1.0,1.0,1.0,1.0,1.0,1.0,1.0,0.24087515473365784,51,15,14,18,10,49,16,17,18,34,16,13,28
796,0.5454545454545454,0.5555555555555556,0.42857142857142855,0.5555555555555556,0.4,0.53125,0.3333333333333333,1.0,0.3,0.5833333333333334,0.4444444444444444,0.75,0.5,1.2909696102142334,33,9,7,9,5,32,12,11,10,24,9,8,20,1.0,1.0,1.0,1.0,1.0,1.0,1.0,1.0,1.0,1.0,1.0,1.0,1.0,0.24480314552783966,51,15,14,18,10,49,16,17,18,34,16,13,28
797,0.5454545454545454,0.5555555555555556,0.42857142857142855,0.5555555555555556,0.4,0.53125,0.3333333333333333,1.0,0.3,0.5833333333333334,0.4444444444444444,0.75,0.5,1.3125723600387573,33,9,7,9,5,32,12,11,10,24,9,8,20,1.0,1.0,1.0,1.0,1.0,1.0,1.0,1.0,1.0,1.0,1.0,1.0,1.0,0.241520494222641,51,15,14,18,10,49,16,17,18,34,16,13,28
798,0.5454545454545454,0.5555555555555556,0.42857142857142855,0.5555555555555556,0.4,0.53125,0.3333333333333333,1.0,0.3,0.5833333333333334,0.4444444444444444,0.75,0.5,1.2879140377044678,33,9,7,9,5,32,12,11,10,24,9,8,20,1.0,1.0,1.0,1.0,1.0,1.0,1.0,1.0,1.0,1.0,1.0,1.0,1.0,0.24139726161956787,51,15,14,18,10,49,16,17,18,34,16,13,28
799,0.5454545454545454,0.5555555555555556,0.42857142857142855,0.5555555555555556,0.4,0.53125,0.3333333333333333,1.0,0.3,0.5833333333333334,0.4444444444444444,0.75,0.5,1.2878468036651611,33,9,7,9,5,32,12,11,10,24,9,8,20,1.0,1.0,1.0,1.0,1.0,1.0,1.0,1.0,1.0,1.0,1.0,1.0,1.0,0.23622526228427887,51,15,14,18,10,49,16,17,18,34,16,13,28
800,0.5151515151515151,0.4444444444444444,0.42857142857142855,0.5555555555555556,0.4,0.5,0.3333333333333333,1.0,0.2,0.5416666666666666,0.4444444444444444,0.75,0.5,1.325487494468689,33,9,7,9,5,32,12,11,10,24,9,8,20,1.0,1.0,1.0,1.0,1.0,1.0,1.0,1.0,1.0,1.0,1.0,1.0,1.0,0.24346713721752167,51,15,14,18,10,49,16,17,18,34,16,13,28
801,0.5151515151515151,0.4444444444444444,0.42857142857142855,0.5555555555555556,0.4,0.5,0.3333333333333333,1.0,0.2,0.5416666666666666,0.4444444444444444,0.75,0.5,1.3508429527282715,33,9,7,9,5,32,12,11,10,24,9,8,20,1.0,1.0,1.0,1.0,1.0,1.0,1.0,1.0,1.0,1.0,1.0,1.0,1.0,0.2337501049041748,51,15,14,18,10,49,16,17,18,34,16,13,28
802,0.5454545454545454,0.5555555555555556,0.42857142857142855,0.5555555555555556,0.4,0.53125,0.3333333333333333,1.0,0.3,0.5833333333333334,0.4444444444444444,0.75,0.5,1.2557668685913086,33,9,7,9,5,32,12,11,10,24,9,8,20,1.0,1.0,1.0,1.0,1.0,1.0,1.0,1.0,1.0,1.0,1.0,1.0,1.0,0.23779453337192535,51,15,14,18,10,49,16,17,18,34,16,13,28
803,0.5454545454545454,0.5555555555555556,0.42857142857142855,0.5555555555555556,0.4,0.53125,0.3333333333333333,1.0,0.3,0.5833333333333334,0.4444444444444444,0.75,0.5,1.3058838844299316,33,9,7,9,5,32,12,11,10,24,9,8,20,1.0,1.0,1.0,1.0,1.0,1.0,1.0,1.0,1.0,1.0,1.0,1.0,1.0,0.23724918067455292,51,15,14,18,10,49,16,17,18,34,16,13,28
804,0.5151515151515151,0.4444444444444444,0.42857142857142855,0.5555555555555556,0.4,0.5,0.3333333333333333,1.0,0.2,0.5416666666666666,0.4444444444444444,0.75,0.5,1.3517885208129883,33,9,7,9,5,32,12,11,10,24,9,8,20,1.0,1.0,1.0,1.0,1.0,1.0,1.0,1.0,1.0,1.0,1.0,1.0,1.0,0.23496568202972412,51,15,14,18,10,49,16,17,18,34,16,13,28
805,0.5151515151515151,0.4444444444444444,0.42857142857142855,0.5555555555555556,0.4,0.5,0.3333333333333333,1.0,0.2,0.5416666666666666,0.4444444444444444,0.75,0.5,1.3461987972259521,33,9,7,9,5,32,12,11,10,24,9,8,20,1.0,1.0,1.0,1.0,1.0,1.0,1.0,1.0,1.0,1.0,1.0,1.0,1.0,0.23418056964874268,51,15,14,18,10,49,16,17,18,34,16,13,28
806,0.5454545454545454,0.5555555555555556,0.42857142857142855,0.5555555555555556,0.4,0.53125,0.3333333333333333,1.0,0.3,0.5833333333333334,0.4444444444444444,0.75,0.5,1.249342918395996,33,9,7,9,5,32,12,11,10,24,9,8,20,1.0,1.0,1.0,1.0,1.0,1.0,1.0,1.0,1.0,1.0,1.0,1.0,1.0,0.23945602774620056,51,15,14,18,10,49,16,17,18,34,16,13,28
807,0.5454545454545454,0.5555555555555556,0.42857142857142855,0.5555555555555556,0.4,0.53125,0.3333333333333333,1.0,0.3,0.5833333333333334,0.4444444444444444,0.75,0.5,1.3211702108383179,33,9,7,9,5,32,12,11,10,24,9,8,20,1.0,1.0,1.0,1.0,1.0,1.0,1.0,1.0,1.0,1.0,1.0,1.0,1.0,0.23897400498390198,51,15,14,18,10,49,16,17,18,34,16,13,28
808,0.48484848484848486,0.4444444444444444,0.42857142857142855,0.5555555555555556,0.4,0.46875,0.25,1.0,0.2,0.5,0.4444444444444444,0.75,0.45,1.390096664428711,33,9,7,9,5,32,12,11,10,24,9,8,20,1.0,1.0,1.0,1.0,1.0,1.0,1.0,1.0,1.0,1.0,1.0,1.0,1.0,0.23619815707206726,51,15,14,18,10,49,16,17,18,34,16,13,28
809,0.5454545454545454,0.5555555555555556,0.42857142857142855,0.5555555555555556,0.4,0.53125,0.3333333333333333,1.0,0.3,0.5833333333333334,0.4444444444444444,0.75,0.5,1.2869318723678589,33,9,7,9,5,32,12,11,10,24,9,8,20,1.0,1.0,1.0,1.0,1.0,1.0,1.0,1.0,1.0,1.0,1.0,1.0,1.0,0.22956359386444092,51,15,14,18,10,49,16,17,18,34,16,13,28
810,0.5454545454545454,0.5555555555555556,0.42857142857142855,0.5555555555555556,0.4,0.53125,0.3333333333333333,1.0,0.3,0.5833333333333334,0.4444444444444444,0.75,0.5,1.238603949546814,33,9,7,9,5,32,12,11,10,24,9,8,20,1.0,1.0,1.0,1.0,1.0,1.0,1.0,1.0,1.0,1.0,1.0,1.0,1.0,0.2348673939704895,51,15,14,18,10,49,16,17,18,34,16,13,28
811,0.5151515151515151,0.4444444444444444,0.42857142857142855,0.5555555555555556,0.4,0.5,0.3333333333333333,1.0,0.2,0.5416666666666666,0.4444444444444444,0.75,0.5,1.3654770851135254,33,9,7,9,5,32,12,11,10,24,9,8,20,1.0,1.0,1.0,1.0,1.0,1.0,1.0,1.0,1.0,1.0,1.0,1.0,1.0,0.23393559455871582,51,15,14,18,10,49,16,17,18,34,16,13,28
812,0.5151515151515151,0.4444444444444444,0.42857142857142855,0.5555555555555556,0.4,0.5,0.3333333333333333,1.0,0.2,0.5416666666666666,0.4444444444444444,0.75,0.5,1.377366304397583,33,9,7,9,5,32,12,11,10,24,9,8,20,1.0,1.0,1.0,1.0,1.0,1.0,1.0,1.0,1.0,1.0,1.0,1.0,1.0,0.23497824370861053,51,15,14,18,10,49,16,17,18,34,16,13,28
813,0.5454545454545454,0.5555555555555556,0.42857142857142855,0.5555555555555556,0.4,0.53125,0.3333333333333333,1.0,0.3,0.5833333333333334,0.4444444444444444,0.75,0.5,1.2404425144195557,33,9,7,9,5,32,12,11,10,24,9,8,20,1.0,1.0,1.0,1.0,1.0,1.0,1.0,1.0,1.0,1.0,1.0,1.0,1.0,0.2361401617527008,51,15,14,18,10,49,16,17,18,34,16,13,28
814,0.5454545454545454,0.5555555555555556,0.42857142857142855,0.5555555555555556,0.4,0.53125,0.3333333333333333,1.0,0.3,0.5833333333333334,0.4444444444444444,0.75,0.5,1.30623197555542,33,9,7,9,5,32,12,11,10,24,9,8,20,1.0,1.0,1.0,1.0,1.0,1.0,1.0,1.0,1.0,1.0,1.0,1.0,1.0,0.23651160299777985,51,15,14,18,10,49,16,17,18,34,16,13,28
815,0.48484848484848486,0.4444444444444444,0.42857142857142855,0.5555555555555556,0.4,0.46875,0.25,1.0,0.2,0.5,0.4444444444444444,0.75,0.45,1.4379228353500366,33,9,7,9,5,32,12,11,10,24,9,8,20,1.0,1.0,1.0,1.0,1.0,1.0,1.0,1.0,1.0,1.0,1.0,1.0,1.0,0.2337166666984558,51,15,14,18,10,49,16,17,18,34,16,13,28
816,0.5151515151515151,0.4444444444444444,0.42857142857142855,0.5555555555555556,0.4,0.5,0.3333333333333333,1.0,0.2,0.5416666666666666,0.4444444444444444,0.75,0.5,1.32595956325531,33,9,7,9,5,32,12,11,10,24,9,8,20,1.0,1.0,1.0,1.0,1.0,1.0,1.0,1.0,1.0,1.0,1.0,1.0,1.0,0.23741105198860168,51,15,14,18,10,49,16,17,18,34,16,13,28
817,0.5757575757575758,0.5555555555555556,0.5714285714285714,0.5555555555555556,0.4,0.5625,0.4166666666666667,1.0,0.3,0.625,0.4444444444444444,0.875,0.5,1.2107861042022705,33,9,7,9,5,32,12,11,10,24,9,8,20,1.0,1.0,1.0,1.0,1.0,1.0,1.0,1.0,1.0,1.0,1.0,1.0,1.0,0.23416216671466827,51,15,14,18,10,49,16,17,18,34,16,13,28
818,0.5454545454545454,0.5555555555555556,0.42857142857142855,0.5555555555555556,0.4,0.53125,0.3333333333333333,1.0,0.3,0.5833333333333334,0.4444444444444444,0.75,0.5,1.3208470344543457,33,9,7,9,5,32,12,11,10,24,9,8,20,1.0,1.0,1.0,1.0,1.0,1.0,1.0,1.0,1.0,1.0,1.0,1.0,1.0,0.23261605203151703,51,15,14,18,10,49,16,17,18,34,16,13,28
819,0.48484848484848486,0.4444444444444444,0.42857142857142855,0.5555555555555556,0.4,0.46875,0.25,1.0,0.2,0.5,0.4444444444444444,0.75,0.45,1.4441224336624146,33,9,7,9,5,32,12,11,10,24,9,8,20,1.0,1.0,1.0,1.0,1.0,1.0,1.0,1.0,1.0,1.0,1.0,1.0,1.0,0.22515998780727386,51,15,14,18,10,49,16,17,18,34,16,13,28
820,0.5454545454545454,0.5555555555555556,0.42857142857142855,0.5555555555555556,0.4,0.53125,0.3333333333333333,1.0,0.3,0.5833333333333334,0.4444444444444444,0.75,0.5,1.28315269947052,33,9,7,9,5,32,12,11,10,24,9,8,20,1.0,1.0,1.0,1.0,1.0,1.0,1.0,1.0,1.0,1.0,1.0,1.0,1.0,0.23637498915195465,51,15,14,18,10,49,16,17,18,34,16,13,28
821,0.5757575757575758,0.5555555555555556,0.5714285714285714,0.5555555555555556,0.4,0.5625,0.4166666666666667,1.0,0.3,0.625,0.4444444444444444,0.875,0.5,1.2004344463348389,33,9,7,9,5,32,12,11,10,24,9,8,20,1.0,1.0,1.0,1.0,1.0,1.0,1.0,1.0,1.0,1.0,1.0,1.0,1.0,0.2303619235754013,51,15,14,18,10,49,16,17,18,34,16,13,28
822,0.48484848484848486,0.4444444444444444,0.42857142857142855,0.5555555555555556,0.4,0.46875,0.25,1.0,0.2,0.5,0.4444444444444444,0.75,0.45,1.3733479976654053,33,9,7,9,5,32,12,11,10,24,9,8,20,1.0,1.0,1.0,1.0,1.0,1.0,1.0,1.0,1.0,1.0,1.0,1.0,1.0,0.23470380902290344,51,15,14,18,10,49,16,17,18,34,16,13,28
823,0.45454545454545453,0.3333333333333333,0.42857142857142855,0.4444444444444444,0.4,0.4375,0.16666666666666666,1.0,0.2,0.4583333333333333,0.4444444444444444,0.75,0.45,1.4391674995422363,33,9,7,9,5,32,12,11,10,24,9,8,20,1.0,1.0,1.0,1.0,1.0,1.0,1.0,1.0,1.0,1.0,1.0,1.0,1.0,0.2287108451128006,51,15,14,18,10,49,16,17,18,34,16,13,28
824,0.5454545454545454,0.5555555555555556,0.42857142857142855,0.5555555555555556,0.4,0.53125,0.3333333333333333,1.0,0.3,0.5833333333333334,0.4444444444444444,0.75,0.5,1.2585148811340332,33,9,7,9,5,32,12,11,10,24,9,8,20,1.0,1.0,1.0,1.0,1.0,1.0,1.0,1.0,1.0,1.0,1.0,1.0,1.0,0.2330906242132187,51,15,14,18,10,49,16,17,18,34,16,13,28
825,0.5454545454545454,0.5555555555555556,0.42857142857142855,0.5555555555555556,0.4,0.53125,0.3333333333333333,1.0,0.3,0.5833333333333334,0.4444444444444444,0.75,0.5,1.2339825630187988,33,9,7,9,5,32,12,11,10,24,9,8,20,1.0,1.0,1.0,1.0,1.0,1.0,1.0,1.0,1.0,1.0,1.0,1.0,1.0,0.22382451593875885,51,15,14,18,10,49,16,17,18,34,16,13,28
826,0.5151515151515151,0.4444444444444444,0.42857142857142855,0.5555555555555556,0.4,0.5,0.3333333333333333,1.0,0.2,0.5416666666666666,0.4444444444444444,0.75,0.5,1.382361888885498,33,9,7,9,5,32,12,11,10,24,9,8,20,1.0,1.0,1.0,1.0,1.0,1.0,1.0,1.0,1.0,1.0,1.0,1.0,1.0,0.22771713137626648,51,15,14,18,10,49,16,17,18,34,16,13,28
827,0.48484848484848486,0.4444444444444444,0.42857142857142855,0.5555555555555556,0.4,0.46875,0.25,1.0,0.2,0.5,0.4444444444444444,0.75,0.45,1.423015832901001,33,9,7,9,5,32,12,11,10,24,9,8,20,1.0,1.0,1.0,1.0,1.0,1.0,1.0,1.0,1.0,1.0,1.0,1.0,1.0,0.22815924882888794,51,15,14,18,10,49,16,17,18,34,16,13,28
828,0.5454545454545454,0.5555555555555556,0.42857142857142855,0.5555555555555556,0.4,0.53125,0.3333333333333333,1.0,0.3,0.5833333333333334,0.4444444444444444,0.75,0.5,1.251774787902832,33,9,7,9,5,32,12,11,10,24,9,8,20,1.0,1.0,1.0,1.0,1.0,1.0,1.0,1.0,1.0,1.0,1.0,1.0,1.0,0.22865290939807892,51,15,14,18,10,49,16,17,18,34,16,13,28
829,0.5454545454545454,0.5555555555555556,0.42857142857142855,0.5555555555555556,0.4,0.53125,0.3333333333333333,1.0,0.3,0.5833333333333334,0.4444444444444444,0.75,0.5,1.2573071718215942,33,9,7,9,5,32,12,11,10,24,9,8,20,1.0,1.0,1.0,1.0,1.0,1.0,1.0,1.0,1.0,1.0,1.0,1.0,1.0,0.22536152601242065,51,15,14,18,10,49,16,17,18,34,16,13,28
830,0.5151515151515151,0.4444444444444444,0.42857142857142855,0.5555555555555556,0.4,0.5,0.3333333333333333,1.0,0.2,0.5416666666666666,0.4444444444444444,0.75,0.5,1.3932737112045288,33,9,7,9,5,32,12,11,10,24,9,8,20,1.0,1.0,1.0,1.0,1.0,1.0,1.0,1.0,1.0,1.0,1.0,1.0,1.0,0.22461500763893127,51,15,14,18,10,49,16,17,18,34,16,13,28
831,0.5151515151515151,0.4444444444444444,0.42857142857142855,0.5555555555555556,0.4,0.5,0.3333333333333333,1.0,0.2,0.5416666666666666,0.4444444444444444,0.75,0.5,1.3998537063598633,33,9,7,9,5,32,12,11,10,24,9,8,20,1.0,1.0,1.0,1.0,1.0,1.0,1.0,1.0,1.0,1.0,1.0,1.0,1.0,0.23129692673683167,51,15,14,18,10,49,16,17,18,34,16,13,28
832,0.5454545454545454,0.5555555555555556,0.42857142857142855,0.5555555555555556,0.4,0.53125,0.3333333333333333,1.0,0.3,0.5833333333333334,0.4444444444444444,0.75,0.5,1.285813331604004,33,9,7,9,5,32,12,11,10,24,9,8,20,1.0,1.0,1.0,1.0,1.0,1.0,1.0,1.0,1.0,1.0,1.0,1.0,1.0,0.22709693014621735,51,15,14,18,10,49,16,17,18,34,16,13,28
833,0.5454545454545454,0.5555555555555556,0.42857142857142855,0.5555555555555556,0.4,0.53125,0.3333333333333333,1.0,0.3,0.5833333333333334,0.4444444444444444,0.75,0.5,1.2762354612350464,33,9,7,9,5,32,12,11,10,24,9,8,20,1.0,1.0,1.0,1.0,1.0,1.0,1.0,1.0,1.0,1.0,1.0,1.0,1.0,0.2225319892168045,51,15,14,18,10,49,16,17,18,34,16,13,28
834,0.5454545454545454,0.5555555555555556,0.42857142857142855,0.5555555555555556,0.4,0.53125,0.3333333333333333,1.0,0.3,0.5833333333333334,0.4444444444444444,0.75,0.5,1.3533308506011963,33,9,7,9,5,32,12,11,10,24,9,8,20,1.0,1.0,1.0,1.0,1.0,1.0,1.0,1.0,1.0,1.0,1.0,1.0,1.0,0.22390221059322357,51,15,14,18,10,49,16,17,18,34,16,13,28
835,0.5151515151515151,0.4444444444444444,0.42857142857142855,0.5555555555555556,0.4,0.5,0.3333333333333333,1.0,0.2,0.5416666666666666,0.4444444444444444,0.75,0.5,1.401436686515808,33,9,7,9,5,32,12,11,10,24,9,8,20,1.0,1.0,1.0,1.0,1.0,1.0,1.0,1.0,1.0,1.0,1.0,1.0,1.0,0.22379375994205475,51,15,14,18,10,49,16,17,18,34,16,13,28
836,0.5454545454545454,0.5555555555555556,0.42857142857142855,0.5555555555555556,0.4,0.53125,0.3333333333333333,1.0,0.3,0.5833333333333334,0.4444444444444444,0.75,0.5,1.2861964702606201,33,9,7,9,5,32,12,11,10,24,9,8,20,1.0,1.0,1.0,1.0,1.0,1.0,1.0,1.0,1.0,1.0,1.0,1.0,1.0,0.22209911048412323,51,15,14,18,10,49,16,17,18,34,16,13,28
837,0.5454545454545454,0.5555555555555556,0.42857142857142855,0.5555555555555556,0.4,0.53125,0.3333333333333333,1.0,0.3,0.5833333333333334,0.4444444444444444,0.75,0.5,1.2751429080963135,33,9,7,9,5,32,12,11,10,24,9,8,20,1.0,1.0,1.0,1.0,1.0,1.0,1.0,1.0,1.0,1.0,1.0,1.0,1.0,0.22401386499404907,51,15,14,18,10,49,16,17,18,34,16,13,28
838,0.5151515151515151,0.4444444444444444,0.42857142857142855,0.5555555555555556,0.4,0.5,0.3333333333333333,1.0,0.2,0.5416666666666666,0.4444444444444444,0.75,0.5,1.3777581453323364,33,9,7,9,5,32,12,11,10,24,9,8,20,1.0,1.0,1.0,1.0,1.0,1.0,1.0,1.0,1.0,1.0,1.0,1.0,1.0,0.2204393446445465,51,15,14,18,10,49,16,17,18,34,16,13,28
839,0.5151515151515151,0.4444444444444444,0.42857142857142855,0.5555555555555556,0.4,0.5,0.3333333333333333,1.0,0.2,0.5416666666666666,0.4444444444444444,0.75,0.5,1.3951102495193481,33,9,7,9,5,32,12,11,10,24,9,8,20,1.0,1.0,1.0,1.0,1.0,1.0,1.0,1.0,1.0,1.0,1.0,1.0,1.0,0.21586298942565918,51,15,14,18,10,49,16,17,18,34,16,13,28
840,0.5454545454545454,0.5555555555555556,0.42857142857142855,0.5555555555555556,0.4,0.53125,0.3333333333333333,1.0,0.3,0.5833333333333334,0.4444444444444444,0.75,0.5,1.2909985780715942,33,9,7,9,5,32,12,11,10,24,9,8,20,1.0,1.0,1.0,1.0,1.0,1.0,1.0,1.0,1.0,1.0,1.0,1.0,1.0,0.21928369998931885,51,15,14,18,10,49,16,17,18,34,16,13,28
841,0.5454545454545454,0.5555555555555556,0.42857142857142855,0.5555555555555556,0.4,0.53125,0.3333333333333333,1.0,0.3,0.5833333333333334,0.4444444444444444,0.75,0.5,1.2600475549697876,33,9,7,9,5,32,12,11,10,24,9,8,20,1.0,1.0,1.0,1.0,1.0,1.0,1.0,1.0,1.0,1.0,1.0,1.0,1.0,0.22211946547031403,51,15,14,18,10,49,16,17,18,34,16,13,28
842,0.5454545454545454,0.5555555555555556,0.42857142857142855,0.5555555555555556,0.4,0.53125,0.3333333333333333,1.0,0.3,0.5833333333333334,0.4444444444444444,0.75,0.5,1.338605523109436,33,9,7,9,5,32,12,11,10,24,9,8,20,1.0,1.0,1.0,1.0,1.0,1.0,1.0,1.0,1.0,1.0,1.0,1.0,1.0,0.22121039032936096,51,15,14,18,10,49,16,17,18,34,16,13,28
843,0.48484848484848486,0.4444444444444444,0.42857142857142855,0.5555555555555556,0.4,0.46875,0.25,1.0,0.2,0.5,0.4444444444444444,0.75,0.45,1.4146400690078735,33,9,7,9,5,32,12,11,10,24,9,8,20,1.0,1.0,1.0,1.0,1.0,1.0,1.0,1.0,1.0,1.0,1.0,1.0,1.0,0.21498525142669678,51,15,14,18,10,49,16,17,18,34,16,13,28
844,0.5454545454545454,0.5555555555555556,0.42857142857142855,0.5555555555555556,0.4,0.53125,0.3333333333333333,1.0,0.3,0.5833333333333334,0.4444444444444444,0.75,0.5,1.347609519958496,33,9,7,9,5,32,12,11,10,24,9,8,20,1.0,1.0,1.0,1.0,1.0,1.0,1.0,1.0,1.0,1.0,1.0,1.0,1.0,0.22254879772663116,51,15,14,18,10,49,16,17,18,34,16,13,28
845,0.5454545454545454,0.5555555555555556,0.42857142857142855,0.5555555555555556,0.4,0.53125,0.3333333333333333,1.0,0.3,0.5833333333333334,0.4444444444444444,0.75,0.5,1.2858421802520752,33,9,7,9,5,32,12,11,10,24,9,8,20,1.0,1.0,1.0,1.0,1.0,1.0,1.0,1.0,1.0,1.0,1.0,1.0,1.0,0.21682268381118774,51,15,14,18,10,49,16,17,18,34,16,13,28
846,0.5454545454545454,0.5555555555555556,0.42857142857142855,0.5555555555555556,0.4,0.53125,0.3333333333333333,1.0,0.3,0.5833333333333334,0.4444444444444444,0.75,0.5,1.3454684019088745,33,9,7,9,5,32,12,11,10,24,9,8,20,1.0,1.0,1.0,1.0,1.0,1.0,1.0,1.0,1.0,1.0,1.0,1.0,1.0,0.21792924404144287,51,15,14,18,10,49,16,17,18,34,16,13,28
847,0.5151515151515151,0.4444444444444444,0.42857142857142855,0.5555555555555556,0.4,0.5,0.3333333333333333,1.0,0.2,0.5416666666666666,0.4444444444444444,0.75,0.5,1.3814003467559814,33,9,7,9,5,32,12,11,10,24,9,8,20,1.0,1.0,1.0,1.0,1.0,1.0,1.0,1.0,1.0,1.0,1.0,1.0,1.0,0.22338810563087463,51,15,14,18,10,49,16,17,18,34,16,13,28
848,0.5151515151515151,0.4444444444444444,0.42857142857142855,0.5555555555555556,0.4,0.5,0.3333333333333333,1.0,0.2,0.5416666666666666,0.4444444444444444,0.75,0.5,1.3819712400436401,33,9,7,9,5,32,12,11,10,24,9,8,20,1.0,1.0,1.0,1.0,1.0,1.0,1.0,1.0,1.0,1.0,1.0,1.0,1.0,0.2176474779844284,51,15,14,18,10,49,16,17,18,34,16,13,28
849,0.5454545454545454,0.5555555555555556,0.42857142857142855,0.5555555555555556,0.4,0.53125,0.3333333333333333,1.0,0.3,0.5833333333333334,0.4444444444444444,0.75,0.5,1.3002256155014038,33,9,7,9,5,32,12,11,10,24,9,8,20,1.0,1.0,1.0,1.0,1.0,1.0,1.0,1.0,1.0,1.0,1.0,1.0,1.0,0.22161322832107544,51,15,14,18,10,49,16,17,18,34,16,13,28
850,0.5454545454545454,0.5555555555555556,0.42857142857142855,0.5555555555555556,0.4,0.53125,0.3333333333333333,1.0,0.3,0.5833333333333334,0.4444444444444444,0.75,0.5,1.3040907382965088,33,9,7,9,5,32,12,11,10,24,9,8,20,1.0,1.0,1.0,1.0,1.0,1.0,1.0,1.0,1.0,1.0,1.0,1.0,1.0,0.22164314985275269,51,15,14,18,10,49,16,17,18,34,16,13,28
851,0.5151515151515151,0.4444444444444444,0.42857142857142855,0.5555555555555556,0.4,0.5,0.3333333333333333,1.0,0.2,0.5416666666666666,0.4444444444444444,0.75,0.5,1.3928662538528442,33,9,7,9,5,32,12,11,10,24,9,8,20,1.0,1.0,1.0,1.0,1.0,1.0,1.0,1.0,1.0,1.0,1.0,1.0,1.0,0.21474765241146088,51,15,14,18,10,49,16,17,18,34,16,13,28
852,0.5151515151515151,0.4444444444444444,0.42857142857142855,0.5555555555555556,0.4,0.5,0.3333333333333333,1.0,0.2,0.5416666666666666,0.4444444444444444,0.75,0.5,1.401374340057373,33,9,7,9,5,32,12,11,10,24,9,8,20,1.0,1.0,1.0,1.0,1.0,1.0,1.0,1.0,1.0,1.0,1.0,1.0,1.0,0.21582943201065063,51,15,14,18,10,49,16,17,18,34,16,13,28
853,0.5454545454545454,0.5555555555555556,0.42857142857142855,0.5555555555555556,0.4,0.53125,0.3333333333333333,1.0,0.3,0.5833333333333334,0.4444444444444444,0.75,0.5,1.3051074743270874,33,9,7,9,5,32,12,11,10,24,9,8,20,1.0,1.0,1.0,1.0,1.0,1.0,1.0,1.0,1.0,1.0,1.0,1.0,1.0,0.2194879800081253,51,15,14,18,10,49,16,17,18,34,16,13,28
854,0.5454545454545454,0.5555555555555556,0.42857142857142855,0.5555555555555556,0.4,0.53125,0.3333333333333333,1.0,0.3,0.5833333333333334,0.4444444444444444,0.75,0.5,1.303301215171814,33,9,7,9,5,32,12,11,10,24,9,8,20,1.0,1.0,1.0,1.0,1.0,1.0,1.0,1.0,1.0,1.0,1.0,1.0,1.0,0.21267135441303253,51,15,14,18,10,49,16,17,18,34,16,13,28
855,0.5454545454545454,0.5555555555555556,0.42857142857142855,0.5555555555555556,0.4,0.53125,0.3333333333333333,1.0,0.3,0.5833333333333334,0.4444444444444444,0.75,0.5,1.3678399324417114,33,9,7,9,5,32,12,11,10,24,9,8,20,1.0,1.0,1.0,1.0,1.0,1.0,1.0,1.0,1.0,1.0,1.0,1.0,1.0,0.21810980141162872,51,15,14,18,10,49,16,17,18,34,16,13,28
856,0.5151515151515151,0.4444444444444444,0.42857142857142855,0.5555555555555556,0.4,0.5,0.3333333333333333,1.0,0.2,0.5416666666666666,0.4444444444444444,0.75,0.5,1.3802735805511475,33,9,7,9,5,32,12,11,10,24,9,8,20,1.0,1.0,1.0,1.0,1.0,1.0,1.0,1.0,1.0,1.0,1.0,1.0,1.0,0.21225838363170624,51,15,14,18,10,49,16,17,18,34,16,13,28
857,0.5454545454545454,0.5555555555555556,0.42857142857142855,0.5555555555555556,0.4,0.53125,0.3333333333333333,1.0,0.3,0.5833333333333334,0.4444444444444444,0.75,0.5,1.3456063270568848,33,9,7,9,5,32,12,11,10,24,9,8,20,1.0,1.0,1.0,1.0,1.0,1.0,1.0,1.0,1.0,1.0,1.0,1.0,1.0,0.21765592694282532,51,15,14,18,10,49,16,17,18,34,16,13,28
858,0.5454545454545454,0.5555555555555556,0.42857142857142855,0.5555555555555556,0.4,0.53125,0.3333333333333333,1.0,0.3,0.5833333333333334,0.4444444444444444,0.75,0.5,1.306220531463623,33,9,7,9,5,32,12,11,10,24,9,8,20,1.0,1.0,1.0,1.0,1.0,1.0,1.0,1.0,1.0,1.0,1.0,1.0,1.0,0.21359223127365112,51,15,14,18,10,49,16,17,18,34,16,13,28
859,0.5454545454545454,0.5555555555555556,0.42857142857142855,0.5555555555555556,0.4,0.53125,0.3333333333333333,1.0,0.3,0.5833333333333334,0.4444444444444444,0.75,0.5,1.3306097984313965,33,9,7,9,5,32,12,11,10,24,9,8,20,1.0,1.0,1.0,1.0,1.0,1.0,1.0,1.0,1.0,1.0,1.0,1.0,1.0,0.21390920877456665,51,15,14,18,10,49,16,17,18,34,16,13,28
860,0.5151515151515151,0.4444444444444444,0.42857142857142855,0.5555555555555556,0.4,0.5,0.3333333333333333,1.0,0.2,0.5416666666666666,0.4444444444444444,0.75,0.5,1.383830189704895,33,9,7,9,5,32,12,11,10,24,9,8,20,1.0,1.0,1.0,1.0,1.0,1.0,1.0,1.0,1.0,1.0,1.0,1.0,1.0,0.2175130844116211,51,15,14,18,10,49,16,17,18,34,16,13,28
861,0.5454545454545454,0.5555555555555556,0.42857142857142855,0.5555555555555556,0.4,0.53125,0.3333333333333333,1.0,0.3,0.5833333333333334,0.4444444444444444,0.75,0.5,1.361965537071228,33,9,7,9,5,32,12,11,10,24,9,8,20,1.0,1.0,1.0,1.0,1.0,1.0,1.0,1.0,1.0,1.0,1.0,1.0,1.0,0.20885597169399261,51,15,14,18,10,49,16,17,18,34,16,13,28
862,0.5454545454545454,0.5555555555555556,0.42857142857142855,0.5555555555555556,0.4,0.53125,0.3333333333333333,1.0,0.3,0.5833333333333334,0.4444444444444444,0.75,0.5,1.3269145488739014,33,9,7,9,5,32,12,11,10,24,9,8,20,1.0,1.0,1.0,1.0,1.0,1.0,1.0,1.0,1.0,1.0,1.0,1.0,1.0,0.20880895853042603,51,15,14,18,10,49,16,17,18,34,16,13,28
863,0.5454545454545454,0.5555555555555556,0.42857142857142855,0.5555555555555556,0.4,0.53125,0.3333333333333333,1.0,0.3,0.5833333333333334,0.4444444444444444,0.75,0.5,1.335524082183838,33,9,7,9,5,32,12,11,10,24,9,8,20,1.0,1.0,1.0,1.0,1.0,1.0,1.0,1.0,1.0,1.0,1.0,1.0,1.0,0.21101924777030945,51,15,14,18,10,49,16,17,18,34,16,13,28
864,0.5454545454545454,0.5555555555555556,0.42857142857142855,0.5555555555555556,0.4,0.53125,0.3333333333333333,1.0,0.3,0.5833333333333334,0.4444444444444444,0.75,0.5,1.3809067010879517,33,9,7,9,5,32,12,11,10,24,9,8,20,1.0,1.0,1.0,1.0,1.0,1.0,1.0,1.0,1.0,1.0,1.0,1.0,1.0,0.209994375705719,51,15,14,18,10,49,16,17,18,34,16,13,28
865,0.5454545454545454,0.5555555555555556,0.42857142857142855,0.5555555555555556,0.4,0.53125,0.3333333333333333,1.0,0.3,0.5833333333333334,0.4444444444444444,0.75,0.5,1.3594756126403809,33,9,7,9,5,32,12,11,10,24,9,8,20,1.0,1.0,1.0,1.0,1.0,1.0,1.0,1.0,1.0,1.0,1.0,1.0,1.0,0.2123163938522339,51,15,14,18,10,49,16,17,18,34,16,13,28
866,0.5454545454545454,0.5555555555555556,0.42857142857142855,0.5555555555555556,0.4,0.53125,0.3333333333333333,1.0,0.3,0.5833333333333334,0.4444444444444444,0.75,0.5,1.3179136514663696,33,9,7,9,5,32,12,11,10,24,9,8,20,1.0,1.0,1.0,1.0,1.0,1.0,1.0,1.0,1.0,1.0,1.0,1.0,1.0,0.21142710745334625,51,15,14,18,10,49,16,17,18,34,16,13,28
867,0.5454545454545454,0.5555555555555556,0.42857142857142855,0.5555555555555556,0.4,0.53125,0.3333333333333333,1.0,0.3,0.5833333333333334,0.4444444444444444,0.75,0.5,1.3387607336044312,33,9,7,9,5,32,12,11,10,24,9,8,20,1.0,1.0,1.0,1.0,1.0,1.0,1.0,1.0,1.0,1.0,1.0,1.0,1.0,0.2132597118616104,51,15,14,18,10,49,16,17,18,34,16,13,28
868,0.5151515151515151,0.4444444444444444,0.42857142857142855,0.5555555555555556,0.4,0.5,0.3333333333333333,1.0,0.2,0.5416666666666666,0.4444444444444444,0.75,0.5,1.4028782844543457,33,9,7,9,5,32,12,11,10,24,9,8,20,1.0,1.0,1.0,1.0,1.0,1.0,1.0,1.0,1.0,1.0,1.0,1.0,1.0,0.2122700959444046,51,15,14,18,10,49,16,17,18,34,16,13,28
869,0.5454545454545454,0.5555555555555556,0.42857142857142855,0.5555555555555556,0.4,0.53125,0.3333333333333333,1.0,0.3,0.5833333333333334,0.4444444444444444,0.75,0.5,1.357895851135254,33,9,7,9,5,32,12,11,10,24,9,8,20,1.0,1.0,1.0,1.0,1.0,1.0,1.0,1.0,1.0,1.0,1.0,1.0,1.0,0.21251735091209412,51,15,14,18,10,49,16,17,18,34,16,13,28
870,0.5454545454545454,0.5555555555555556,0.42857142857142855,0.5555555555555556,0.4,0.53125,0.3333333333333333,1.0,0.3,0.5833333333333334,0.4444444444444444,0.75,0.5,1.3261733055114746,33,9,7,9,5,32,12,11,10,24,9,8,20,1.0,1.0,1.0,1.0,1.0,1.0,1.0,1.0,1.0,1.0,1.0,1.0,1.0,0.2135172337293625,51,15,14,18,10,49,16,17,18,34,16,13,28
871,0.5454545454545454,0.5555555555555556,0.42857142857142855,0.5555555555555556,0.4,0.53125,0.3333333333333333,1.0,0.3,0.5833333333333334,0.4444444444444444,0.75,0.5,1.3325719833374023,33,9,7,9,5,32,12,11,10,24,9,8,20,1.0,1.0,1.0,1.0,1.0,1.0,1.0,1.0,1.0,1.0,1.0,1.0,1.0,0.20648249983787537,51,15,14,18,10,49,16,17,18,34,16,13,28
872,0.5151515151515151,0.4444444444444444,0.42857142857142855,0.5555555555555556,0.4,0.5,0.3333333333333333,1.0,0.2,0.5416666666666666,0.4444444444444444,0.75,0.5,1.3932945728302002,33,9,7,9,5,32,12,11,10,24,9,8,20,1.0,1.0,1.0,1.0,1.0,1.0,1.0,1.0,1.0,1.0,1.0,1.0,1.0,0.21567130088806152,51,15,14,18,10,49,16,17,18,34,16,13,28
873,0.5454545454545454,0.5555555555555556,0.42857142857142855,0.5555555555555556,0.4,0.53125,0.3333333333333333,1.0,0.3,0.5833333333333334,0.4444444444444444,0.75,0.5,1.3685702085494995,33,9,7,9,5,32,12,11,10,24,9,8,20,1.0,1.0,1.0,1.0,1.0,1.0,1.0,1.0,1.0,1.0,1.0,1.0,1.0,0.20915521681308746,51,15,14,18,10,49,16,17,18,34,16,13,28
874,0.5454545454545454,0.5555555555555556,0.42857142857142855,0.5555555555555556,0.4,0.53125,0.3333333333333333,1.0,0.3,0.5833333333333334,0.4444444444444444,0.75,0.5,1.3421658277511597,33,9,7,9,5,32,12,11,10,24,9,8,20,1.0,1.0,1.0,1.0,1.0,1.0,1.0,1.0,1.0,1.0,1.0,1.0,1.0,0.209456667304039,51,15,14,18,10,49,16,17,18,34,16,13,28
875,0.5454545454545454,0.5555555555555556,0.42857142857142855,0.5555555555555556,0.4,0.53125,0.3333333333333333,1.0,0.3,0.5833333333333334,0.4444444444444444,0.75,0.5,1.3308173418045044,33,9,7,9,5,32,12,11,10,24,9,8,20,1.0,1.0,1.0,1.0,1.0,1.0,1.0,1.0,1.0,1.0,1.0,1.0,1.0,0.21111980080604553,51,15,14,18,10,49,16,17,18,34,16,13,28
876,0.5151515151515151,0.4444444444444444,0.42857142857142855,0.5555555555555556,0.4,0.5,0.3333333333333333,1.0,0.2,0.5416666666666666,0.4444444444444444,0.75,0.5,1.3973946571350098,33,9,7,9,5,32,12,11,10,24,9,8,20,1.0,1.0,1.0,1.0,1.0,1.0,1.0,1.0,1.0,1.0,1.0,1.0,1.0,0.2081584483385086,51,15,14,18,10,49,16,17,18,34,16,13,28
877,0.5454545454545454,0.5555555555555556,0.42857142857142855,0.5555555555555556,0.4,0.53125,0.3333333333333333,1.0,0.3,0.5833333333333334,0.4444444444444444,0.75,0.5,1.3716864585876465,33,9,7,9,5,32,12,11,10,24,9,8,20,1.0,1.0,1.0,1.0,1.0,1.0,1.0,1.0,1.0,1.0,1.0,1.0,1.0,0.20616717636585236,51,15,14,18,10,49,16,17,18,34,16,13,28
878,0.5454545454545454,0.5555555555555556,0.42857142857142855,0.5555555555555556,0.4,0.53125,0.3333333333333333,1.0,0.3,0.5833333333333334,0.4444444444444444,0.75,0.5,1.334737777709961,33,9,7,9,5,32,12,11,10,24,9,8,20,1.0,1.0,1.0,1.0,1.0,1.0,1.0,1.0,1.0,1.0,1.0,1.0,1.0,0.21117810904979706,51,15,14,18,10,49,16,17,18,34,16,13,28
879,0.5454545454545454,0.5555555555555556,0.42857142857142855,0.5555555555555556,0.4,0.53125,0.3333333333333333,1.0,0.3,0.5833333333333334,0.4444444444444444,0.75,0.5,1.3415541648864746,33,9,7,9,5,32,12,11,10,24,9,8,20,1.0,1.0,1.0,1.0,1.0,1.0,1.0,1.0,1.0,1.0,1.0,1.0,1.0,0.20779985189437866,51,15,14,18,10,49,16,17,18,34,16,13,28
880,0.5454545454545454,0.5555555555555556,0.42857142857142855,0.5555555555555556,0.4,0.53125,0.3333333333333333,1.0,0.3,0.5833333333333334,0.4444444444444444,0.75,0.5,1.3620884418487549,33,9,7,9,5,32,12,11,10,24,9,8,20,1.0,1.0,1.0,1.0,1.0,1.0,1.0,1.0,1.0,1.0,1.0,1.0,1.0,0.20879173278808594,51,15,14,18,10,49,16,17,18,34,16,13,28
881,0.5454545454545454,0.5555555555555556,0.42857142857142855,0.5555555555555556,0.4,0.53125,0.3333333333333333,1.0,0.3,0.5833333333333334,0.4444444444444444,0.75,0.5,1.3817967176437378,33,9,7,9,5,32,12,11,10,24,9,8,20,1.0,1.0,1.0,1.0,1.0,1.0,1.0,1.0,1.0,1.0,1.0,1.0,1.0,0.20292149484157562,51,15,14,18,10,49,16,17,18,34,16,13,28
882,0.5454545454545454,0.5555555555555556,0.42857142857142855,0.5555555555555556,0.4,0.53125,0.3333333333333333,1.0,0.3,0.5833333333333334,0.4444444444444444,0.75,0.5,1.378987193107605,33,9,7,9,5,32,12,11,10,24,9,8,20,1.0,1.0,1.0,1.0,1.0,1.0,1.0,1.0,1.0,1.0,1.0,1.0,1.0,0.2091837078332901,51,15,14,18,10,49,16,17,18,34,16,13,28
883,0.5454545454545454,0.5555555555555556,0.42857142857142855,0.5555555555555556,0.4,0.53125,0.3333333333333333,1.0,0.3,0.5833333333333334,0.4444444444444444,0.75,0.5,1.3683067560195923,33,9,7,9,5,32,12,11,10,24,9,8,20,1.0,1.0,1.0,1.0,1.0,1.0,1.0,1.0,1.0,1.0,1.0,1.0,1.0,0.20853587985038757,51,15,14,18,10,49,16,17,18,34,16,13,28
884,0.5454545454545454,0.5555555555555556,0.42857142857142855,0.5555555555555556,0.4,0.53125,0.3333333333333333,1.0,0.3,0.5833333333333334,0.4444444444444444,0.75,0.5,1.3540843725204468,33,9,7,9,5,32,12,11,10,24,9,8,20,1.0,1.0,1.0,1.0,1.0,1.0,1.0,1.0,1.0,1.0,1.0,1.0,1.0,0.20342284440994263,51,15,14,18,10,49,16,17,18,34,16,13,28
885,0.5454545454545454,0.5555555555555556,0.42857142857142855,0.5555555555555556,0.4,0.53125,0.3333333333333333,1.0,0.3,0.5833333333333334,0.4444444444444444,0.75,0.5,1.3465538024902344,33,9,7,9,5,32,12,11,10,24,9,8,20,1.0,1.0,1.0,1.0,1.0,1.0,1.0,1.0,1.0,1.0,1.0,1.0,1.0,0.20699076354503632,51,15,14,18,10,49,16,17,18,34,16,13,28
886,0.5454545454545454,0.5555555555555556,0.42857142857142855,0.5555555555555556,0.4,0.53125,0.3333333333333333,1.0,0.3,0.5833333333333334,0.4444444444444444,0.75,0.5,1.3658246994018555,33,9,7,9,5,32,12,11,10,24,9,8,20,1.0,1.0,1.0,1.0,1.0,1.0,1.0,1.0,1.0,1.0,1.0,1.0,1.0,0.20476511120796204,51,15,14,18,10,49,16,17,18,34,16,13,28
887,0.5151515151515151,0.4444444444444444,0.42857142857142855,0.5555555555555556,0.4,0.5,0.3333333333333333,1.0,0.2,0.5416666666666666,0.4444444444444444,0.75,0.5,1.4180160760879517,33,9,7,9,5,32,12,11,10,24,9,8,20,1.0,1.0,1.0,1.0,1.0,1.0,1.0,1.0,1.0,1.0,1.0,1.0,1.0,0.2031707912683487,51,15,14,18,10,49,16,17,18,34,16,13,28
888,0.5454545454545454,0.5555555555555556,0.42857142857142855,0.5555555555555556,0.4,0.53125,0.3333333333333333,1.0,0.3,0.5833333333333334,0.4444444444444444,0.75,0.5,1.3418039083480835,33,9,7,9,5,32,12,11,10,24,9,8,20,1.0,1.0,1.0,1.0,1.0,1.0,1.0,1.0,1.0,1.0,1.0,1.0,1.0,0.20692116022109985,51,15,14,18,10,49,16,17,18,34,16,13,28
889,0.5454545454545454,0.5555555555555556,0.42857142857142855,0.5555555555555556,0.4,0.53125,0.3333333333333333,1.0,0.3,0.5833333333333334,0.4444444444444444,0.75,0.5,1.3436012268066406,33,9,7,9,5,32,12,11,10,24,9,8,20,1.0,1.0,1.0,1.0,1.0,1.0,1.0,1.0,1.0,1.0,1.0,1.0,1.0,0.20953476428985596,51,15,14,18,10,49,16,17,18,34,16,13,28
890,0.5454545454545454,0.5555555555555556,0.42857142857142855,0.5555555555555556,0.4,0.53125,0.3333333333333333,1.0,0.3,0.5833333333333334,0.4444444444444444,0.75,0.5,1.3805259466171265,33,9,7,9,5,32,12,11,10,24,9,8,20,1.0,1.0,1.0,1.0,1.0,1.0,1.0,1.0,1.0,1.0,1.0,1.0,1.0,0.1976689100265503,51,15,14,18,10,49,16,17,18,34,16,13,28
891,0.5151515151515151,0.4444444444444444,0.42857142857142855,0.5555555555555556,0.4,0.5,0.3333333333333333,1.0,0.2,0.5416666666666666,0.4444444444444444,0.75,0.5,1.4148414134979248,33,9,7,9,5,32,12,11,10,24,9,8,20,1.0,1.0,1.0,1.0,1.0,1.0,1.0,1.0,1.0,1.0,1.0,1.0,1.0,0.1983831375837326,51,15,14,18,10,49,16,17,18,34,16,13,28
892,0.5454545454545454,0.5555555555555556,0.42857142857142855,0.5555555555555556,0.4,0.53125,0.3333333333333333,1.0,0.3,0.5833333333333334,0.4444444444444444,0.75,0.5,1.3420848846435547,33,9,7,9,5,32,12,11,10,24,9,8,20,1.0,1.0,1.0,1.0,1.0,1.0,1.0,1.0,1.0,1.0,1.0,1.0,1.0,0.21011000871658325,51,15,14,18,10,49,16,17,18,34,16,13,28
893,0.5454545454545454,0.5555555555555556,0.42857142857142855,0.5555555555555556,0.4,0.53125,0.3333333333333333,1.0,0.3,0.5833333333333334,0.4444444444444444,0.75,0.5,1.3355499505996704,33,9,7,9,5,32,12,11,10,24,9,8,20,1.0,1.0,1.0,1.0,1.0,1.0,1.0,1.0,1.0,1.0,1.0,1.0,1.0,0.20585671067237854,51,15,14,18,10,49,16,17,18,34,16,13,28
894,0.5454545454545454,0.5555555555555556,0.42857142857142855,0.5555555555555556,0.4,0.53125,0.3333333333333333,1.0,0.3,0.5833333333333334,0.4444444444444444,0.75,0.5,1.3897285461425781,33,9,7,9,5,32,12,11,10,24,9,8,20,1.0,1.0,1.0,1.0,1.0,1.0,1.0,1.0,1.0,1.0,1.0,1.0,1.0,0.20707851648330688,51,15,14,18,10,49,16,17,18,34,16,13,28
895,0.5454545454545454,0.5555555555555556,0.42857142857142855,0.5555555555555556,0.4,0.53125,0.3333333333333333,1.0,0.3,0.5833333333333334,0.4444444444444444,0.75,0.5,1.3709934949874878,33,9,7,9,5,32,12,11,10,24,9,8,20,1.0,1.0,1.0,1.0,1.0,1.0,1.0,1.0,1.0,1.0,1.0,1.0,1.0,0.20074240863323212,51,15,14,18,10,49,16,17,18,34,16,13,28
896,0.5454545454545454,0.5555555555555556,0.42857142857142855,0.5555555555555556,0.4,0.53125,0.3333333333333333,1.0,0.3,0.5833333333333334,0.4444444444444444,0.75,0.5,1.354718804359436,33,9,7,9,5,32,12,11,10,24,9,8,20,1.0,1.0,1.0,1.0,1.0,1.0,1.0,1.0,1.0,1.0,1.0,1.0,1.0,0.20095163583755493,51,15,14,18,10,49,16,17,18,34,16,13,28
897,0.5454545454545454,0.5555555555555556,0.42857142857142855,0.5555555555555556,0.4,0.53125,0.3333333333333333,1.0,0.3,0.5833333333333334,0.4444444444444444,0.75,0.5,1.4079596996307373,33,9,7,9,5,32,12,11,10,24,9,8,20,1.0,1.0,1.0,1.0,1.0,1.0,1.0,1.0,1.0,1.0,1.0,1.0,1.0,0.20053283870220184,51,15,14,18,10,49,16,17,18,34,16,13,28
898,0.5454545454545454,0.5555555555555556,0.42857142857142855,0.5555555555555556,0.4,0.53125,0.3333333333333333,1.0,0.3,0.5833333333333334,0.4444444444444444,0.75,0.5,1.4229217767715454,33,9,7,9,5,32,12,11,10,24,9,8,20,1.0,1.0,1.0,1.0,1.0,1.0,1.0,1.0,1.0,1.0,1.0,1.0,1.0,0.20396171510219574,51,15,14,18,10,49,16,17,18,34,16,13,28
899,0.5454545454545454,0.5555555555555556,0.42857142857142855,0.5555555555555556,0.4,0.53125,0.3333333333333333,1.0,0.3,0.5833333333333334,0.4444444444444444,0.75,0.5,1.34577476978302,33,9,7,9,5,32,12,11,10,24,9,8,20,1.0,1.0,1.0,1.0,1.0,1.0,1.0,1.0,1.0,1.0,1.0,1.0,1.0,0.2082478255033493,51,15,14,18,10,49,16,17,18,34,16,13,28
900,0.5454545454545454,0.5555555555555556,0.42857142857142855,0.5555555555555556,0.4,0.53125,0.3333333333333333,1.0,0.3,0.5833333333333334,0.4444444444444444,0.75,0.5,1.3184832334518433,33,9,7,9,5,32,12,11,10,24,9,8,20,1.0,1.0,1.0,1.0,1.0,1.0,1.0,1.0,1.0,1.0,1.0,1.0,1.0,0.19958750903606415,51,15,14,18,10,49,16,17,18,34,16,13,28
901,0.5454545454545454,0.5555555555555556,0.42857142857142855,0.5555555555555556,0.4,0.53125,0.3333333333333333,1.0,0.3,0.5833333333333334,0.4444444444444444,0.75,0.5,1.4294484853744507,33,9,7,9,5,32,12,11,10,24,9,8,20,1.0,1.0,1.0,1.0,1.0,1.0,1.0,1.0,1.0,1.0,1.0,1.0,1.0,0.20106570422649384,51,15,14,18,10,49,16,17,18,34,16,13,28
902,0.48484848484848486,0.4444444444444444,0.42857142857142855,0.5555555555555556,0.4,0.46875,0.25,1.0,0.2,0.5,0.4444444444444444,0.75,0.45,1.462663173675537,33,9,7,9,5,32,12,11,10,24,9,8,20,1.0,1.0,1.0,1.0,1.0,1.0,1.0,1.0,1.0,1.0,1.0,1.0,1.0,0.2033226490020752,51,15,14,18,10,49,16,17,18,34,16,13,28
903,0.5454545454545454,0.5555555555555556,0.42857142857142855,0.5555555555555556,0.4,0.53125,0.3333333333333333,1.0,0.3,0.5833333333333334,0.4444444444444444,0.75,0.5,1.328244924545288,33,9,7,9,5,32,12,11,10,24,9,8,20,1.0,1.0,1.0,1.0,1.0,1.0,1.0,1.0,1.0,1.0,1.0,1.0,1.0,0.20312264561653137,51,15,14,18,10,49,16,17,18,34,16,13,28
904,0.5454545454545454,0.5555555555555556,0.42857142857142855,0.5555555555555556,0.4,0.53125,0.3333333333333333,1.0,0.3,0.5833333333333334,0.4444444444444444,0.75,0.5,1.2979650497436523,33,9,7,9,5,32,12,11,10,24,9,8,20,1.0,1.0,1.0,1.0,1.0,1.0,1.0,1.0,1.0,1.0,1.0,1.0,1.0,0.1987585574388504,51,15,14,18,10,49,16,17,18,34,16,13,28
905,0.48484848484848486,0.4444444444444444,0.42857142857142855,0.5555555555555556,0.4,0.46875,0.25,1.0,0.2,0.5,0.4444444444444444,0.75,0.45,1.4530531167984009,33,9,7,9,5,32,12,11,10,24,9,8,20,1.0,1.0,1.0,1.0,1.0,1.0,1.0,1.0,1.0,1.0,1.0,1.0,1.0,0.200633704662323,51,15,14,18,10,49,16,17,18,34,16,13,28
906,0.48484848484848486,0.4444444444444444,0.42857142857142855,0.5555555555555556,0.4,0.46875,0.25,1.0,0.2,0.5,0.4444444444444444,0.75,0.45,1.4616278409957886,33,9,7,9,5,32,12,11,10,24,9,8,20,1.0,1.0,1.0,1.0,1.0,1.0,1.0,1.0,1.0,1.0,1.0,1.0,1.0,0.2006072998046875,51,15,14,18,10,49,16,17,18,34,16,13,28
907,0.5454545454545454,0.5555555555555556,0.42857142857142855,0.5555555555555556,0.4,0.53125,0.3333333333333333,1.0,0.3,0.5833333333333334,0.4444444444444444,0.75,0.5,1.3081681728363037,33,9,7,9,5,32,12,11,10,24,9,8,20,1.0,1.0,1.0,1.0,1.0,1.0,1.0,1.0,1.0,1.0,1.0,1.0,1.0,0.20154401659965515,51,15,14,18,10,49,16,17,18,34,16,13,28
908,0.5454545454545454,0.5555555555555556,0.42857142857142855,0.5555555555555556,0.4,0.53125,0.3333333333333333,1.0,0.3,0.5833333333333334,0.4444444444444444,0.75,0.5,1.3111546039581299,33,9,7,9,5,32,12,11,10,24,9,8,20,1.0,1.0,1.0,1.0,1.0,1.0,1.0,1.0,1.0,1.0,1.0,1.0,1.0,0.20165662467479706,51,15,14,18,10,49,16,17,18,34,16,13,28
909,0.5151515151515151,0.4444444444444444,0.42857142857142855,0.5555555555555556,0.4,0.5,0.3333333333333333,1.0,0.2,0.5416666666666666,0.4444444444444444,0.75,0.5,1.4364778995513916,33,9,7,9,5,32,12,11,10,24,9,8,20,1.0,1.0,1.0,1.0,1.0,1.0,1.0,1.0,1.0,1.0,1.0,1.0,1.0,0.20609883964061737,51,15,14,18,10,49,16,17,18,34,16,13,28
910,0.48484848484848486,0.4444444444444444,0.42857142857142855,0.5555555555555556,0.4,0.46875,0.25,1.0,0.2,0.5,0.4444444444444444,0.75,0.45,1.460874080657959,33,9,7,9,5,32,12,11,10,24,9,8,20,1.0,1.0,1.0,1.0,1.0,1.0,1.0,1.0,1.0,1.0,1.0,1.0,1.0,0.19555774331092834,51,15,14,18,10,49,16,17,18,34,16,13,28
911,0.5454545454545454,0.5555555555555556,0.42857142857142855,0.5555555555555556,0.4,0.53125,0.3333333333333333,1.0,0.3,0.5833333333333334,0.4444444444444444,0.75,0.5,1.3455010652542114,33,9,7,9,5,32,12,11,10,24,9,8,20,1.0,1.0,1.0,1.0,1.0,1.0,1.0,1.0,1.0,1.0,1.0,1.0,1.0,0.20147010684013367,51,15,14,18,10,49,16,17,18,34,16,13,28
912,0.5454545454545454,0.5555555555555556,0.42857142857142855,0.5555555555555556,0.4,0.53125,0.3333333333333333,1.0,0.3,0.5833333333333334,0.4444444444444444,0.75,0.5,1.339460849761963,33,9,7,9,5,32,12,11,10,24,9,8,20,1.0,1.0,1.0,1.0,1.0,1.0,1.0,1.0,1.0,1.0,1.0,1.0,1.0,0.2023758739233017,51,15,14,18,10,49,16,17,18,34,16,13,28
913,0.5454545454545454,0.5555555555555556,0.42857142857142855,0.5555555555555556,0.4,0.53125,0.3333333333333333,1.0,0.3,0.5833333333333334,0.4444444444444444,0.75,0.5,1.3832972049713135,33,9,7,9,5,32,12,11,10,24,9,8,20,1.0,1.0,1.0,1.0,1.0,1.0,1.0,1.0,1.0,1.0,1.0,1.0,1.0,0.19511406123638153,51,15,14,18,10,49,16,17,18,34,16,13,28
914,0.5454545454545454,0.5555555555555556,0.42857142857142855,0.5555555555555556,0.4,0.53125,0.3333333333333333,1.0,0.3,0.5833333333333334,0.4444444444444444,0.75,0.5,1.4076132774353027,33,9,7,9,5,32,12,11,10,24,9,8,20,1.0,1.0,1.0,1.0,1.0,1.0,1.0,1.0,1.0,1.0,1.0,1.0,1.0,0.1899534910917282,51,15,14,18,10,49,16,17,18,34,16,13,28
915,0.5454545454545454,0.5555555555555556,0.42857142857142855,0.5555555555555556,0.4,0.53125,0.3333333333333333,1.0,0.3,0.5833333333333334,0.4444444444444444,0.75,0.5,1.381762981414795,33,9,7,9,5,32,12,11,10,24,9,8,20,1.0,1.0,1.0,1.0,1.0,1.0,1.0,1.0,1.0,1.0,1.0,1.0,1.0,0.1944902241230011,51,15,14,18,10,49,16,17,18,34,16,13,28
916,0.5454545454545454,0.5555555555555556,0.42857142857142855,0.5555555555555556,0.4,0.53125,0.3333333333333333,1.0,0.3,0.5833333333333334,0.4444444444444444,0.75,0.5,1.3718863725662231,33,9,7,9,5,32,12,11,10,24,9,8,20,1.0,1.0,1.0,1.0,1.0,1.0,1.0,1.0,1.0,1.0,1.0,1.0,1.0,0.19839200377464294,51,15,14,18,10,49,16,17,18,34,16,13,28
917,0.5454545454545454,0.5555555555555556,0.42857142857142855,0.5555555555555556,0.4,0.53125,0.3333333333333333,1.0,0.3,0.5833333333333334,0.4444444444444444,0.75,0.5,1.3699318170547485,33,9,7,9,5,32,12,11,10,24,9,8,20,1.0,1.0,1.0,1.0,1.0,1.0,1.0,1.0,1.0,1.0,1.0,1.0,1.0,0.19447438418865204,51,15,14,18,10,49,16,17,18,34,16,13,28
918,0.5454545454545454,0.5555555555555556,0.42857142857142855,0.5555555555555556,0.4,0.53125,0.3333333333333333,1.0,0.3,0.5833333333333334,0.4444444444444444,0.75,0.5,1.407414197921753,33,9,7,9,5,32,12,11,10,24,9,8,20,1.0,1.0,1.0,1.0,1.0,1.0,1.0,1.0,1.0,1.0,1.0,1.0,1.0,0.19775539636611938,51,15,14,18,10,49,16,17,18,34,16,13,28
919,0.5151515151515151,0.4444444444444444,0.42857142857142855,0.5555555555555556,0.4,0.5,0.3333333333333333,1.0,0.2,0.5416666666666666,0.4444444444444444,0.75,0.5,1.412089467048645,33,9,7,9,5,32,12,11,10,24,9,8,20,1.0,1.0,1.0,1.0,1.0,1.0,1.0,1.0,1.0,1.0,1.0,1.0,1.0,0.19836565852165222,51,15,14,18,10,49,16,17,18,34,16,13,28
920,0.5454545454545454,0.5555555555555556,0.42857142857142855,0.5555555555555556,0.4,0.53125,0.3333333333333333,1.0,0.3,0.5833333333333334,0.4444444444444444,0.75,0.5,1.3550904989242554,33,9,7,9,5,32,12,11,10,24,9,8,20,1.0,1.0,1.0,1.0,1.0,1.0,1.0,1.0,1.0,1.0,1.0,1.0,1.0,0.19675254821777344,51,15,14,18,10,49,16,17,18,34,16,13,28
921,0.5454545454545454,0.5555555555555556,0.42857142857142855,0.5555555555555556,0.4,0.53125,0.3333333333333333,1.0,0.3,0.5833333333333334,0.4444444444444444,0.75,0.5,1.3627469539642334,33,9,7,9,5,32,12,11,10,24,9,8,20,1.0,1.0,1.0,1.0,1.0,1.0,1.0,1.0,1.0,1.0,1.0,1.0,1.0,0.1965159922838211,51,15,14,18,10,49,16,17,18,34,16,13,28
922,0.5151515151515151,0.4444444444444444,0.42857142857142855,0.5555555555555556,0.4,0.5,0.3333333333333333,1.0,0.2,0.5416666666666666,0.4444444444444444,0.75,0.5,1.434798002243042,33,9,7,9,5,32,12,11,10,24,9,8,20,1.0,1.0,1.0,1.0,1.0,1.0,1.0,1.0,1.0,1.0,1.0,1.0,1.0,0.19701267778873444,51,15,14,18,10,49,16,17,18,34,16,13,28
923,0.5151515151515151,0.4444444444444444,0.42857142857142855,0.5555555555555556,0.4,0.5,0.3333333333333333,1.0,0.2,0.5416666666666666,0.4444444444444444,0.75,0.5,1.417925477027893,33,9,7,9,5,32,12,11,10,24,9,8,20,1.0,1.0,1.0,1.0,1.0,1.0,1.0,1.0,1.0,1.0,1.0,1.0,1.0,0.19069762527942657,51,15,14,18,10,49,16,17,18,34,16,13,28
924,0.5454545454545454,0.5555555555555556,0.42857142857142855,0.5555555555555556,0.4,0.53125,0.3333333333333333,1.0,0.3,0.5833333333333334,0.4444444444444444,0.75,0.5,1.3947687149047852,33,9,7,9,5,32,12,11,10,24,9,8,20,1.0,1.0,1.0,1.0,1.0,1.0,1.0,1.0,1.0,1.0,1.0,1.0,1.0,0.18586914241313934,51,15,14,18,10,49,16,17,18,34,16,13,28
925,0.5454545454545454,0.5555555555555556,0.42857142857142855,0.5555555555555556,0.4,0.53125,0.3333333333333333,1.0,0.3,0.5833333333333334,0.4444444444444444,0.75,0.5,1.3525283336639404,33,9,7,9,5,32,12,11,10,24,9,8,20,1.0,1.0,1.0,1.0,1.0,1.0,1.0,1.0,1.0,1.0,1.0,1.0,1.0,0.1912565678358078,51,15,14,18,10,49,16,17,18,34,16,13,28
926,0.5454545454545454,0.5555555555555556,0.42857142857142855,0.5555555555555556,0.4,0.53125,0.3333333333333333,1.0,0.3,0.5833333333333334,0.4444444444444444,0.75,0.5,1.3809908628463745,33,9,7,9,5,32,12,11,10,24,9,8,20,1.0,1.0,1.0,1.0,1.0,1.0,1.0,1.0,1.0,1.0,1.0,1.0,1.0,0.19372999668121338,51,15,14,18,10,49,16,17,18,34,16,13,28
927,0.5454545454545454,0.5555555555555556,0.42857142857142855,0.5555555555555556,0.4,0.53125,0.3333333333333333,1.0,0.3,0.5833333333333334,0.4444444444444444,0.75,0.5,1.3934352397918701,33,9,7,9,5,32,12,11,10,24,9,8,20,1.0,1.0,1.0,1.0,1.0,1.0,1.0,1.0,1.0,1.0,1.0,1.0,1.0,0.1944970190525055,51,15,14,18,10,49,16,17,18,34,16,13,28
928,0.5454545454545454,0.5555555555555556,0.42857142857142855,0.5555555555555556,0.4,0.53125,0.3333333333333333,1.0,0.3,0.5833333333333334,0.4444444444444444,0.75,0.5,1.4037315845489502,33,9,7,9,5,32,12,11,10,24,9,8,20,1.0,1.0,1.0,1.0,1.0,1.0,1.0,1.0,1.0,1.0,1.0,1.0,1.0,0.19207288324832916,51,15,14,18,10,49,16,17,18,34,16,13,28
929,0.5454545454545454,0.5555555555555556,0.42857142857142855,0.5555555555555556,0.4,0.53125,0.3333333333333333,1.0,0.3,0.5833333333333334,0.4444444444444444,0.75,0.5,1.3878356218338013,33,9,7,9,5,32,12,11,10,24,9,8,20,1.0,1.0,1.0,1.0,1.0,1.0,1.0,1.0,1.0,1.0,1.0,1.0,1.0,0.19090497493743896,51,15,14,18,10,49,16,17,18,34,16,13,28
930,0.5454545454545454,0.5555555555555556,0.42857142857142855,0.5555555555555556,0.4,0.53125,0.3333333333333333,1.0,0.3,0.5833333333333334,0.4444444444444444,0.75,0.5,1.3769116401672363,33,9,7,9,5,32,12,11,10,24,9,8,20,1.0,1.0,1.0,1.0,1.0,1.0,1.0,1.0,1.0,1.0,1.0,1.0,1.0,0.19133195281028748,51,15,14,18,10,49,16,17,18,34,16,13,28
931,0.5454545454545454,0.5555555555555556,0.42857142857142855,0.5555555555555556,0.4,0.53125,0.3333333333333333,1.0,0.3,0.5833333333333334,0.4444444444444444,0.75,0.5,1.41266930103302,33,9,7,9,5,32,12,11,10,24,9,8,20,1.0,1.0,1.0,1.0,1.0,1.0,1.0,1.0,1.0,1.0,1.0,1.0,1.0,0.1900581419467926,51,15,14,18,10,49,16,17,18,34,16,13,28
932,0.5454545454545454,0.5555555555555556,0.42857142857142855,0.5555555555555556,0.4,0.53125,0.3333333333333333,1.0,0.3,0.5833333333333334,0.4444444444444444,0.75,0.5,1.426749348640442,33,9,7,9,5,32,12,11,10,24,9,8,20,1.0,1.0,1.0,1.0,1.0,1.0,1.0,1.0,1.0,1.0,1.0,1.0,1.0,0.19000764191150665,51,15,14,18,10,49,16,17,18,34,16,13,28
933,0.5454545454545454,0.5555555555555556,0.42857142857142855,0.5555555555555556,0.4,0.53125,0.3333333333333333,1.0,0.3,0.5833333333333334,0.4444444444444444,0.75,0.5,1.3632923364639282,33,9,7,9,5,32,12,11,10,24,9,8,20,1.0,1.0,1.0,1.0,1.0,1.0,1.0,1.0,1.0,1.0,1.0,1.0,1.0,0.19199584424495697,51,15,14,18,10,49,16,17,18,34,16,13,28
934,0.5454545454545454,0.5555555555555556,0.42857142857142855,0.5555555555555556,0.4,0.53125,0.3333333333333333,1.0,0.3,0.5833333333333334,0.4444444444444444,0.75,0.5,1.3546960353851318,33,9,7,9,5,32,12,11,10,24,9,8,20,1.0,1.0,1.0,1.0,1.0,1.0,1.0,1.0,1.0,1.0,1.0,1.0,1.0,0.19729262590408325,51,15,14,18,10,49,16,17,18,34,16,13,28
935,0.5151515151515151,0.4444444444444444,0.42857142857142855,0.5555555555555556,0.4,0.5,0.3333333333333333,1.0,0.2,0.5416666666666666,0.4444444444444444,0.75,0.5,1.4494388103485107,33,9,7,9,5,32,12,11,10,24,9,8,20,1.0,1.0,1.0,1.0,1.0,1.0,1.0,1.0,1.0,1.0,1.0,1.0,1.0,0.18707358837127686,51,15,14,18,10,49,16,17,18,34,16,13,28
936,0.5151515151515151,0.4444444444444444,0.42857142857142855,0.5555555555555556,0.4,0.5,0.3333333333333333,1.0,0.2,0.5416666666666666,0.4444444444444444,0.75,0.5,1.4467253684997559,33,9,7,9,5,32,12,11,10,24,9,8,20,1.0,1.0,1.0,1.0,1.0,1.0,1.0,1.0,1.0,1.0,1.0,1.0,1.0,0.1933666616678238,51,15,14,18,10,49,16,17,18,34,16,13,28
937,0.5454545454545454,0.5555555555555556,0.42857142857142855,0.5555555555555556,0.4,0.53125,0.3333333333333333,1.0,0.3,0.5833333333333334,0.4444444444444444,0.75,0.5,1.3490641117095947,33,9,7,9,5,32,12,11,10,24,9,8,20,1.0,1.0,1.0,1.0,1.0,1.0,1.0,1.0,1.0,1.0,1.0,1.0,1.0,0.19435983896255493,51,15,14,18,10,49,16,17,18,34,16,13,28
938,0.5454545454545454,0.5555555555555556,0.42857142857142855,0.5555555555555556,0.4,0.53125,0.3333333333333333,1.0,0.3,0.5833333333333334,0.4444444444444444,0.75,0.5,1.3375684022903442,33,9,7,9,5,32,12,11,10,24,9,8,20,1.0,1.0,1.0,1.0,1.0,1.0,1.0,1.0,1.0,1.0,1.0,1.0,1.0,0.194798544049263,51,15,14,18,10,49,16,17,18,34,16,13,28
939,0.5151515151515151,0.4444444444444444,0.42857142857142855,0.5555555555555556,0.4,0.5,0.3333333333333333,1.0,0.2,0.5416666666666666,0.4444444444444444,0.75,0.5,1.4570893049240112,33,9,7,9,5,32,12,11,10,24,9,8,20,1.0,1.0,1.0,1.0,1.0,1.0,1.0,1.0,1.0,1.0,1.0,1.0,1.0,0.19925884902477264,51,15,14,18,10,49,16,17,18,34,16,13,28
940,0.48484848484848486,0.4444444444444444,0.42857142857142855,0.5555555555555556,0.4,0.46875,0.25,1.0,0.2,0.5,0.4444444444444444,0.75,0.45,1.4687327146530151,33,9,7,9,5,32,12,11,10,24,9,8,20,1.0,1.0,1.0,1.0,1.0,1.0,1.0,1.0,1.0,1.0,1.0,1.0,1.0,0.19789859652519226,51,15,14,18,10,49,16,17,18,34,16,13,28
941,0.5454545454545454,0.5555555555555556,0.42857142857142855,0.5555555555555556,0.4,0.53125,0.3333333333333333,1.0,0.3,0.5833333333333334,0.4444444444444444,0.75,0.5,1.344749927520752,33,9,7,9,5,32,12,11,10,24,9,8,20,1.0,1.0,1.0,1.0,1.0,1.0,1.0,1.0,1.0,1.0,1.0,1.0,1.0,0.1924571543931961,51,15,14,18,10,49,16,17,18,34,16,13,28
942,0.5454545454545454,0.5555555555555556,0.42857142857142855,0.5555555555555556,0.4,0.53125,0.3333333333333333,1.0,0.3,0.5833333333333334,0.4444444444444444,0.75,0.5,1.3245351314544678,33,9,7,9,5,32,12,11,10,24,9,8,20,1.0,1.0,1.0,1.0,1.0,1.0,1.0,1.0,1.0,1.0,1.0,1.0,1.0,0.1873488873243332,51,15,14,18,10,49,16,17,18,34,16,13,28
943,0.5151515151515151,0.5555555555555556,0.42857142857142855,0.5555555555555556,0.4,0.5,0.25,1.0,0.3,0.5416666666666666,0.4444444444444444,0.75,0.45,1.4565335512161255,33,9,7,9,5,32,12,11,10,24,9,8,20,1.0,1.0,1.0,1.0,1.0,1.0,1.0,1.0,1.0,1.0,1.0,1.0,1.0,0.19605228304862976,51,15,14,18,10,49,16,17,18,34,16,13,28
944,0.48484848484848486,0.4444444444444444,0.42857142857142855,0.5555555555555556,0.4,0.46875,0.25,1.0,0.2,0.5,0.4444444444444444,0.75,0.45,1.4766602516174316,33,9,7,9,5,32,12,11,10,24,9,8,20,1.0,1.0,1.0,1.0,1.0,1.0,1.0,1.0,1.0,1.0,1.0,1.0,1.0,0.1912996470928192,51,15,14,18,10,49,16,17,18,34,16,13,28
945,0.5454545454545454,0.5555555555555556,0.42857142857142855,0.5555555555555556,0.4,0.53125,0.3333333333333333,1.0,0.3,0.5833333333333334,0.4444444444444444,0.75,0.5,1.320713758468628,33,9,7,9,5,32,12,11,10,24,9,8,20,1.0,1.0,1.0,1.0,1.0,1.0,1.0,1.0,1.0,1.0,1.0,1.0,1.0,0.19578967988491058,51,15,14,18,10,49,16,17,18,34,16,13,28
946,0.5454545454545454,0.5555555555555556,0.42857142857142855,0.5555555555555556,0.4,0.53125,0.3333333333333333,1.0,0.3,0.5833333333333334,0.4444444444444444,0.75,0.5,1.3303396701812744,33,9,7,9,5,32,12,11,10,24,9,8,20,1.0,1.0,1.0,1.0,1.0,1.0,1.0,1.0,1.0,1.0,1.0,1.0,1.0,0.19152143597602844,51,15,14,18,10,49,16,17,18,34,16,13,28
947,0.48484848484848486,0.4444444444444444,0.42857142857142855,0.5555555555555556,0.4,0.46875,0.25,1.0,0.2,0.5,0.4444444444444444,0.75,0.45,1.479109287261963,33,9,7,9,5,32,12,11,10,24,9,8,20,1.0,1.0,1.0,1.0,1.0,1.0,1.0,1.0,1.0,1.0,1.0,1.0,1.0,0.18679478764533997,51,15,14,18,10,49,16,17,18,34,16,13,28
948,0.48484848484848486,0.4444444444444444,0.42857142857142855,0.5555555555555556,0.4,0.46875,0.25,1.0,0.2,0.5,0.4444444444444444,0.75,0.45,1.4871947765350342,33,9,7,9,5,32,12,11,10,24,9,8,20,1.0,1.0,1.0,1.0,1.0,1.0,1.0,1.0,1.0,1.0,1.0,1.0,1.0,0.1921728104352951,51,15,14,18,10,49,16,17,18,34,16,13,28
949,0.5454545454545454,0.5555555555555556,0.42857142857142855,0.5555555555555556,0.4,0.53125,0.3333333333333333,1.0,0.3,0.5833333333333334,0.4444444444444444,0.75,0.5,1.352660894393921,33,9,7,9,5,32,12,11,10,24,9,8,20,1.0,1.0,1.0,1.0,1.0,1.0,1.0,1.0,1.0,1.0,1.0,1.0,1.0,0.1945984810590744,51,15,14,18,10,49,16,17,18,34,16,13,28
950,0.5454545454545454,0.5555555555555556,0.42857142857142855,0.5555555555555556,0.4,0.53125,0.3333333333333333,1.0,0.3,0.5833333333333334,0.4444444444444444,0.75,0.5,1.3240084648132324,33,9,7,9,5,32,12,11,10,24,9,8,20,1.0,1.0,1.0,1.0,1.0,1.0,1.0,1.0,1.0,1.0,1.0,1.0,1.0,0.19402927160263062,51,15,14,18,10,49,16,17,18,34,16,13,28
951,0.48484848484848486,0.4444444444444444,0.42857142857142855,0.5555555555555556,0.4,0.46875,0.25,1.0,0.2,0.5,0.4444444444444444,0.75,0.45,1.469201922416687,33,9,7,9,5,32,12,11,10,24,9,8,20,1.0,1.0,1.0,1.0,1.0,1.0,1.0,1.0,1.0,1.0,1.0,1.0,1.0,0.1913900524377823,51,15,14,18,10,49,16,17,18,34,16,13,28
952,0.48484848484848486,0.4444444444444444,0.42857142857142855,0.5555555555555556,0.4,0.46875,0.25,1.0,0.2,0.5,0.4444444444444444,0.75,0.45,1.4854743480682373,33,9,7,9,5,32,12,11,10,24,9,8,20,1.0,1.0,1.0,1.0,1.0,1.0,1.0,1.0,1.0,1.0,1.0,1.0,1.0,0.18955402076244354,51,15,14,18,10,49,16,17,18,34,16,13,28
953,0.5454545454545454,0.5555555555555556,0.42857142857142855,0.5555555555555556,0.4,0.53125,0.3333333333333333,1.0,0.3,0.5833333333333334,0.4444444444444444,0.75,0.5,1.3581781387329102,33,9,7,9,5,32,12,11,10,24,9,8,20,1.0,1.0,1.0,1.0,1.0,1.0,1.0,1.0,1.0,1.0,1.0,1.0,1.0,0.19028134644031525,51,15,14,18,10,49,16,17,18,34,16,13,28
954,0.5454545454545454,0.5555555555555556,0.42857142857142855,0.5555555555555556,0.4,0.53125,0.3333333333333333,1.0,0.3,0.5833333333333334,0.4444444444444444,0.75,0.5,1.3507733345031738,33,9,7,9,5,32,12,11,10,24,9,8,20,1.0,1.0,1.0,1.0,1.0,1.0,1.0,1.0,1.0,1.0,1.0,1.0,1.0,0.18554629385471344,51,15,14,18,10,49,16,17,18,34,16,13,28
955,0.5454545454545454,0.5555555555555556,0.42857142857142855,0.5555555555555556,0.4,0.53125,0.3333333333333333,1.0,0.3,0.5833333333333334,0.4444444444444444,0.75,0.5,1.4277797937393188,33,9,7,9,5,32,12,11,10,24,9,8,20,1.0,1.0,1.0,1.0,1.0,1.0,1.0,1.0,1.0,1.0,1.0,1.0,1.0,0.18621952831745148,51,15,14,18,10,49,16,17,18,34,16,13,28
956,0.5151515151515151,0.4444444444444444,0.42857142857142855,0.5555555555555556,0.4,0.5,0.3333333333333333,1.0,0.2,0.5416666666666666,0.4444444444444444,0.75,0.5,1.444223403930664,33,9,7,9,5,32,12,11,10,24,9,8,20,1.0,1.0,1.0,1.0,1.0,1.0,1.0,1.0,1.0,1.0,1.0,1.0,1.0,0.18746133148670197,51,15,14,18,10,49,16,17,18,34,16,13,28
957,0.5454545454545454,0.5555555555555556,0.42857142857142855,0.5555555555555556,0.4,0.53125,0.3333333333333333,1.0,0.3,0.5833333333333334,0.4444444444444444,0.75,0.5,1.4063297510147095,33,9,7,9,5,32,12,11,10,24,9,8,20,1.0,1.0,1.0,1.0,1.0,1.0,1.0,1.0,1.0,1.0,1.0,1.0,1.0,0.19293637573719025,51,15,14,18,10,49,16,17,18,34,16,13,28
958,0.5454545454545454,0.5555555555555556,0.42857142857142855,0.5555555555555556,0.4,0.53125,0.3333333333333333,1.0,0.3,0.5833333333333334,0.4444444444444444,0.75,0.5,1.3827804327011108,33,9,7,9,5,32,12,11,10,24,9,8,20,1.0,1.0,1.0,1.0,1.0,1.0,1.0,1.0,1.0,1.0,1.0,1.0,1.0,0.1938789039850235,51,15,14,18,10,49,16,17,18,34,16,13,28
959,0.5454545454545454,0.5555555555555556,0.42857142857142855,0.5555555555555556,0.4,0.53125,0.3333333333333333,1.0,0.3,0.5833333333333334,0.4444444444444444,0.75,0.5,1.3734139204025269,33,9,7,9,5,32,12,11,10,24,9,8,20,1.0,1.0,1.0,1.0,1.0,1.0,1.0,1.0,1.0,1.0,1.0,1.0,1.0,0.18818891048431396,51,15,14,18,10,49,16,17,18,34,16,13,28
960,0.5454545454545454,0.5555555555555556,0.42857142857142855,0.5555555555555556,0.4,0.53125,0.3333333333333333,1.0,0.3,0.5833333333333334,0.4444444444444444,0.75,0.5,1.4098869562149048,33,9,7,9,5,32,12,11,10,24,9,8,20,1.0,1.0,1.0,1.0,1.0,1.0,1.0,1.0,1.0,1.0,1.0,1.0,1.0,0.1861240565776825,51,15,14,18,10,49,16,17,18,34,16,13,28
961,0.5454545454545454,0.5555555555555556,0.42857142857142855,0.5555555555555556,0.4,0.53125,0.3333333333333333,1.0,0.3,0.5833333333333334,0.4444444444444444,0.75,0.5,1.4350917339324951,33,9,7,9,5,32,12,11,10,24,9,8,20,1.0,1.0,1.0,1.0,1.0,1.0,1.0,1.0,1.0,1.0,1.0,1.0,1.0,0.18507260084152222,51,15,14,18,10,49,16,17,18,34,16,13,28
962,0.5454545454545454,0.5555555555555556,0.42857142857142855,0.5555555555555556,0.4,0.53125,0.3333333333333333,1.0,0.3,0.5833333333333334,0.4444444444444444,0.75,0.5,1.4113013744354248,33,9,7,9,5,32,12,11,10,24,9,8,20,1.0,1.0,1.0,1.0,1.0,1.0,1.0,1.0,1.0,1.0,1.0,1.0,1.0,0.18698471784591675,51,15,14,18,10,49,16,17,18,34,16,13,28
963,0.5454545454545454,0.5555555555555556,0.42857142857142855,0.5555555555555556,0.4,0.53125,0.3333333333333333,1.0,0.3,0.5833333333333334,0.4444444444444444,0.75,0.5,1.3789774179458618,33,9,7,9,5,32,12,11,10,24,9,8,20,1.0,1.0,1.0,1.0,1.0,1.0,1.0,1.0,1.0,1.0,1.0,1.0,1.0,0.186405748128891,51,15,14,18,10,49,16,17,18,34,16,13,28
964,0.5454545454545454,0.5555555555555556,0.42857142857142855,0.5555555555555556,0.4,0.53125,0.3333333333333333,1.0,0.3,0.5833333333333334,0.4444444444444444,0.75,0.5,1.3854138851165771,33,9,7,9,5,32,12,11,10,24,9,8,20,1.0,1.0,1.0,1.0,1.0,1.0,1.0,1.0,1.0,1.0,1.0,1.0,1.0,0.1824965626001358,51,15,14,18,10,49,16,17,18,34,16,13,28
965,0.5151515151515151,0.4444444444444444,0.42857142857142855,0.5555555555555556,0.4,0.5,0.3333333333333333,1.0,0.2,0.5416666666666666,0.4444444444444444,0.75,0.5,1.4306015968322754,33,9,7,9,5,32,12,11,10,24,9,8,20,1.0,1.0,1.0,1.0,1.0,1.0,1.0,1.0,1.0,1.0,1.0,1.0,1.0,0.1852743923664093,51,15,14,18,10,49,16,17,18,34,16,13,28
966,0.5454545454545454,0.5555555555555556,0.42857142857142855,0.5555555555555556,0.4,0.53125,0.3333333333333333,1.0,0.3,0.5833333333333334,0.4444444444444444,0.75,0.5,1.4083569049835205,33,9,7,9,5,32,12,11,10,24,9,8,20,1.0,1.0,1.0,1.0,1.0,1.0,1.0,1.0,1.0,1.0,1.0,1.0,1.0,0.17933344841003418,51,15,14,18,10,49,16,17,18,34,16,13,28
967,0.5454545454545454,0.5555555555555556,0.42857142857142855,0.5555555555555556,0.4,0.53125,0.3333333333333333,1.0,0.3,0.5833333333333334,0.4444444444444444,0.75,0.5,1.3961042165756226,33,9,7,9,5,32,12,11,10,24,9,8,20,1.0,1.0,1.0,1.0,1.0,1.0,1.0,1.0,1.0,1.0,1.0,1.0,1.0,0.18011066317558289,51,15,14,18,10,49,16,17,18,34,16,13,28
968,0.5454545454545454,0.5555555555555556,0.42857142857142855,0.5555555555555556,0.4,0.53125,0.3333333333333333,1.0,0.3,0.5833333333333334,0.4444444444444444,0.75,0.5,1.4065861701965332,33,9,7,9,5,32,12,11,10,24,9,8,20,1.0,1.0,1.0,1.0,1.0,1.0,1.0,1.0,1.0,1.0,1.0,1.0,1.0,0.18087318539619446,51,15,14,18,10,49,16,17,18,34,16,13,28
969,0.5454545454545454,0.5555555555555556,0.42857142857142855,0.5555555555555556,0.4,0.53125,0.3333333333333333,1.0,0.3,0.5833333333333334,0.4444444444444444,0.75,0.5,1.4237239360809326,33,9,7,9,5,32,12,11,10,24,9,8,20,1.0,1.0,1.0,1.0,1.0,1.0,1.0,1.0,1.0,1.0,1.0,1.0,1.0,0.19026270508766174,51,15,14,18,10,49,16,17,18,34,16,13,28
970,0.5454545454545454,0.5555555555555556,0.42857142857142855,0.5555555555555556,0.4,0.53125,0.3333333333333333,1.0,0.3,0.5833333333333334,0.4444444444444444,0.75,0.5,1.4286881685256958,33,9,7,9,5,32,12,11,10,24,9,8,20,1.0,1.0,1.0,1.0,1.0,1.0,1.0,1.0,1.0,1.0,1.0,1.0,1.0,0.19113990664482117,51,15,14,18,10,49,16,17,18,34,16,13,28
971,0.5454545454545454,0.5555555555555556,0.42857142857142855,0.5555555555555556,0.4,0.53125,0.3333333333333333,1.0,0.3,0.5833333333333334,0.4444444444444444,0.75,0.5,1.3906251192092896,33,9,7,9,5,32,12,11,10,24,9,8,20,1.0,1.0,1.0,1.0,1.0,1.0,1.0,1.0,1.0,1.0,1.0,1.0,1.0,0.18052516877651215,51,15,14,18,10,49,16,17,18,34,16,13,28
972,0.5454545454545454,0.5555555555555556,0.42857142857142855,0.5555555555555556,0.4,0.53125,0.3333333333333333,1.0,0.3,0.5833333333333334,0.4444444444444444,0.75,0.5,1.4195952415466309,33,9,7,9,5,32,12,11,10,24,9,8,20,1.0,1.0,1.0,1.0,1.0,1.0,1.0,1.0,1.0,1.0,1.0,1.0,1.0,0.18440471589565277,51,15,14,18,10,49,16,17,18,34,16,13,28
973,0.5454545454545454,0.5555555555555556,0.42857142857142855,0.5555555555555556,0.4,0.53125,0.3333333333333333,1.0,0.3,0.5833333333333334,0.4444444444444444,0.75,0.5,1.4032071828842163,33,9,7,9,5,32,12,11,10,24,9,8,20,1.0,1.0,1.0,1.0,1.0,1.0,1.0,1.0,1.0,1.0,1.0,1.0,1.0,0.18788285553455353,51,15,14,18,10,49,16,17,18,34,16,13,28
974,0.5454545454545454,0.5555555555555556,0.42857142857142855,0.5555555555555556,0.4,0.53125,0.3333333333333333,1.0,0.3,0.5833333333333334,0.4444444444444444,0.75,0.5,1.3900829553604126,33,9,7,9,5,32,12,11,10,24,9,8,20,1.0,1.0,1.0,1.0,1.0,1.0,1.0,1.0,1.0,1.0,1.0,1.0,1.0,0.17994306981563568,51,15,14,18,10,49,16,17,18,34,16,13,28
975,0.5454545454545454,0.5555555555555556,0.42857142857142855,0.5555555555555556,0.4,0.53125,0.3333333333333333,1.0,0.3,0.5833333333333334,0.4444444444444444,0.75,0.5,1.4128574132919312,33,9,7,9,5,32,12,11,10,24,9,8,20,1.0,1.0,1.0,1.0,1.0,1.0,1.0,1.0,1.0,1.0,1.0,1.0,1.0,0.17856578528881073,51,15,14,18,10,49,16,17,18,34,16,13,28
976,0.5454545454545454,0.5555555555555556,0.42857142857142855,0.5555555555555556,0.4,0.53125,0.3333333333333333,1.0,0.3,0.5833333333333334,0.4444444444444444,0.75,0.5,1.4286456108093262,33,9,7,9,5,32,12,11,10,24,9,8,20,1.0,1.0,1.0,1.0,1.0,1.0,1.0,1.0,1.0,1.0,1.0,1.0,1.0,0.188252791762352,51,15,14,18,10,49,16,17,18,34,16,13,28
977,0.5454545454545454,0.5555555555555556,0.42857142857142855,0.5555555555555556,0.4,0.53125,0.3333333333333333,1.0,0.3,0.5833333333333334,0.4444444444444444,0.75,0.5,1.409697413444519,33,9,7,9,5,32,12,11,10,24,9,8,20,1.0,1.0,1.0,1.0,1.0,1.0,1.0,1.0,1.0,1.0,1.0,1.0,1.0,0.1837899088859558,51,15,14,18,10,49,16,17,18,34,16,13,28
978,0.5454545454545454,0.5555555555555556,0.42857142857142855,0.5555555555555556,0.4,0.53125,0.3333333333333333,1.0,0.3,0.5833333333333334,0.4444444444444444,0.75,0.5,1.4335049390792847,33,9,7,9,5,32,12,11,10,24,9,8,20,1.0,1.0,1.0,1.0,1.0,1.0,1.0,1.0,1.0,1.0,1.0,1.0,1.0,0.18043796718120575,51,15,14,18,10,49,16,17,18,34,16,13,28
979,0.5454545454545454,0.5555555555555556,0.42857142857142855,0.5555555555555556,0.4,0.53125,0.3333333333333333,1.0,0.3,0.5833333333333334,0.4444444444444444,0.75,0.5,1.400222659111023,33,9,7,9,5,32,12,11,10,24,9,8,20,1.0,1.0,1.0,1.0,1.0,1.0,1.0,1.0,1.0,1.0,1.0,1.0,1.0,0.1775187849998474,51,15,14,18,10,49,16,17,18,34,16,13,28
980,0.5151515151515151,0.4444444444444444,0.42857142857142855,0.5555555555555556,0.4,0.5,0.3333333333333333,1.0,0.2,0.5416666666666666,0.4444444444444444,0.75,0.5,1.4462343454360962,33,9,7,9,5,32,12,11,10,24,9,8,20,1.0,1.0,1.0,1.0,1.0,1.0,1.0,1.0,1.0,1.0,1.0,1.0,1.0,0.18467453122138977,51,15,14,18,10,49,16,17,18,34,16,13,28
981,0.5151515151515151,0.4444444444444444,0.42857142857142855,0.5555555555555556,0.4,0.5,0.3333333333333333,1.0,0.2,0.5416666666666666,0.4444444444444444,0.75,0.5,1.4319071769714355,33,9,7,9,5,32,12,11,10,24,9,8,20,1.0,1.0,1.0,1.0,1.0,1.0,1.0,1.0,1.0,1.0,1.0,1.0,1.0,0.18372491002082825,51,15,14,18,10,49,16,17,18,34,16,13,28
982,0.5454545454545454,0.5555555555555556,0.42857142857142855,0.5555555555555556,0.4,0.53125,0.3333333333333333,1.0,0.3,0.5833333333333334,0.4444444444444444,0.75,0.5,1.4014145135879517,33,9,7,9,5,32,12,11,10,24,9,8,20,1.0,1.0,1.0,1.0,1.0,1.0,1.0,1.0,1.0,1.0,1.0,1.0,1.0,0.1811683177947998,51,15,14,18,10,49,16,17,18,34,16,13,28
983,0.5454545454545454,0.5555555555555556,0.42857142857142855,0.5555555555555556,0.4,0.53125,0.3333333333333333,1.0,0.3,0.5833333333333334,0.4444444444444444,0.75,0.5,1.4018834829330444,33,9,7,9,5,32,12,11,10,24,9,8,20,1.0,1.0,1.0,1.0,1.0,1.0,1.0,1.0,1.0,1.0,1.0,1.0,1.0,0.18826478719711304,51,15,14,18,10,49,16,17,18,34,16,13,28
984,0.5151515151515151,0.4444444444444444,0.42857142857142855,0.5555555555555556,0.4,0.5,0.3333333333333333,1.0,0.2,0.5416666666666666,0.4444444444444444,0.75,0.5,1.4525548219680786,33,9,7,9,5,32,12,11,10,24,9,8,20,1.0,1.0,1.0,1.0,1.0,1.0,1.0,1.0,1.0,1.0,1.0,1.0,1.0,0.17995381355285645,51,15,14,18,10,49,16,17,18,34,16,13,28
985,0.5151515151515151,0.4444444444444444,0.42857142857142855,0.5555555555555556,0.4,0.5,0.3333333333333333,1.0,0.2,0.5416666666666666,0.4444444444444444,0.75,0.5,1.4249494075775146,33,9,7,9,5,32,12,11,10,24,9,8,20,1.0,1.0,1.0,1.0,1.0,1.0,1.0,1.0,1.0,1.0,1.0,1.0,1.0,0.1860557198524475,51,15,14,18,10,49,16,17,18,34,16,13,28
986,0.5454545454545454,0.5555555555555556,0.42857142857142855,0.5555555555555556,0.4,0.53125,0.3333333333333333,1.0,0.3,0.5833333333333334,0.4444444444444444,0.75,0.5,1.3756190538406372,33,9,7,9,5,32,12,11,10,24,9,8,20,1.0,1.0,1.0,1.0,1.0,1.0,1.0,1.0,1.0,1.0,1.0,1.0,1.0,0.17941898107528687,51,15,14,18,10,49,16,17,18,34,16,13,28
987,0.5454545454545454,0.5555555555555556,0.42857142857142855,0.5555555555555556,0.4,0.53125,0.3333333333333333,1.0,0.3,0.5833333333333334,0.4444444444444444,0.75,0.5,1.402284860610962,33,9,7,9,5,32,12,11,10,24,9,8,20,1.0,1.0,1.0,1.0,1.0,1.0,1.0,1.0,1.0,1.0,1.0,1.0,1.0,0.18069449067115784,51,15,14,18,10,49,16,17,18,34,16,13,28
988,0.5151515151515151,0.4444444444444444,0.42857142857142855,0.5555555555555556,0.4,0.5,0.3333333333333333,1.0,0.2,0.5416666666666666,0.4444444444444444,0.75,0.5,1.491066813468933,33,9,7,9,5,32,12,11,10,24,9,8,20,1.0,1.0,1.0,1.0,1.0,1.0,1.0,1.0,1.0,1.0,1.0,1.0,1.0,0.1782202571630478,51,15,14,18,10,49,16,17,18,34,16,13,28
989,0.5151515151515151,0.4444444444444444,0.42857142857142855,0.5555555555555556,0.4,0.5,0.3333333333333333,1.0,0.2,0.5416666666666666,0.4444444444444444,0.75,0.5,1.4693942070007324,33,9,7,9,5,32,12,11,10,24,9,8,20,1.0,1.0,1.0,1.0,1.0,1.0,1.0,1.0,1.0,1.0,1.0,1.0,1.0,0.18844956159591675,51,15,14,18,10,49,16,17,18,34,16,13,28
990,0.5454545454545454,0.5555555555555556,0.42857142857142855,0.5555555555555556,0.4,0.53125,0.3333333333333333,1.0,0.3,0.5833333333333334,0.4444444444444444,0.75,0.5,1.3718898296356201,33,9,7,9,5,32,12,11,10,24,9,8,20,1.0,1.0,1.0,1.0,1.0,1.0,1.0,1.0,1.0,1.0,1.0,1.0,1.0,0.18646831810474396,51,15,14,18,10,49,16,17,18,34,16,13,28
991,0.5454545454545454,0.5555555555555556,0.42857142857142855,0.5555555555555556,0.4,0.53125,0.3333333333333333,1.0,0.3,0.5833333333333334,0.4444444444444444,0.75,0.5,1.371924877166748,33,9,7,9,5,32,12,11,10,24,9,8,20,1.0,1.0,1.0,1.0,1.0,1.0,1.0,1.0,1.0,1.0,1.0,1.0,1.0,0.1791660040616989,51,15,14,18,10,49,16,17,18,34,16,13,28
992,0.5151515151515151,0.4444444444444444,0.42857142857142855,0.5555555555555556,0.4,0.5,0.3333333333333333,1.0,0.2,0.5416666666666666,0.4444444444444444,0.75,0.5,1.4963040351867676,33,9,7,9,5,32,12,11,10,24,9,8,20,1.0,1.0,1.0,1.0,1.0,1.0,1.0,1.0,1.0,1.0,1.0,1.0,1.0,0.18137164413928986,51,15,14,18,10,49,16,17,18,34,16,13,28
993,0.5151515151515151,0.4444444444444444,0.42857142857142855,0.5555555555555556,0.4,0.5,0.3333333333333333,1.0,0.2,0.5416666666666666,0.4444444444444444,0.75,0.5,1.4896485805511475,33,9,7,9,5,32,12,11,10,24,9,8,20,1.0,1.0,1.0,1.0,1.0,1.0,1.0,1.0,1.0,1.0,1.0,1.0,1.0,0.18558944761753082,51,15,14,18,10,49,16,17,18,34,16,13,28
994,0.5454545454545454,0.5555555555555556,0.42857142857142855,0.5555555555555556,0.4,0.53125,0.3333333333333333,1.0,0.3,0.5833333333333334,0.4444444444444444,0.75,0.5,1.3723770380020142,33,9,7,9,5,32,12,11,10,24,9,8,20,1.0,1.0,1.0,1.0,1.0,1.0,1.0,1.0,1.0,1.0,1.0,1.0,1.0,0.17898260056972504,51,15,14,18,10,49,16,17,18,34,16,13,28
995,0.5454545454545454,0.5555555555555556,0.42857142857142855,0.5555555555555556,0.4,0.53125,0.3333333333333333,1.0,0.3,0.5833333333333334,0.4444444444444444,0.75,0.5,1.3596566915512085,33,9,7,9,5,32,12,11,10,24,9,8,20,1.0,1.0,1.0,1.0,1.0,1.0,1.0,1.0,1.0,1.0,1.0,1.0,1.0,0.17973323166370392,51,15,14,18,10,49,16,17,18,34,16,13,28
996,0.5151515151515151,0.4444444444444444,0.42857142857142855,0.5555555555555556,0.4,0.5,0.3333333333333333,1.0,0.2,0.5416666666666666,0.4444444444444444,0.75,0.5,1.5173145532608032,33,9,7,9,5,32,12,11,10,24,9,8,20,1.0,1.0,1.0,1.0,1.0,1.0,1.0,1.0,1.0,1.0,1.0,1.0,1.0,0.18154093623161316,51,15,14,18,10,49,16,17,18,34,16,13,28
997,0.48484848484848486,0.4444444444444444,0.42857142857142855,0.5555555555555556,0.4,0.46875,0.25,1.0,0.2,0.5,0.4444444444444444,0.75,0.45,1.5447415113449097,33,9,7,9,5,32,12,11,10,24,9,8,20,1.0,1.0,1.0,1.0,1.0,1.0,1.0,1.0,1.0,1.0,1.0,1.0,1.0,0.18201430141925812,51,15,14,18,10,49,16,17,18,34,16,13,28
998,0.5454545454545454,0.5555555555555556,0.42857142857142855,0.5555555555555556,0.4,0.53125,0.3333333333333333,1.0,0.3,0.5833333333333334,0.4444444444444444,0.75,0.5,1.345516562461853,33,9,7,9,5,32,12,11,10,24,9,8,20,1.0,1.0,1.0,1.0,1.0,1.0,1.0,1.0,1.0,1.0,1.0,1.0,1.0,0.18054324388504028,51,15,14,18,10,49,16,17,18,34,16,13,28
999,0.5454545454545454,0.5555555555555556,0.42857142857142855,0.5555555555555556,0.4,0.53125,0.3333333333333333,1.0,0.3,0.5833333333333334,0.4444444444444444,0.75,0.5,1.3445618152618408,33,9,7,9,5,32,12,11,10,24,9,8,20,1.0,1.0,1.0,1.0,1.0,1.0,1.0,1.0,1.0,1.0,1.0,1.0,1.0,0.18431472778320312,51,15,14,18,10,49,16,17,18,34,16,13,28
1000,0.48484848484848486,0.4444444444444444,0.42857142857142855,0.5555555555555556,0.4,0.46875,0.25,1.0,0.2,0.5,0.4444444444444444,0.75,0.45,1.527356505393982,33,9,7,9,5,32,12,11,10,24,9,8,20,1.0,1.0,1.0,1.0,1.0,1.0,1.0,1.0,1.0,1.0,1.0,1.0,1.0,0.18641582131385803,51,15,14,18,10,49,16,17,18,34,16,13,28
